199508010107
199506010112
199508010103
199508010112
199508010108
199508010105
199508010110
199506010105
199506010109
199506010106
199508010104
199506010108
199508010111
199508010102
199506010101
199506010104
199506010110
199506010103
199508010109
199506010111
199506010102
199508010101
199508010106
199506010107
199508010210
199506010201
199508010204
199508010206
199506010206
199506010208
199506010211
199506010210
199506010202
199508010205
199508010209
199508010202
199508010201
199506010209
199506010204
199508010207
199506010205
199506010212
199508010212
199508010208
199506010203
199508010203
199506010207
199508010211
199508010308
199506010304
199508010309
199508010306
199508010302
199508010307
199508010312
199508010311
199506010305
199506010301
199506010309
199506010308
199506010302
199508010305
199508010310
199506010310
199506010312
199508010303
199508010301
199506010303
199506010311
199506010306
199506010307
199508010304
199506010406
199506010409
199506010403
199506010407
199508010408
199508010402
199508010406
199506010405
199508010412
199508010411
199508010405
199508010410
199508010404
199508010403
199506010404
199506010410
199506010402
199508010407
199508010409
199508010401
199506010412
199506010401
199506010408
199506010411
199508010502
199506010501
199508010501
199506010511
199508010511
199506010508
199506010502
199508010503
199508010507
199508010508
199506010504
199508010505
199508010506
199506010503
199508010509
199508010510
199506010509
199508010504
199508010512
199506010506
199506010505
199506010512
199506010507
199506010510
199506010605
199506010601
199508010603
199506010603
199506010608
199508010604
199506010604
199508010602
199506010606
199506010612
199508010609
199508010607
199508010610
199506010602
199508010606
199508010601
199508010611
199506010611
199506010609
199508010608
199508010612
199506010610
199508010605
199506010607
199506010706
199506010701
199506010704
199506010708
199506010702
199506010709
199506010712
199506010705
199506010710
199506010711
199506010703
199506010707
199506010812
199506010807
199506010802
199506010805
199506010809
199506010810
199506010806
199506010804
199506010811
199506010803
199506010801
199506010808
199505010111
199510010109
199508020111
199508020109
199508020105
199505010112
199508020108
199508020102
199505010107
199510010106
199510010111
199508020101
199505010105
199508020104
199505010108
199505010106
199505010109
199508020110
199505010104
199508020112
199508020106
199505010101
199505010103
199510010103
199510010102
199510010108
199510010105
199510010110
199508020107
199510010101
199505010102
199508020103
199505010110
199510010104
199510010107
199510010112
199510010205
199510010210
199505010207
199505010210
199505010211
199505010202
199505010209
199510010208
199508020204
199510010206
199505010204
199505010212
199505010205
199510010204
199510010211
199508020212
199505010206
199508020203
199505010208
199508020210
199510010212
199508020205
199508020206
199510010203
199510010207
199508020201
199510010201
199508020209
199508020208
199510010202
199508020207
199505010201
199508020211
199505010203
199510010209
199508020202
199510010309
199508020304
199508020301
199505010311
199508020306
199510010305
199510010311
199505010308
199508020305
199505010307
199508020309
199510010308
199508020303
199505010310
199510010302
199505010309
199508020310
199508020302
199505010301
199505010312
199510010312
199510010301
199505010305
199508020311
199508020308
199510010303
199510010306
199508020312
199505010302
199508020307
199510010304
199505010304
199510010307
199510010310
199505010306
199505010303
199505010404
199505010407
199505010401
199510010403
199508020406
199508020410
199510010405
199510010409
199510010410
199505010402
199508020405
199510010406
199510010408
199505010412
199505010409
199510010401
199505010405
199510010412
199505010408
199508020411
199510010402
199508020407
199508020404
199508020401
199510010407
199508020409
199508020403
199505010406
199505010410
199508020402
199510010404
199510010411
199505010403
199505010411
199508020408
199508020412
199505010509
199508020503
199510010510
199508020508
199508020501
199505010512
199505010501
199508020504
199510010512
199505010511
199508020506
199505010504
199508020511
199508020512
199510010511
199510010507
199505010503
199508020507
199505010502
199505010508
199510010505
199510010502
199510010506
199505010505
199510010508
199510010509
199505010506
199508020502
199508020509
199510010503
199510010504
199510010501
199508020510
199508020505
199505010507
199505010510
199510010607
199505010606
199508020603
199508020611
199508020606
199508020602
199505010604
199505010601
199508020601
199505010602
199510010611
199505010612
199508020609
199508020612
199510010601
199508020604
199505010609
199505010610
199510010604
199510010609
199510010606
199508020608
199510010603
199505010611
199505010603
199510010602
199508020610
199510010605
199508020607
199508020605
199510010612
199510010610
199510010608
199505010608
199505010605
199505010607
199505010702
199505010712
199508020708
199510010705
199510010707
199510010706
199505010710
199505010704
199505010703
199510010710
199510010704
199510010703
199508020701
199508020705
199505010706
199505010707
199505010701
199505010708
199510010711
199508020706
199510010708
199510010712
199508020711
199508020704
199505010705
199510010709
199508020709
199508020702
199508020712
199505010711
199508020710
199508020707
199510010701
199510010702
199505010709
199508020703
199508020809
199505010803
199508020812
199510010802
199510010809
199505010801
199505010812
199510010811
199505010808
199510010803
199508020801
199508020803
199510010805
199508020810
199510010812
199508020806
199508020802
199508020804
199508020807
199510010807
199505010809
199510010810
199510010808
199505010807
199505010811
199505010802
199508020808
199505010804
199508020811
199510010804
199505010805
199510010806
199505010810
199510010801
199505010806
199508020805
199508030106
199506020102
199506020103
199506020108
199508030103
199508030111
199508030112
199506020105
199506020104
199508030102
199506020111
199508030108
199506020106
199508030107
199508030105
199508030104
199508030109
199506020107
199506020109
199506020112
199508030101
199506020101
199508030110
199506020110
199508030204
199508030211
199508030202
199508030209
199506020203
199506020208
199508030212
199506020202
199506020201
199506020211
199506020212
199506020210
199508030205
199508030210
199506020209
199508030201
199508030207
199508030203
199506020206
199508030206
199506020207
199508030208
199506020204
199506020302
199507010111
199506020312
199508030304
199508030302
199506020310
199508030310
199508030312
199508030306
199506020311
199508030303
199507010106
199508030301
199506020308
199508030305
199507010108
199506020309
199507010101
199506020307
199507010103
199506020304
199507010105
199508030308
199507010104
199507010110
199508030307
199506020303
199506020306
199508030309
199507010112
199508030311
199507010107
199507010102
199506020301
199507010109
199508030407
199506020402
199506020408
199508030411
199507010207
199507010208
199506020407
199507010209
199508030412
199507010203
199506020401
199506020409
199508030406
199508030410
199507010202
199506020406
199508030402
199508030401
199506020411
199507010201
199508030405
199507010211
199506020404
199506020412
199507010210
199506020410
199508030404
199506020403
199506020405
199507010206
199508030408
199507010212
199507010204
199508030403
199507010205
199508030409
199507010301
199507010303
199507010311
199508030507
199507010306
199508030511
199506020509
199507010309
199506020501
199508030508
199507010308
199506020512
199507010312
199507010307
199508030512
199507010305
199506020510
199508030505
199506020507
199507010304
199506020508
199507010310
199506020511
199508030509
199506020505
199508030510
199506020504
199506020502
199508030502
199508030501
199508030504
199506020506
199508030503
199506020503
199508030506
199507010302
199506020609
199506020605
199507010410
199506020608
199506020607
199507010408
199507010402
199507010406
199508030605
199507010409
199506020603
199506020611
199506020601
199508030607
199508030602
199506020604
199506020610
199508030606
199508030601
199508030604
199507010412
199508030611
199508030610
199506020606
199508030612
199507010405
199507010407
199508030609
199507010403
199506020612
199508030603
199506020602
199507010411
199508030608
199507010404
199507010401
199506020704
199507010508
199506020707
199507010510
199507010511
199507010502
199508030704
199508030708
199508030707
199507010501
199508030706
199506020711
199506020702
199508030701
199506020706
199506020701
199508030702
199506020705
199507010504
199506020703
199506020710
199506020712
199507010503
199507010512
199507010505
199508030705
199508030709
199507010507
199508030712
199507010509
199506020708
199508030710
199508030703
199506020709
199507010506
199508030711
199508030809
199506020811
199506020806
199506020807
199508030805
199506020808
199508030804
199507010611
199508030811
199507010605
199508030803
199506020812
199508030802
199506020804
199508030801
199507010602
199506020810
199508030808
199508030812
199506020803
199507010601
199506020802
199507010603
199508030810
199506020805
199506020801
199507010610
199507010612
199507010606
199506020809
199507010609
199508030806
199507010607
199507010608
199508030807
199507010604
199508040107
199508040110
199508040109
199507010709
199506030109
199508040104
199506030111
199507010707
199506030104
199507010706
199507010710
199508040106
199506030103
199508040105
199507010711
199506030102
199507010703
199507010704
199507010705
199507010708
199508040112
199506030106
199507010701
199508040101
199506030107
199508040108
199506030112
199507010712
199506030105
199508040111
199508040103
199506030108
199506030110
199506030101
199508040102
199507010702
199507010801
199508040208
199507010803
199508040203
199506030212
199507010811
199508040204
199506030208
199507010810
199508040210
199506030203
199506030202
199506030210
199506030211
199506030206
199507010804
199508040205
199506030201
199507010805
199507010807
199508040207
199508040209
199507010806
199507010808
199506030204
199506030207
199506030205
199507010812
199507010809
199508040211
199508040212
199508040206
199508040202
199506030209
199508040201
199507010802
199508040308
199508040309
199508040312
199508040307
199506030306
199508040304
199506030303
199508040301
199506030309
199508040311
199508040310
199508040305
199508040302
199506030307
199506030311
199506030310
199506030301
199508040306
199508040303
199506030304
199506030312
199506030302
199506030305
199506030308
199508040412
199506030402
199506030411
199508040404
199506030401
199506030412
199508040401
199506030403
199508040410
199508040406
199508040402
199508040408
199508040407
199506030404
199508040405
199506030405
199506030410
199506030407
199508040409
199506030408
199508040403
199506030409
199508040411
199506030406
199506030504
199506030507
199508040508
199506030508
199508040503
199506030506
199508040506
199508040507
199508040512
199508040510
199508040504
199506030505
199506030512
199506030501
199506030510
199506030511
199506030502
199508040509
199506030509
199506030503
199508040505
199508040501
199508040511
199508040502
199506030608
199508040603
199508040611
199508040604
199508040606
199508040607
199508040609
199506030605
199506030609
199506030610
199506030611
199506030603
199506030607
199506030606
199508040602
199508040605
199508040601
199506030602
199508040610
199506030612
199508040608
199506030601
199506030604
199506030711
199508040703
199506030706
199508040708
199506030701
199508040710
199506030704
199506030703
199508040709
199506030707
199508040711
199506030708
199506030702
199508040702
199506030712
199508040701
199508040706
199506030705
199506030709
199508040712
199508040707
199508040705
199508040704
199506030710
199506030802
199506030806
199508040809
199506030807
199506030811
199508040801
199506030801
199508040805
199508040804
199506030805
199508040812
199508040802
199508040807
199506030809
199506030803
199506030808
199508040803
199508040811
199508040810
199506030810
199506030804
199508040808
199508040806
199508050104
199505020108
199505020102
199508050108
199505020110
199508050103
199503010111
199503010104
199505020105
199505020104
199503010107
199503010112
199505020101
199503010110
199505020111
199508050110
199508050111
199503010105
199505020106
199508050101
199503010108
199508050102
199503010109
199508050107
199503010102
199505020103
199508050109
199508050105
199503010106
199508050112
199505020109
199505020107
199505020112
199503010101
199503010103
199508050106
199505020211
199505020204
199508050206
199503010202
199505020201
199503010208
199508050210
199508050204
199505020210
199505020207
199508050205
199503010205
199508050201
199505020202
199505020203
199508050208
199503010203
199503010211
199508050202
199503010210
199503010207
199505020212
199505020208
199505020209
199505020206
199503010212
199503010204
199503010209
199508050211
199508050207
199503010201
199508050209
199503010206
199505020205
199508050203
199508050309
199508050301
199503010311
199505020308
199503010304
199508050305
199505020302
199505020307
199503010306
199505020310
199505020306
199503010301
199503010309
199508050306
199505020305
199505020304
199505020312
199508050308
199508050307
199508050304
199508050312
199505020311
199503010303
199505020301
199508050310
199508050311
199503010310
199503010307
199503010308
199505020303
199503010312
199503010305
199508050303
199503010302
199508050302
199505020309
199508050406
199503010409
199505020411
199508050404
199508050412
199505020406
199503010404
199503010401
199508050403
199505020405
199508050402
199508050407
199503010405
199508050405
199503010403
199505020404
199505020409
199505020412
199503010410
199505020402
199505020408
199505020403
199508050401
199508050408
199505020401
199503010402
199508050409
199503010407
199505020410
199503010408
199503010411
199508050410
199505020407
199503010406
199503010412
199508050411
199505020503
199505020502
199508050508
199503010505
199503010511
199508050511
199503010506
199505020507
199503010502
199505020506
199505020512
199508050506
199503010509
199503010503
199503010510
199508050507
199508050501
199508050510
199508050512
199505020501
199505020510
199503010512
199503010508
199503010507
199508050503
199505020511
199508050504
199508050509
199503010501
199505020508
199505020505
199508050505
199505020509
199508050502
199505020504
199503010504
199505020602
199508050602
199508050607
199505020601
199503010601
199508050604
199508050611
199503010607
199508050601
199503010603
199505020607
199503010605
199508050609
199505020604
199503010610
199505020603
199505020606
199503010608
199505020605
199508050608
199505020610
199503010611
199503010604
199508050605
199503010606
199503010602
199508050603
199503010609
199505020612
199505020609
199508050610
199505020608
199508050612
199505020611
199508050606
199503010707
199503010710
199508050705
199503010706
199503010708
199508050703
199508050708
199503010712
199505020702
199505020703
199505020705
199505020709
199505020710
199508050706
199503010709
199503010711
199505020708
199505020704
199505020701
199508050702
199508050712
199505020707
199505020712
199503010705
199503010704
199505020706
199508050710
199508050711
199505020711
199503010702
199508050701
199508050704
199508050707
199508050709
199503010703
199503010701
199505020804
199508050810
199508050812
199508050807
199508050804
199505020802
199508050805
199503010805
199503010803
199503010810
199505020805
199508050809
199508050806
199505020808
199503010807
199505020801
199505020811
199508050808
199505020812
199508050801
199505020803
199503010802
199508050803
199505020806
199505020807
199503010811
199503010809
199505020810
199503010804
199503010808
199503010812
199503010801
199505020809
199503010806
199508050802
199508050811
199505030109
199507020109
199505030102
199505030105
199507020101
199507020111
199507020112
199507020106
199507020102
199507020108
199507020104
199505030110
199505030104
199505030101
199507020103
199505030103
199505030111
199505030108
199507020110
199505030112
199507020107
199505030106
199505030107
199507020105
199505030206
199505030208
199507020205
199507020201
199505030204
199505030211
199507020207
199507020202
199505030203
199507020212
199505030205
199507020211
199505030209
199507020203
199505030201
199505030207
199505030210
199505030202
199507020204
199507020206
199507020210
199507020208
199507020209
199507020304
199505030307
199505030301
199507020307
199507020303
199507020302
199507020309
199507020301
199507020305
199507020306
199507020308
199505030305
199505030303
199507020312
199505030308
199507020310
199507020311
199505030302
199505030311
199505030312
199505030310
199505030306
199505030309
199505030304
199505030401
199505030406
199505030408
199505030402
199505030409
199507020406
199507020412
199507020410
199505030404
199505030410
199507020407
199507020403
199507020402
199507020405
199505030407
199505030405
199507020409
199507020401
199505030403
199507020404
199507020408
199507020411
199508010710
199505030503
199507020506
199507020502
199508010707
199507020507
199505030507
199507020503
199505030508
199505030510
199505030501
199505030505
199507020509
199508010706
199508010712
199505030512
199505030504
199507020501
199507020508
199505030509
199508010711
199507020511
199507020512
199508010701
199507020510
199505030506
199508010702
199508010703
199507020505
199505030502
199508010709
199508010708
199508010705
199505030511
199508010704
199507020504
199507020611
199505030603
199507020605
199508010810
199505030611
199507020606
199507020612
199505030604
199505030612
199508010809
199507020603
199505030602
199505030607
199505030610
199508010801
199507020610
199508010811
199508010803
199508010806
199508010807
199505030601
199505030608
199505030606
199507020604
199507020602
199507020608
199507020607
199508010802
199508010808
199507020601
199507020609
199508010804
199505030609
199508010805
199505030605
199501010110
199505030705
199505030704
199507020707
199505030712
199507020705
199501010109
199507020706
199507020702
199501010101
199507020712
199501010104
199505030711
199507020701
199507020708
199507020709
199505030703
199505030709
199507020710
199505030706
199501010112
199505030707
199501010102
199505030710
199507020704
199501010105
199501010108
199505030701
199507020711
199501010103
199507020703
199501010111
199505030708
199501010107
199505030702
199501010106
199505030809
199507020803
199501010201
199501010206
199507020811
199501010205
199505030812
199507020807
199505030803
199501010207
199501010203
199501010209
199507020805
199507020812
199501010202
199501010211
199505030810
199507020804
199505030806
199507020806
199501010204
199505030805
199505030811
199505030802
199505030807
199507020801
199505030804
199505030801
199501010208
199501010210
199507020808
199507020810
199507020809
199501010212
199507020802
199505030808
199507030112
199501010310
199503020110
199501010301
199501010312
199503020102
199503020108
199503020109
199503020112
199507030105
199503020105
199503020111
199501010304
199503020107
199501010307
199501010309
199507030107
199501010311
199501010302
199507030108
199503020101
199507030102
199507030109
199501010305
199507030104
199507030103
199501010303
199503020104
199507030111
199503020103
199507030110
199503020106
199507030101
199501010306
199501010308
199507030106
199503020203
199501010405
199501010411
199503020210
199507030202
199507030203
199503020209
199507030209
199501010401
199503020204
199503020212
199507030207
199507030211
199507030210
199501010406
199503020201
199503020211
199507030201
199501010409
199507030212
199501010408
199501010403
199503020208
199507030206
199501010407
199503020207
199501010404
199507030204
199503020205
199501010402
199507030208
199503020202
199507030205
199503020206
199501010410
199503020310
199503020304
199501010508
199501010511
199501010512
199507030306
199503020311
199501010501
199507030307
199501010505
199507030311
199501010503
199507030312
199507030302
199507030301
199501010507
199507030305
199507030308
199503020307
199501010506
199503020301
199503020305
199503020308
199507030310
199507030303
199503020309
199503020302
199501010504
199501010502
199507030309
199501010509
199501010510
199503020312
199507030304
199503020306
199503020303
199507030404
199507030403
199507030411
199507030408
199503020410
199503020404
199507030407
199507030409
199503020402
199503020401
199501010603
199507030406
199501010607
199503020406
199507030410
199501010609
199503020412
199501010610
199501010604
199507030402
199503020411
199503020405
199503020409
199501010611
199507030401
199501010602
199507030405
199501010608
199503020408
199507030412
199503020407
199503020403
199501010605
199501010601
199501010606
199507030511
199503020510
199503020507
199507030509
199507030510
199501010705
199507030507
199503020505
199501010708
199501010709
199507030506
199501010702
199503020503
199503020501
199501010710
199503020511
199503020512
199503020508
199507030504
199507030505
199503020502
199503020504
199501010703
199507030502
199507030503
199501010704
199503020506
199501010711
199501010701
199507030508
199501010712
199501010707
199501010706
199507030501
199503020509
199507030512
199501010810
199501010803
199501010809
199503020609
199503020605
199501010806
199503020603
199503020604
199507030612
199501010812
199507030607
199507030610
199501010801
199501010804
199503020607
199503020602
199503020610
199507030608
199503020606
199507030611
199501010807
199503020608
199507030604
199507030602
199503020601
199507030603
199501010802
199503020612
199501010811
199507030606
199507030609
199501010808
199503020611
199507030605
199507030601
199501010805
199507030712
199501020112
199507030708
199501020105
199501020106
199503020709
199503020711
199507030711
199501020109
199503020705
199503020704
199501020101
199501020102
199507030710
199507030702
199501020104
199503020706
199503020702
199507030706
199503020701
199503020703
199507030705
199507030707
199503020712
199501020103
199507030701
199503020707
199507030703
199501020107
199501020110
199507030709
199503020710
199503020708
199507030704
199501020111
199501020108
199501020206
199503020804
199507030801
199507030804
199501020210
199507030812
199501020211
199501020203
199503020812
199503020810
199501020205
199507030802
199507030810
199501020207
199507030808
199503020807
199503020808
199501020208
199503020811
199501020202
199507030811
199503020805
199501020204
199503020802
199503020806
199507030809
199503020801
199503020803
199507030803
199501020212
199501020201
199507030807
199503020809
199507030806
199501020209
199507030805
199510020110
199501020309
199510020112
199501020305
199510020106
199501020301
199503030101
199503030112
199501020306
199503030106
199510020103
199503030107
199503030108
199501020304
199501020312
199503030105
199510020101
199501020310
199503030103
199503030102
199510020102
199510020105
199501020302
199510020111
199510020108
199501020303
199503030109
199503030111
199501020311
199503030110
199501020307
199503030104
199510020109
199510020104
199501020308
199510020107
199501020407
199510020206
199510020208
199503030209
199510020212
199501020406
199501020405
199510020207
199510020204
199510020201
199510020203
199510020211
199510020205
199501020404
199503030204
199501020410
199501020409
199501020403
199510020202
199501020408
199503030203
199503030211
199503030212
199503030208
199503030210
199501020412
199501020401
199503030201
199503030207
199510020209
199510020210
199503030202
199501020411
199503030206
199501020402
199503030205
199510020303
199501020506
199503030305
199501020507
199510020305
199501020505
199501020503
199510020312
199503030301
199503030303
199510020304
199501020508
199503030310
199501020510
199510020310
199503030306
199510020307
199501020511
199501020512
199503030309
199503030302
199503030311
199501020502
199510020301
199510020308
199503030307
199501020504
199503030312
199501020501
199510020309
199503030308
199501020509
199503030304
199510020306
199510020311
199510020302
199510020408
199510020402
199510020403
199510020411
199503030401
199503030402
199510020407
199510020410
199503030412
199503030408
199503030404
199510020412
199501020606
199503030405
199501020605
199503030410
199501020611
199501020603
199510020405
199501020602
199503030406
199510020404
199510020401
199503030403
199501020610
199503030409
199503030407
199501020608
199503030411
199501020609
199510020409
199501020601
199501020604
199501020612
199501020607
199510020406
199501020704
199510020501
199503030502
199510020510
199510020503
199501020701
199501020712
199510020502
199510020507
199503030505
199501020709
199503030509
199510020508
199503030501
199501020706
199510020512
199501020703
199503030504
199510020509
199503030507
199501020708
199503030506
199503030508
199510020504
199501020705
199501020702
199510020505
199501020707
199510020506
199503030503
199503030510
199501020711
199503030511
199510020511
199503030512
199501020710
199501020808
199510020602
199501020810
199501020802
199510020609
199510020610
199501020809
199503030605
199501020811
199510020606
199510020612
199503030604
199503030607
199501020803
199503030601
199503030606
199510020604
199501020807
199503030611
199501020801
199510020601
199503030608
199510020605
199503030609
199510020611
199503030602
199501020812
199510020608
199503030603
199510020603
199501020804
199510020607
199501020806
199503030610
199501020805
199503030707
199510020702
199502010112
199502010111
199510020707
199502010108
199510020712
199502010107
199503030701
199502010102
199502010104
199503030705
199510020711
199503030706
199503030703
199510020708
199503030708
199502010109
199503030711
199510020705
199510020709
199503030702
199510020706
199503030712
199502010106
199502010103
199510020703
199510020710
199502010110
199502010105
199503030710
199503030704
199502010101
199510020704
199503030709
199510020701
199503030804
199510020808
199510020810
199502010210
199502010205
199510020812
199502010208
199502010204
199502010201
199503030802
199510020805
199503030810
199510020801
199510020806
199503030805
199503030801
199502010209
199503030809
199510020804
199510020807
199502010211
199510020802
199502010207
199503030808
199503030807
199503030803
199510020803
199503030806
199503030812
199502010202
199510020809
199510020811
199502010206
199502010203
199503030811
199502010306
199510030104
199510030112
199502010303
199510030108
199510030109
199502010310
199502010301
199510030103
199510030105
199502010308
199504010106
199504010109
199502010304
199502010307
199504010108
199504010110
199504010103
199504010112
199502010302
199502010311
199504010107
199504010101
199504010104
199504010102
199502010312
199510030111
199510030107
199510030106
199510030102
199502010309
199504010111
199510030110
199510030101
199504010105
199502010305
199510030203
199502010404
199502010408
199502010412
199504010210
199510030207
199504010211
199502010407
199502010411
199510030209
199502010406
199510030204
199504010204
199504010209
199502010405
199510030212
199510030211
199502010403
199510030201
199502010402
199502010401
199510030210
199504010212
199510030202
199510030205
199504010201
199502010409
199504010206
199504010202
199502010410
199510030206
199510030208
199504010203
199504010208
199504010207
199504010205
199510030311
199510030304
199502010512
199502010502
199502010510
199510030305
199504010301
199504010307
199510030301
199504010302
199510030309
199504010309
199510030308
199504010312
199504010304
199510030307
199502010501
199504010311
199510030312
199504010305
199502010506
199504010310
199510030303
199502010505
199502010511
199504010308
199502010504
199502010507
199510030310
199502010509
199504010306
199504010303
199502010503
199510030306
199502010508
199510030302
199504010404
199510030406
199510030405
199504010402
199502010608
199504010401
199504010411
199502010610
199502010603
199510030402
199510030409
199510030401
199510030403
199504010408
199504010407
199510030410
199504010406
199510030407
199504010410
199510030404
199504010403
199504010409
199502010601
199502010604
199502010609
199502010612
199510030411
199502010602
199502010607
199504010412
199504010405
199502010605
199510030412
199502010611
199502010606
199510030408
199510030510
199502010709
199502010704
199510030508
199502010706
199502010712
199510030507
199510030503
199510030509
199510030504
199502010711
199504010511
199504010512
199502010708
199504010505
199504010510
199510030501
199504010507
199502010703
199502010702
199504010501
199504010509
199510030505
199502010705
199510030512
199502010707
199510030502
199510030511
199504010502
199502010710
199504010504
199504010503
199504010506
199504010508
199510030506
199502010701
199502010808
199504010609
199510030603
199510030602
199504010604
199510030612
199510030606
199502010807
199504010602
199504010607
199510030611
199502010802
199504010610
199504010611
199502010811
199504010601
199504010605
199510030609
199504010606
199510030604
199510030610
199502010801
199510030608
199510030607
199504010603
199502010810
199510030601
199502010809
199502010805
199502010812
199502010804
199502010806
199502010803
199510030605
199504010608
199504010612
199510030703
199504010710
199510030711
199502020105
199510030709
199504010708
199504010702
199510030708
199502020108
199502020111
199504010709
199504010704
199510030704
199510030706
199504010703
199502020104
199510030701
199504010701
199510030712
199504010707
199502020106
199510030707
199510030710
199502020107
199504010705
199502020110
199510030705
199502020109
199504010712
199504010711
199510030702
199502020101
199502020102
199504010706
199502020103
199504010805
199502020203
199502020212
199504010804
199504010802
199502020204
199510030811
199504010812
199510030806
199502020205
199510030804
199502020207
199502020209
199502020201
199504010807
199510030807
199510030812
199504010806
199502020210
199502020208
199502020206
199504010810
199504010811
199504010808
199510030803
199510030810
199502020211
199502020202
199504010803
199510030809
199504010801
199504010809
199510030801
199510030805
199510030808
199510030802
199502020310
199508060109
199508060103
199508060104
199506040104
199506040101
199506040111
199502020303
199506040109
199508060111
199502020306
199502020309
199506040103
199508060105
199508060112
199506040110
199506040106
199506040105
199502020305
199502020304
199506040107
199508060108
199508060101
199508060106
199502020302
199508060110
199502020308
199506040102
199502020311
199506040112
199502020301
199502020307
199508060107
199508060102
199506040108
199508060205
199502020409
199506040209
199506040206
199502020405
199508060207
199506040204
199506040208
199508060210
199508060209
199508060211
199508060202
199508060208
199502020411
199506040212
199506040205
199506040210
199502020408
199508060203
199506040202
199502020404
199508060201
199506040211
199506040203
199506040201
199508060206
199502020402
199502020401
199502020410
199502020406
199502020403
199508060204
199502020407
199506040207
199502020412
199508060212
199502020502
199508060311
199502020511
199506040301
199502020508
199508060312
199508060309
199508060302
199506040306
199506040307
199508060303
199506040312
199506040302
199506040311
199502020506
199506040309
199508060310
199508060307
199508060306
199508060305
199502020503
199508060301
199506040304
199502020504
199508060308
199502020507
199506040303
199506040305
199502020501
199502020510
199506040310
199502020509
199506040308
199502020505
199508060304
199508060401
199502020611
199508060402
199502020608
199508060408
199508060407
199502020601
199508060405
199502020609
199502020602
199508060411
199508060412
199508060404
199502020603
199508060406
199508060410
199502020606
199502020607
199508060403
199502020604
199502020610
199508060409
199502020605
199506040404
199506040405
199506040402
199506040403
199506040409
199506040412
199506040410
199506040411
199506040401
199506040408
199506040406
199506040407
199506040508
199508060507
199508060508
199502020705
199502020712
199506040505
199508060504
199502020704
199506040501
199506040503
199502020706
199508060505
199502020710
199506040504
199506040507
199502020701
199506040510
199506040511
199502020707
199502020709
199506040506
199506040502
199508060503
199506040509
199508060512
199508060501
199508060509
199508060502
199508060511
199508060510
199502020703
199502020702
199502020708
199508060506
199506040512
199502020711
199508060602
199502020811
199506040607
199502020807
199506040612
199508060608
199506040611
199502020812
199502020804
199506040608
199506040603
199508060607
199502020809
199508060611
199508060612
199502020802
199506040606
199506040601
199502020808
199506040610
199506040602
199508060610
199502020803
199502020805
199508060601
199508060604
199502020801
199506040609
199508060603
199508060606
199506040605
199508060609
199508060605
199502020810
199502020806
199506040604
199508060705
199504020111
199506040702
199508060710
199504020108
199504020112
199504020107
199508060701
199508060711
199504020105
199508060702
199506040709
199508060707
199508060703
199508060704
199504020109
199504020103
199506040701
199504020110
199506040706
199508060706
199506040708
199508060708
199506040710
199506040703
199506040705
199506040704
199504020102
199506040711
199504020104
199506040707
199508060712
199504020106
199504020101
199506040712
199508060709
199504020212
199506040805
199504020202
199504020211
199506040802
199504020205
199504020204
199508060810
199506040801
199508060811
199504020206
199504020209
199508060806
199504020207
199506040810
199508060807
199504020208
199506040806
199504020210
199508060808
199508060805
199508060809
199506040812
199504020203
199506040804
199506040808
199508060812
199504020201
199506040811
199506040807
199508060804
199506040803
199508060802
199508060801
199506040809
199508060803
199504020309
199508070106
199505040104
199508070110
199505040112
199508070109
199504020306
199504020305
199504020303
199505040108
199505040107
199508070104
199508070108
199505040102
199505040109
199508070111
199504020301
199504020312
199504020304
199504020310
199505040111
199505040110
199508070107
199508070112
199504020308
199504020311
199505040105
199508070105
199505040101
199508070101
199504020302
199505040103
199504020307
199508070102
199505040106
199508070103
199505040209
199508070202
199508070212
199505040205
199504020402
199504020410
199508070207
199505040210
199504020403
199508070206
199505040204
199505040206
199508070209
199508070211
199505040207
199508070208
199504020412
199508070204
199504020409
199508070203
199508070201
199505040201
199504020401
199505040203
199504020404
199505040211
199504020405
199504020408
199504020407
199505040212
199508070210
199504020411
199504020406
199505040202
199505040208
199508070205
199508070307
199505040302
199505040312
199508070302
199508070303
199508070305
199508070311
199504020503
199505040307
199504020501
199504020505
199505040306
199504020508
199508070304
199504020506
199508070312
199504020509
199504020512
199505040309
199505040301
199505040305
199505040304
199508070301
199504020502
199508070306
199508070308
199505040311
199504020507
199508070309
199505040308
199505040310
199508070310
199504020510
199505040303
199504020504
199504020511
199508070412
199504020606
199504020608
199508070406
199505040407
199504020607
199505040404
199508070411
199505040408
199505040405
199504020610
199508070401
199508070408
199504020604
199505040403
199508070407
199504020602
199505040411
199508070403
199504020603
199505040401
199505040409
199508070402
199508070405
199505040402
199508070404
199504020612
199508070410
199505040410
199504020601
199504020609
199508070409
199504020605
199504020611
199505040406
199505040412
199504020705
199504020710
199504020711
199508070510
199504020708
199505040507
199505040508
199505040503
199504020706
199504020709
199505040510
199505040502
199504020704
199504020707
199504020701
199508070506
199505040501
199505040511
199504020712
199505040504
199505040505
199505040509
199505040512
199508070511
199508070504
199508070507
199508070505
199505040506
199508070509
199504020703
199508070503
199508070512
199508070501
199508070508
199508070502
199504020702
199508070605
199508070609
199504020810
199505040605
199504020809
199508070601
199505040604
199508070603
199504020805
199505040612
199508070604
199504020804
199504020807
199505040610
199505040601
199505040602
199505040608
199508070611
199504020802
199505040607
199508070607
199504020803
199505040611
199508070610
199504020801
199504020811
199508070608
199504020812
199505040609
199508070612
199508070602
199504020806
199505040603
199508070606
199505040606
199504020808
199505040709
199508070706
199508070709
199504030104
199508070702
199508070707
199508070710
199505040703
199505040706
199504030102
199505040710
199505040712
199504030112
199505040704
199508070712
199504030109
199505040702
199508070708
199508070704
199504030108
199505040701
199504030105
199504030107
199504030106
199505040705
199508070705
199505040707
199504030101
199505040711
199508070703
199504030103
199505040708
199504030111
199508070711
199504030110
199508070701
199504030202
199505040807
199508070801
199504030206
199508070806
199504030204
199505040804
199508070810
199505040810
199508070803
199505040801
199508070807
199504030207
199504030212
199505040808
199505040802
199505040811
199508070812
199504030210
199504030208
199504030205
199508070804
199505040803
199504030209
199508070809
199508070802
199505040809
199508070811
199504030201
199508070808
199505040806
199505040805
199504030203
199508070805
199504030211
199508080111
199508080103
199505050107
199504030308
199508080108
199508080107
199504030304
199504030309
199505050109
199504030301
199505050111
199505050106
199505050105
199505050103
199508080110
199505050108
199508080109
199504030306
199505050101
199508080102
199505050102
199508080106
199504030307
199504030312
199508080101
199508080112
199504030311
199505050104
199504030305
199504030310
199508080105
199505050110
199505050112
199504030302
199504030303
199508080104
199505050210
199508080206
199504030407
199504030402
199504030404
199505050207
199508080204
199508080208
199504030411
199504030410
199505050211
199505050208
199505050203
199504030408
199504030405
199508080210
199505050206
199505050204
199504030412
199505050212
199508080209
199505050202
199505050201
199508080201
199508080203
199504030403
199504030409
199505050205
199508080211
199505050209
199504030401
199508080205
199508080202
199508080207
199504030406
199504030501
199504030508
199505050306
199504030512
199505050303
199504030509
199508080307
199505050311
199508080304
199504030511
199508080306
199505050305
199504030507
199505050301
199508080312
199504030505
199508080305
199504030503
199508080303
199505050308
199508080309
199504030510
199504030502
199504030504
199505050312
199505050309
199505050310
199505050307
199508080301
199508080311
199508080310
199505050304
199508080302
199505050302
199508080308
199504030506
199504030612
199505050412
199508080401
199504030605
199504030603
199504030608
199508080410
199504030607
199505050408
199508080405
199505050407
199505050410
199505050411
199505050409
199505050404
199508080408
199505050402
199504030611
199505050405
199508080411
199508080403
199504030601
199504030610
199505050401
199504030604
199508080402
199505050403
199508080409
199508080406
199508080404
199508080407
199504030606
199504030609
199505050406
199504030602
199508080503
199504030701
199508080501
199504030705
199508080507
199508080512
199505050507
199505050502
199508080504
199508080510
199505050504
199505050501
199504030702
199504030703
199505050510
199508080509
199504030708
199504030712
199505050509
199504030709
199505050503
199505050508
199508080502
199505050505
199508080505
199505050511
199505050512
199508080511
199508080506
199505050506
199508080508
199504030706
199504030710
199504030711
199504030707
199504030704
199504030802
199505050612
199504030801
199508080611
199504030812
199505050609
199505050603
199508080601
199504030808
199508080606
199508080612
199508080607
199505050604
199508080603
199508080605
199504030803
199505050610
199508080602
199508080609
199504030804
199505050602
199504030809
199504030810
199504030805
199505050608
199505050606
199505050607
199505050601
199505050611
199508080610
199505050605
199504030806
199508080604
199504030807
199508080608
199504030811
199507040103
199507040111
199507040101
199508080710
199508080706
199507040110
199505050705
199508080703
199505050712
199505050704
199507040109
199505050709
199505050711
199505050710
199505050703
199505050708
199508080701
199508080704
199508080707
199508080708
199505050707
199507040112
199505050701
199505050702
199508080711
199507040105
199507040108
199508080712
199508080702
199505050706
199507040102
199507040107
199508080709
199507040106
199507040104
199508080705
199507040209
199507040207
199507040204
199508080808
199505050801
199507040202
199508080805
199507040206
199507040205
199507040201
199505050811
199507040210
199505050805
199508080812
199505050807
199505050810
199508080801
199507040208
199508080807
199507040211
199505050809
199508080809
199505050804
199505050802
199505050808
199508080806
199505050806
199508080810
199508080804
199508080811
199508080802
199508080803
199505050803
199507040212
199507040203
199509010103
199506050106
199506050105
199509010110
199509010108
199509010109
199509010104
199509010106
199507040303
199509010107
199507040306
199507040310
199507040312
199507040308
199507040301
199506050104
199507040305
199509010111
199509010105
199506050108
199506050103
199506050111
199506050112
199507040309
199506050110
199506050101
199506050102
199506050107
199507040304
199509010101
199509010102
199509010112
199507040307
199507040302
199507040311
199506050109
199506050208
199506050203
199506050212
199507040412
199509010210
199509010211
199507040409
199507040410
199506050204
199509010206
199506050201
199507040406
199509010204
199509010209
199506050206
199507040407
199506050205
199507040404
199507040402
199509010201
199509010202
199507040403
199507040401
199509010208
199509010212
199506050207
199506050211
199509010207
199506050209
199506050202
199509010203
199507040405
199506050210
199509010205
199507040408
199507040411
199506050307
199507040507
199506050306
199507040505
199506050303
199509010308
199509010309
199506050310
199506050312
199506050302
199506050305
199509010304
199506050309
199509010311
199507040502
199509010303
199506050301
199507040504
199507040501
199509010302
199509010312
199507040508
199507040509
199507040511
199507040503
199509010305
199507040510
199509010306
199506050304
199509010301
199509010310
199506050311
199507040512
199509010307
199506050308
199507040506
199509010401
199509010408
199506050409
199507040610
199507040612
199507040607
199509010406
199507040602
199507040611
199507040604
199506050412
199507040605
199509010405
199506050407
199507040606
199506050404
199507040601
199509010404
199506050408
199507040609
199506050406
199506050402
199509010410
199506050405
199506050410
199509010403
199509010407
199506050403
199507040603
199509010412
199506050411
199507040608
199509010402
199509010411
199509010409
199506050401
199507040708
199507040709
199509010502
199509010505
199509010508
199509010503
199507040702
199509010511
199506050504
199506050506
199506050507
199507040711
199506050508
199506050511
199509010506
199506050503
199506050512
199507040701
199507040712
199507040703
199506050505
199509010507
199506050502
199507040705
199509010509
199506050509
199506050510
199509010504
199509010510
199509010501
199507040710
199507040706
199506050501
199507040707
199509010512
199507040704
199506050610
199509010604
199506050606
199506050601
199507040801
199507040805
199509010611
199507040809
199506050607
199507040803
199507040802
199507040804
199507040807
199507040810
199509010601
199506050611
199507040806
199509010605
199509010612
199506050602
199506050603
199509010607
199509010608
199506050604
199507040812
199506050605
199507040808
199509010603
199509010609
199509010602
199509010606
199507040811
199506050609
199509010610
199506050608
199509010702
199509010705
199506050709
199509010710
199506050708
199509010701
199509010711
199509010712
199509010707
199509010706
199509010709
199506050711
199506050706
199509010704
199509010708
199506050704
199506050710
199506050705
199506050712
199506050707
199506050702
199506050701
199509010703
199506050703
199509010806
199506050808
199506050805
199506050807
199509010809
199506050804
199509010808
199509010810
199506050809
199509010803
199509010812
199506050806
199509010801
199509010811
199509010802
199506050801
199506050803
199509010807
199509010804
199506050802
199509010805
199506050810
