199605010111
199608010103
199608010104
199608010106
199608010111
199605010105
199605010109
199605010108
199605010106
199608010110
199608010101
199605010104
199608010109
199608010105
199608010102
199608010112
199605010103
199608010107
199605010102
199605010107
199605010101
199605010110
199605010112
199608010108
199608010205
199608010209
199605010205
199605010201
199605010211
199608010201
199605010202
199608010203
199608010204
199605010210
199608010211
199605010206
199605010209
199608010208
199605010212
199608010206
199605010207
199608010207
199605010203
199608010202
199605010208
199608010210
199608010212
199605010204
199608010305
199605010310
199605010309
199608010310
199605010301
199605010307
199605010302
199605010306
199605010311
199608010306
199608010303
199608010308
199605010303
199605010305
199608010309
199608010301
199608010304
199608010311
199605010304
199605010312
199605010308
199608010307
199608010312
199608010302
199608010408
199608010410
199608010409
199605010404
199608010403
199605010402
199608010412
199608010402
199605010410
199605010405
199605010401
199608010407
199605010403
199605010407
199605010406
199605010412
199605010408
199605010409
199608010405
199608010411
199608010406
199605010411
199608010404
199608010401
199608010505
199605010504
199605010510
199608010508
199605010507
199608010506
199605010502
199605010512
199608010510
199605010505
199605010501
199608010509
199608010503
199605010509
199608010504
199608010511
199605010506
199608010502
199608010512
199605010503
199605010508
199608010501
199608010507
199605010511
199608010611
199608010606
199608010610
199608010602
199608010608
199605010604
199605010605
199605010603
199605010608
199608010605
199605010612
199605010606
199605010611
199608010612
199605010609
199605010602
199605010607
199605010601
199605010610
199608010603
199608010609
199608010607
199608010604
199608010601
199605010702
199605010709
199608010703
199605010711
199608010705
199605010703
199608010707
199608010701
199605010706
199608010710
199608010712
199605010710
199608010711
199608010708
199608010704
199608010706
199608010709
199608010702
199605010704
199605010701
199605010712
199605010707
199605010708
199608010811
199608010805
199605010802
199608010809
199605010801
199608010804
199608010807
199608010808
199608010803
199605010807
199605010809
199605010804
199605010810
199608010810
199605010812
199605010803
199605010811
199608010806
199608010802
199605010805
199608010812
199605010808
199605010806
199608010801
199605020111
199610010110
199605020101
199608020105
199605020107
199610010108
199608020103
199608020104
199608020106
199608020101
199605020105
199605020104
199605020103
199608020110
199610010107
199610010106
199610010102
199605020112
199608020111
199610010104
199610010109
199610010105
199605020110
199610010103
199605020106
199608020107
199605020108
199608020102
199605020109
199608020109
199610010101
199610010111
199608020108
199610010112
199608020112
199605020102
199605020208
199608020210
199608020205
199608020203
199608020208
199610010208
199608020204
199605020210
199608020209
199605020204
199605020212
199608020202
199610010202
199608020211
199605020206
199608020201
199605020201
199610010203
199608020212
199610010201
199610010209
199610010204
199610010210
199605020209
199610010207
199605020202
199610010206
199605020203
199610010212
199610010211
199605020207
199605020205
199605020211
199608020207
199610010205
199608020206
199610010305
199610010307
199605020304
199608020311
199605020307
199605020303
199605020306
199610010308
199608020307
199608020312
199610010309
199605020302
199608020305
199610010304
199605020309
199608020310
199605020310
199608020302
199610010311
199605020305
199608020304
199610010312
199610010301
199610010310
199608020303
199610010302
199605020311
199608020308
199610010303
199608020301
199608020306
199610010306
199605020312
199605020301
199608020309
199605020308
199608020402
199608020409
199605020406
199605020411
199610010403
199608020412
199608020404
199610010404
199605020401
199610010405
199605020402
199610010407
199608020401
199610010401
199605020404
199605020405
199610010410
199608020407
199610010402
199605020408
199610010406
199608020411
199608020405
199605020412
199605020409
199605020410
199608020410
199608020408
199608020403
199610010411
199610010408
199610010409
199605020407
199608020406
199610010412
199605020403
199608020506
199605020509
199605020505
199605020508
199608020509
199608020501
199605020510
199608020504
199608020502
199605020511
199610010510
199610010504
199610010508
199610010512
199608020507
199610010507
199610010501
199610010509
199608020511
199608020508
199608020510
199605020512
199605020504
199610010502
199608020512
199605020502
199605020507
199610010503
199608020503
199610010511
199610010506
199610010505
199605020503
199605020506
199605020501
199605020606
199605020607
199610010610
199610010607
199605020602
199608020610
199605020609
199605020610
199610010604
199610010601
199610010603
199605020605
199608020606
199608020605
199610010606
199605020603
199608020608
199608020604
199610010608
199608020603
199610010612
199610010602
199610010609
199605020612
199610010605
199608020611
199608020602
199608020609
199608020601
199610010611
199608020612
199605020608
199608020607
199605020601
199605020604
199605020611
199610010709
199605020707
199608020706
199610010701
199610010705
199605020710
199608020704
199608020703
199610010706
199605020701
199605020708
199605020706
199608020701
199608020707
199605020712
199610010710
199610010708
199605020704
199608020711
199610010704
199610010711
199605020711
199608020702
199608020709
199608020710
199610010712
199608020708
199608020712
199605020703
199605020709
199610010703
199610010707
199610010702
199605020705
199605020702
199610010809
199608020809
199610010806
199608020803
199608020810
199610010805
199610010801
199608020802
199608020801
199610010804
199610010808
199610010812
199608020812
199608020811
199608020804
199610010807
199610010803
199608020808
199608020807
199608020806
199610010810
199610010811
199610010802
199605020804
199605020808
199605020801
199605020811
199605020809
199605020802
199605020807
199605020810
199605020806
199605020803
199605020805
199605020812
199609010106
199606010101
199609010110
199606010112
199609010107
199606010106
199606010102
199606010110
199609010103
199606010107
199606010103
199609010111
199606010109
199609010105
199609010112
199606010105
199606010111
199609010101
199609010104
199609010108
199606010108
199609010109
199609010102
199606010104
199609010212
199606010203
199606010210
199609010208
199606010212
199606010207
199606010201
199609010210
199606010211
199606010208
199609010202
199606010202
199606010206
199609010211
199609010206
199609010204
199606010209
199609010209
199609010203
199606010205
199609010207
199609010201
199609010205
199606010204
199607010111
199609010310
199609010307
199607010101
199609010305
199606010305
199609010308
199606010309
199606010302
199607010102
199606010304
199607010112
199607010106
199607010107
199607010108
199606010301
199607010104
199607010103
199606010311
199606010312
199609010311
199606010306
199606010307
199606010308
199609010303
199609010302
199609010312
199607010110
199606010310
199607010109
199609010304
199609010301
199609010309
199607010105
199609010306
199606010303
199607010212
199606010409
199606010410
199606010407
199607010202
199606010405
199609010406
199609010412
199606010406
199606010402
199609010402
199607010206
199609010407
199607010204
199606010403
199606010412
199609010410
199606010401
199606010411
199607010203
199609010409
199607010210
199607010208
199606010408
199609010404
199606010404
199607010209
199609010408
199607010205
199609010401
199607010201
199609010403
199607010207
199609010411
199607010211
199609010405
199607010308
199606010512
199607010304
199609010509
199606010504
199606010507
199607010309
199606010509
199607010305
199607010303
199606010503
199609010508
199609010511
199607010311
199607010312
199607010307
199606010511
199609010503
199609010510
199609010507
199609010512
199606010501
199607010310
199609010506
199607010301
199606010502
199609010504
199606010506
199609010502
199609010501
199607010302
199606010508
199606010510
199607010306
199609010505
199606010505
199609010607
199607010404
199607010409
199609010606
199607010402
199606010609
199609010602
199607010407
199609010605
199609010609
199607010411
199607010403
199606010605
199606010608
199606010603
199606010612
199609010608
199606010606
199609010601
199609010611
199606010604
199609010610
199606010607
199607010401
199606010602
199607010406
199606010601
199609010603
199607010405
199607010410
199607010412
199606010611
199606010610
199609010612
199607010408
199609010604
199609010707
199607010511
199606010705
199606010709
199606010711
199609010709
199609010710
199607010508
199609010703
199606010707
199607010501
199609010705
199606010708
199609010704
199606010703
199609010701
199607010502
199606010701
199606010704
199609010711
199606010702
199609010712
199607010509
199607010504
199607010510
199606010710
199607010512
199607010505
199606010706
199606010712
199607010506
199609010708
199609010706
199607010507
199607010503
199609010702
199606010803
199607010607
199607010608
199609010811
199607010603
199607010601
199609010807
199606010808
199606010804
199609010812
199607010602
199606010805
199609010803
199609010809
199609010808
199607010611
199606010801
199606010809
199607010605
199606010807
199609010802
199606010811
199609010805
199609010810
199607010612
199609010804
199606010812
199607010604
199607010609
199607010610
199606010810
199606010806
199607010606
199609010801
199609010806
199606010802
199606020109
199607010710
199606020112
199606020102
199609020101
199609020104
199609020112
199607010712
199607010704
199609020103
199606020103
199607010707
199606020104
199606020106
199607010708
199606020108
199606020111
199607010709
199609020102
199607010711
199606020110
199607010702
199606020101
199609020105
199609020110
199606020105
199609020108
199609020109
199609020111
199607010706
199607010701
199609020106
199607010703
199609020107
199607010705
199606020107
199609020203
199609020205
199606020210
199607010803
199607010808
199606020202
199609020209
199606020211
199607010809
199607010805
199606020205
199609020201
199607010804
199607010807
199609020210
199606020212
199609020206
199609020207
199606020207
199609020208
199607010810
199606020208
199609020211
199607010806
199607010812
199609020202
199607010811
199607010802
199609020204
199606020209
199607010801
199609020212
199606020206
199606020204
199606020201
199606020203
199609020310
199609020307
199606020303
199606020312
199606020302
199606020308
199606020309
199606020304
199606020306
199606020310
199609020312
199606020311
199609020309
199606020305
199609020306
199606020307
199609020305
199609020308
199609020301
199606020301
199609020302
199609020304
199609020303
199609020311
199609020406
199606020403
199609020408
199606020402
199609020411
199609020402
199609020409
199609020401
199609020404
199609020412
199606020409
199609020403
199606020407
199609020407
199606020411
199606020412
199606020406
199606020401
199606020405
199606020404
199606020410
199606020408
199609020410
199609020405
199606020506
199609020512
199606020503
199606020507
199606020505
199609020501
199609020511
199606020508
199606020509
199609020503
199606020504
199609020509
199609020510
199609020504
199606020512
199606020502
199609020502
199609020508
199606020501
199606020511
199606020510
199609020506
199609020505
199609020507
199606020602
199606020612
199606020610
199606020601
199609020601
199606020611
199606020603
199609020602
199609020610
199609020604
199609020611
199606020608
199606020604
199609020605
199609020603
199609020608
199609020606
199606020607
199609020609
199606020605
199609020607
199606020609
199606020606
199609020702
199606020711
199609020708
199606020707
199609020704
199606020708
199606020705
199606020701
199609020712
199609020703
199609020707
199609020709
199609020711
199606020702
199609020701
199606020704
199606020706
199609020710
199606020709
199606020710
199609020706
199609020705
199606020703
199606020712
199609020812
199606020811
199609020811
199606020806
199606020810
199609020809
199609020807
199606020807
199606020802
199609020801
199609020805
199606020805
199609020808
199606020803
199609020804
199606020808
199609020806
199606020809
199609020802
199609020803
199606020804
199606020801
199609020810
199608030111
199608030108
199604010106
199604010110
199608030103
199605030101
199608030112
199608030107
199604010104
199604010105
199604010102
199605030108
199604010111
199605030110
199608030110
199605030105
199604010112
199608030106
199608030101
199605030106
199608030102
199605030107
199604010108
199604010107
199605030112
199604010101
199608030109
199605030109
199605030111
199604010109
199608030105
199604010103
199605030103
199605030102
199608030104
199605030104
199604010210
199604010201
199608030204
199604010212
199605030203
199605030211
199608030210
199608030206
199608030209
199605030206
199605030212
199604010203
199608030201
199605030207
199605030202
199604010211
199604010205
199608030205
199604010207
199605030204
199608030208
199605030210
199608030211
199608030202
199604010208
199605030209
199608030203
199604010202
199604010204
199604010209
199604010206
199605030201
199605030208
199605030205
199608030207
199608030303
199605030311
199604010311
199608030311
199604010308
199605030309
199605030306
199605030303
199608030307
199605030302
199608030302
199608030305
199604010312
199605030301
199608030306
199604010306
199608030304
199605030307
199604010304
199604010309
199604010301
199608030310
199604010310
199604010302
199608030312
199605030308
199608030301
199608030309
199605030312
199604010307
199608030308
199604010303
199605030305
199604010305
199605030304
199605030310
199608030410
199604010405
199605030401
199608030407
199604010401
199608030411
199608030404
199604010411
199608030403
199608030405
199608030408
199608030402
199605030408
199604010412
199604010406
199604010407
199605030403
199605030410
199605030407
199608030412
199604010408
199605030411
199604010402
199604010403
199608030406
199604010409
199604010404
199608030401
199605030406
199604010410
199608030409
199605030409
199605030405
199605030412
199605030402
199605030404
199605030503
199604010506
199604010510
199605030501
199604010503
199605030512
199604010504
199605030502
199605030504
199605030509
199604010511
199604010508
199605030510
199604010502
199605030506
199605030507
199605030508
199604010507
199604010512
199604010501
199604010505
199604010509
199605030505
199605030511
199608030512
199604010609
199608030509
199604010607
199604010604
199604010610
199608030501
199605030602
199604010606
199608030507
199604010605
199608030508
199608030510
199608030502
199604010602
199604010603
199608030503
199608030506
199605030610
199604010612
199604010608
199608030505
199605030607
199605030606
199604010601
199605030601
199605030603
199605030608
199608030504
199604010611
199605030604
199605030611
199605030612
199605030609
199605030605
199608030511
199608030609
199608030604
199608030601
199608030608
199608030603
199608030606
199608030612
199608030605
199608030607
199608030611
199608030610
199608030602
199605030705
199608030707
199604010703
199604010707
199605030712
199605030711
199604010701
199604010702
199608030706
199605030704
199608030709
199608030704
199608030701
199604010706
199608030702
199604010711
199604010712
199605030709
199604010705
199605030710
199608030703
199604010710
199605030702
199605030708
199608030710
199605030701
199608030711
199608030712
199605030707
199608030705
199605030703
199605030706
199608030708
199604010708
199604010709
199604010704
199604010811
199605030811
199608030803
199604010809
199605030801
199604010803
199608030806
199604010804
199604010808
199608030808
199605030809
199604010812
199605030804
199608030809
199604010807
199608030802
199608030811
199605030810
199604010806
199605030803
199604010802
199608030804
199605030812
199605030808
199608030801
199608030805
199605030805
199604010801
199608030812
199608030810
199605030802
199604010810
199608030807
199605030806
199604010805
199605030807
199605040103
199607020110
199605040112
199605040101
199605040109
199607020106
199607020101
199605040111
199605040104
199607020109
199607020105
199607020108
199605040102
199607020107
199605040105
199607020102
199605040110
199605040106
199605040107
199605040108
199607020112
199607020104
199607020103
199607020111
199607020202
199605040211
199605040210
199605040201
199607020204
199605040207
199607020209
199607020207
199607020212
199607020205
199607020208
199607020201
199605040205
199605040208
199605040212
199607020206
199605040202
199605040204
199607020203
199605040206
199607020210
199605040209
199605040203
199607020211
199607020304
199607020310
199607020308
199607020305
199607020311
199605040310
199605040303
199605040309
199605040312
199605040304
199607020312
199607020302
199605040307
199605040308
199605040301
199607020309
199607020303
199605040305
199607020306
199605040302
199605040306
199607020301
199605040311
199607020307
199607020410
199605040404
199607020404
199605040401
199607020403
199605040410
199607020402
199607020405
199605040409
199605040403
199607020409
199605040411
199607020411
199605040405
199607020412
199605040407
199607020406
199605040406
199605040402
199607020407
199607020401
199605040408
199607020408
199607020509
199607020510
199605040507
199605040506
199605040505
199607020503
199605040512
199607020502
199605040501
199607020501
199607020505
199605040504
199607020506
199607020504
199607020511
199607020512
199605040503
199605040509
199605040508
199605040502
199607020507
199605040511
199605040510
199607020508
199605040602
199607020606
199605040607
199605040601
199607020607
199607020601
199607020605
199605040604
199605040608
199605040609
199607020611
199607020610
199605040603
199605040606
199607020609
199607020602
199607020603
199605040610
199607020608
199607020612
199607020604
199605040605
199601010101
199601010109
199601010112
199605040706
199607020712
199601010106
199601010105
199607020711
199601010111
199601010102
199605040708
199601010107
199605040709
199607020706
199605040712
199601010103
199601010110
199601010104
199605040702
199607020710
199605040703
199605040711
199607020702
199605040701
199601010108
199607020704
199605040704
199607020708
199605040707
199607020703
199607020701
199607020705
199605040705
199605040710
199607020709
199607020707
199601010206
199607020802
199607020806
199605040805
199601010210
199607020811
199601010203
199601010205
199601010208
199601010202
199601010211
199605040810
199601010212
199601010209
199607020812
199605040802
199607020804
199607020807
199605040808
199607020801
199601010204
199605040811
199605040803
199607020805
199607020803
199607020808
199601010201
199605040812
199605040804
199607020810
199601010207
199605040809
199605040806
199605040807
199605040801
199607020809
199601010311
199606030110
199601010303
199601010310
199606030108
199606030104
199609030107
199609030109
199606030102
199601010305
199609030103
199609030106
199609030108
199601010308
199606030111
199606030109
199609030101
199601010301
199606030107
199601010306
199601010309
199606030105
199606030106
199609030104
199601010312
199601010304
199601010307
199606030101
199609030105
199601010302
199609030102
199609030110
199609030112
199606030112
199606030103
199609030111
199606030207
199606030201
199609030212
199601010412
199606030210
199606030202
199609030210
199601010408
199601010402
199601010409
199609030205
199609030209
199609030201
199601010403
199601010401
199609030208
199601010406
199609030203
199606030206
199606030211
199606030212
199609030202
199606030208
199606030209
199609030204
199606030205
199609030207
199601010410
199609030211
199601010405
199601010411
199609030206
199601010404
199601010407
199606030204
199606030203
199606030310
199606030303
199601010503
199601010512
199606030304
199606030306
199601010508
199609030309
199601010506
199606030311
199606030302
199606030312
199609030312
199601010504
199609030311
199606030307
199606030308
199609030301
199609030302
199601010502
199601010505
199609030304
199609030307
199609030310
199601010511
199609030303
199606030305
199606030301
199601010509
199606030309
199609030305
199601010510
199609030306
199601010501
199609030308
199601010507
199609030405
199601010611
199601010601
199609030403
199606030407
199601010612
199606030405
199609030406
199606030404
199606030402
199606030408
199609030411
199601010609
199606030403
199601010606
199609030404
199601010604
199601010603
199606030410
199609030412
199601010610
199606030406
199609030407
199609030409
199601010607
199601010608
199606030411
199609030408
199601010602
199606030409
199601010605
199606030412
199609030410
199606030401
199609030402
199609030401
199609030509
199606030507
199601010710
199606030504
199606030508
199606030506
199601010708
199609030508
199601010709
199609030511
199606030511
199609030512
199606030503
199601010703
199601010705
199609030505
199609030501
199606030510
199601010712
199601010704
199609030506
199609030510
199601010706
199601010711
199601010707
199609030502
199609030507
199606030502
199601010701
199601010702
199609030503
199606030501
199606030505
199606030512
199606030509
199609030504
199609030605
199606030605
199606030602
199606030610
199601010803
199601010807
199606030609
199609030604
199609030603
199609030606
199609030609
199606030608
199609030607
199601010808
199601010811
199606030601
199601010810
199601010812
199601010805
199609030601
199601010801
199606030604
199609030602
199601010806
199606030606
199606030607
199606030611
199609030612
199606030612
199609030611
199609030608
199601010809
199601010804
199601010802
199609030610
199606030603
199606030702
199606030704
199606030705
199601020102
199606030711
199609030706
199601020104
199601020107
199609030701
199606030708
199609030703
199609030704
199609030707
199601020108
199609030710
199606030707
199606030709
199609030712
199606030712
199606030703
199606030710
199609030705
199601020103
199601020106
199601020109
199606030706
199606030701
199609030711
199601020101
199609030708
199609030709
199601020105
199601020110
199601020112
199601020111
199609030702
199601020201
199609030808
199601020203
199609030811
199601020208
199601020206
199606030812
199609030805
199606030807
199601020211
199609030810
199606030808
199601020207
199601020209
199609030803
199601020204
199606030809
199609030807
199609030804
199609030802
199609030806
199606030805
199601020210
199606030811
199606030806
199606030802
199601020205
199601020212
199609030801
199606030801
199609030809
199601020202
199606030810
199606030803
199606030804
199604020101
199604020102
199604020109
199604020107
199601020311
199601020312
199610020111
199601020304
199601020306
199610020112
199601020302
199601020310
199610020103
199610020105
199604020108
199604020104
199604020110
199601020308
199601020305
199604020106
199604020103
199610020102
199610020109
199610020110
199601020307
199601020309
199610020106
199610020101
199601020303
199601020301
199604020112
199610020104
199610020107
199610020108
199604020105
199604020111
199604020201
199601020412
199610020205
199601020403
199604020210
199601020411
199604020209
199610020208
199604020207
199601020407
199604020208
199604020204
199601020402
199604020206
199604020205
199610020201
199610020202
199601020405
199601020406
199604020212
199601020404
199601020401
199601020408
199610020209
199610020211
199604020211
199610020207
199604020202
199610020212
199601020410
199610020203
199604020203
199610020210
199601020409
199610020204
199610020206
199604020304
199604020310
199604020309
199604020302
199601020510
199610020310
199601020507
199604020312
199601020501
199610020306
199610020309
199601020511
199610020307
199601020509
199610020305
199601020505
199604020305
199601020504
199610020303
199601020512
199604020303
199601020508
199610020311
199604020311
199610020304
199601020503
199604020308
199604020307
199610020301
199604020306
199610020308
199601020502
199601020506
199610020312
199604020301
199610020302
199601020602
199601020603
199601020601
199604020411
199610020404
199604020412
199604020402
199604020403
199604020404
199610020410
199604020401
199610020407
199610020403
199604020406
199610020408
199610020409
199601020610
199601020607
199601020608
199604020405
199610020406
199601020611
199610020405
199601020612
199601020605
199610020411
199610020402
199604020407
199610020401
199601020606
199601020604
199604020409
199601020609
199604020410
199610020412
199604020408
199610020507
199604020503
199601020705
199604020511
199610020501
199604020507
199601020708
199604020502
199601020704
199610020503
199610020504
199604020501
199601020707
199601020711
199604020512
199601020712
199610020509
199604020504
199601020702
199604020509
199610020506
199610020502
199601020703
199601020701
199604020510
199610020512
199601020706
199610020508
199604020506
199610020511
199604020508
199601020709
199604020505
199610020510
199601020710
199610020505
199601020812
199604020606
199610020602
199604020610
199601020811
199601020806
199601020801
199601020808
199604020607
199601020802
199604020608
199604020602
199604020601
199601020805
199601020803
199610020604
199610020612
199601020807
199610020610
199610020607
199604020605
199610020611
199604020609
199604020603
199601020809
199610020601
199604020611
199604020612
199610020608
199610020605
199610020603
199604020604
199601020804
199610020606
199601020810
199610020609
199604020702
199604020712
199602010101
199610020709
199604020708
199610020705
199610020703
199610020712
199604020706
199610020710
199604020711
199602010106
199610020707
199602010105
199602010111
199602010102
199610020708
199602010107
199604020707
199604020703
199610020702
199602010108
199602010109
199602010110
199604020704
199602010112
199604020705
199604020709
199604020701
199610020701
199604020710
199602010104
199610020711
199610020704
199602010103
199610020706
199602010210
199602010212
199610020811
199610020805
199610020809
199602010202
199604020803
199604020812
199610020803
199604020801
199602010203
199602010204
199610020806
199602010206
199604020808
199610020801
199610020804
199610020802
199610020812
199602010201
199604020804
199604020807
199610020808
199604020802
199604020810
199610020807
199602010209
199610020810
199604020805
199602010208
199604020809
199604020811
199602010211
199602010207
199604020806
199602010205
199602010311
199602010306
199606040103
199606040105
199606040104
199610030105
199610030103
199610030106
199602010308
199610030110
199610030107
199610030102
199606040109
199606040112
199610030101
199602010309
199606040101
199610030109
199606040108
199610030108
199606040106
199610030104
199606040110
199606040111
199610030111
199602010303
199610030112
199602010312
199602010302
199606040107
199602010310
199602010307
199602010301
199606040102
199602010305
199602010304
199602010403
199610030206
199606040212
199602010407
199610030207
199606040208
199610030211
199606040207
199610030204
199606040202
199606040206
199606040201
199610030210
199602010401
199610030203
199606040210
199610030201
199602010410
199610030202
199602010406
199606040203
199606040205
199610030212
199610030209
199602010405
199610030208
199602010408
199602010411
199602010404
199602010409
199606040204
199602010412
199606040211
199606040209
199602010402
199610030205
199602010508
199606040303
199610030305
199610030304
199610030306
199610030301
199606040310
199606040302
199602010509
199602010507
199606040304
199606040309
199610030309
199602010503
199610030307
199610030310
199610030312
199602010512
199610030303
199602010510
199602010502
199606040312
199602010501
199606040311
199606040308
199602010506
199610030311
199602010505
199606040301
199602010504
199606040305
199610030308
199602010511
199606040306
199610030302
199606040307
199602010601
199610030412
199602010611
199602010605
199606040402
199606040406
199606040408
199606040403
199610030409
199610030408
199606040405
199606040410
199606040411
199606040404
199610030403
199606040401
199602010607
199610030407
199610030401
199610030404
199610030405
199606040407
199610030410
199602010612
199602010603
199606040409
199602010604
199602010606
199602010610
199610030402
199610030411
199606040412
199610030406
199602010608
199602010609
199602010602
199602010701
199606040507
199610030506
199610030505
199610030511
199610030504
199610030512
199606040505
199602010702
199602010704
199610030507
199602010706
199610030509
199610030501
199610030503
199606040506
199606040511
199606040503
199610030510
199602010708
199606040510
199606040509
199610030502
199602010703
199602010712
199606040508
199610030508
199606040504
199606040512
199602010710
199606040501
199606040502
199602010707
199602010705
199602010711
199602010709
199602010801
199602010808
199606040604
199606040601
199602010811
199602010810
199606040612
199610030611
199606040609
199602010806
199602010803
199602010805
199610030609
199610030601
199610030612
199602010804
199610030604
199602010809
199602010812
199610030602
199606040605
199606040607
199606040602
199610030608
199606040610
199610030607
199610030610
199606040603
199606040606
199606040611
199602010802
199610030603
199602010807
199610030605
199610030606
199606040608
199610030707
199610030701
199610030712
199606040701
199610030711
199606040704
199602020104
199602020110
199610030705
199606040703
199602020109
199602020107
199606040707
199610030708
199606040702
199606040712
199606040706
199610030709
199610030702
199602020105
199602020108
199610030703
199610030704
199602020102
199602020111
199610030706
199606040711
199602020106
199606040705
199606040708
199602020101
199606040710
199610030710
199606040709
199602020103
199610030803
199606040802
199606040811
199610030805
199606040807
199602020208
199610030806
199602020210
199602020202
199606040803
199602020211
199610030810
199606040810
199602020205
199602020203
199606040805
199606040808
199602020212
199606040812
199610030807
199610030811
199602020209
199610030809
199606040804
199610030812
199606040806
199606040809
199602020207
199610030804
199610030808
199610030801
199610030802
199602020204
199602020206
199606040801
199602020201
199606050105
199606050107
199606050102
199602020305
199609040112
199609040102
199602020311
199609040107
199606050101
199602020309
199602020303
199606050104
199609040101
199602020307
199609040106
199609040103
199602020304
199609040108
199609040111
199606050111
199606050110
199602020302
199606050108
199602020301
199602020306
199609040109
199602020312
199609040110
199602020308
199606050106
199609040104
199602020310
199606050109
199606050112
199606050103
199609040105
199609040210
199609040208
199606050201
199609040207
199609040209
199609040201
199602020403
199602020401
199609040203
199606050208
199602020409
199609040204
199606050204
199606050209
199602020410
199606050202
199602020406
199609040211
199602020407
199606050206
199606050203
199606050205
199609040205
199609040206
199609040212
199602020412
199606050211
199609040202
199602020402
199606050210
199606050207
199602020405
199602020404
199602020411
199602020408
199606050212
199606050304
199606050307
199606050303
199609040308
199606050310
199606050302
199602020501
199602020512
199606050312
199602020505
199609040301
199609040311
199602020508
199602020511
199602020502
199609040304
199602020510
199606050306
199606050309
199609040306
199606050305
199606050301
199609040305
199602020504
199602020507
199609040312
199602020506
199609040307
199609040302
199609040310
199609040303
199606050311
199606050308
199602020503
199609040309
199602020509
199602020612
199609040402
199602020608
199606050408
199602020604
199606050402
199602020601
199609040407
199609040412
199602020611
199606050412
199606050411
199606050403
199602020605
199606050404
199606050409
199606050410
199609040408
199609040403
199606050405
199609040406
199609040411
199606050407
199602020606
199602020603
199602020610
199609040409
199609040410
199602020607
199602020602
199609040404
199609040405
199602020609
199606050406
199609040401
199606050401
199609040504
199609040510
199602020707
199606050510
199606050508
199602020712
199606050511
199609040501
199602020710
199606050507
199609040507
199606050505
199602020711
199602020702
199606050506
199609040511
199609040508
199606050504
199609040509
199602020704
199606050502
199609040502
199606050509
199606050512
199602020708
199606050503
199602020703
199602020706
199609040512
199602020701
199602020709
199602020705
199606050501
199609040503
199609040505
199609040506
199602020804
199602020803
199602020809
199609040610
199609040607
199609040611
199602020802
199609040604
199602020807
199609040601
199602020812
199609040603
199609040605
199609040612
199602020808
199602020805
199602020810
199602020806
199609040602
199609040606
199609040608
199609040609
199602020801
199602020811
199606050609
199606050602
199606050612
199606050607
199606050604
199606050611
199606050606
199606050608
199606050601
199606050603
199606050610
199606050605
199604030108
199609040702
199604030110
199609040707
199606050706
199604030107
199609040708
199606050711
199609040705
199609040712
199604030112
199606050708
199606050712
199604030105
199606050702
199609040706
199604030101
199606050710
199604030111
199609040711
199604030106
199606050703
199606050701
199609040709
199606050705
199609040710
199606050707
199609040703
199604030103
199604030102
199604030109
199609040704
199609040701
199604030104
199606050704
199606050709
199609040809
199609040808
199609040806
199606050812
199604030201
199606050803
199606050802
199606050801
199604030202
199609040810
199609040804
199609040807
199609040801
199606050805
199604030205
199606050808
199609040803
199609040811
199606050810
199606050804
199606050809
199609040805
199609040812
199609040802
199606050806
199606050811
199604030203
199604030204
199606050807
199604030210
199604030212
199604030211
199604030206
199604030208
199604030209
199604030207
199604030311
199605050110
199605050102
199604030308
199608040101
199604030301
199608040111
199605050108
199604030302
199605050109
199608040112
199608040102
199608040110
199604030312
199605050111
199604030309
199608040109
199608040105
199608040106
199605050103
199608040108
199604030303
199604030310
199604030307
199608040107
199605050105
199604030305
199605050106
199604030306
199605050107
199608040104
199605050104
199608040103
199605050101
199605050112
199604030304
199604030406
199604030407
199608040207
199604030404
199605050205
199605050210
199604030409
199605050206
199604030401
199605050207
199604030403
199608040203
199608040208
199605050202
199608040212
199605050208
199604030411
199604030408
199608040211
199608040205
199605050211
199605050209
199604030410
199605050204
199608040201
199605050203
199608040206
199604030405
199605050212
199605050201
199604030402
199608040204
199608040209
199608040210
199608040202
199604030412
199604030511
199605050309
199608040308
199605050307
199605050310
199604030503
199608040311
199605050304
199608040306
199608040307
199605050312
199605050302
199604030507
199608040302
199604030509
199604030508
199608040304
199608040312
199605050305
199605050311
199608040305
199604030501
199604030512
199608040309
199604030510
199604030504
199604030506
199605050308
199608040310
199605050306
199608040303
199604030505
199605050301
199604030502
199605050303
199608040301
199604030604
199608040412
199604030605
199605050404
199608040408
199608040411
199604030611
199608040406
199605050410
199608040403
199608040407
199605050412
199608040410
199604030602
199605050411
199608040401
199605050405
199605050403
199605050407
199604030612
199608040404
199604030609
199604030610
199604030601
199604030607
199608040402
199604030606
199608040409
199608040405
199605050401
199604030603
199605050402
199605050409
199605050408
199605050406
199604030608
199604030707
199604030708
199605050506
199604030701
199604030709
199608040507
199604030711
199605050504
199605050508
199608040511
199605050501
199605050505
199608040506
199605050512
199608040502
199604030712
199605050509
199608040512
199604030702
199604030703
199604030705
199608040501
199608040503
199608040510
199608040508
199605050503
199608040504
199608040505
199608040509
199605050510
199605050507
199605050511
199604030704
199604030710
199604030706
199605050502
199608040601
199604030811
199605050607
199604030808
199604030804
199604030802
199604030805
199605050606
199604030812
199608040608
199605050610
199608040603
199605050604
199604030803
199605050605
199604030807
199608040602
199604030809
199608040604
199604030810
199608040607
199608040611
199605050603
199605050612
199605050609
199605050608
199604030801
199605050601
199608040605
199605050611
199608040610
199608040606
199604030806
199608040609
199605050602
199604040106
199604040111
199604040112
199605050711
199608040707
199608040706
199605050702
199605050706
199604040109
199604040110
199604040101
199604040105
199608040705
199605050703
199608040711
199608040712
199605050704
199608040701
199608040709
199604040108
199605050707
199605050712
199608040710
199605050705
199608040704
199604040103
199605050701
199608040702
199608040708
199604040107
199605050710
199605050708
199608040703
199604040102
199605050709
199604040104
199604040203
199605050802
199608040804
199605050808
199605050809
199604040211
199608040805
199604040205
199605050806
199608040807
199608040811
199608040808
199605050803
199608040801
199604040212
199604040204
199605050805
199608040809
199608040812
199604040202
199605050804
199604040201
199604040210
199608040810
199608040802
199608040806
199604040207
199604040209
199604040208
199605050811
199605050801
199605050810
199604040206
199608040803
199605050807
199605060105
199605060107
199608050105
199605060101
199608050106
199608050107
199605060111
199604040309
199604040310
199605060103
199608050110
199604040304
199604040303
199604040302
199608050112
199604040306
199604040312
199608050108
199605060108
199608050103
199608050102
199604040307
199604040301
199605060102
199605060109
199605060106
199608050109
199608050101
199605060104
199604040308
199605060112
199604040311
199608050111
199605060110
199608050104
199604040305
199605060203
199605060210
199608050206
199605060202
199604040410
199605060212
199604040409
199605060211
199604040408
199608050201
199604040404
199604040411
199605060205
199604040402
199605060201
199604040403
199608050205
199608050203
199608050202
199605060207
199604040405
199608050204
199604040412
199608050207
199604040406
199608050209
199604040407
199605060208
199608050211
199605060204
199605060209
199604040401
199605060206
199608050208
199608050210
199604040508
199608050302
199608050305
199604040507
199604040504
199608050306
199605060304
199605060310
199608050309
199604040512
199608050308
199608050301
199608050307
199608050304
199604040511
199605060306
199605060311
199605060309
199608050303
199604040506
199608050312
199605060303
199605060305
199605060307
199604040509
199605060301
199608050310
199604040501
199604040510
199608050311
199605060312
199605060302
199604040502
199605060308
199604040505
199604040503
199608050401
199604040601
199605060412
199608050402
199605060409
199608050408
199604040602
199605060405
199604040609
199608050406
199604040608
199608050411
199605060406
199608050410
199605060407
199604040612
199605060402
199605060403
199608050409
199605060410
199604040605
199604040607
199608050405
199605060408
199605060401
199604040604
199608050404
199604040603
199608050407
199604040606
199608050403
199605060411
199604040610
199604040611
199605060404
199604040712
199605060511
199605060505
199604040702
199604040708
199608050509
199608050510
199604040703
199608050502
199604040711
199605060510
199608050506
199605060508
199604040707
199605060501
199608050512
199605060504
199604040705
199605060506
199604040704
199605060502
199604040706
199605060509
199608050504
199605060503
199605060507
199608050508
199608050501
199608050507
199604040709
199605060512
199608050505
199608050503
199608050511
199604040701
199604040710
199605060609
199605060612
199604040807
199605060601
199608050610
199604040811
199605060610
199608050606
199605060611
199604040808
199608050604
199608050607
199605060602
199604040801
199604040809
199604040804
199604040802
199605060603
199608050601
199605060605
199605060606
199604040806
199604040805
199608050609
199608050611
199604040810
199608050602
199608050603
199604040803
199605060607
199605060604
199608050612
199608050608
199604040812
199605060608
199608050605
199605060708
199607030102
199608050705
199608050702
199605060711
199607030112
199607030104
199607030106
199607030111
199608050710
199605060710
199608050708
199608050711
199605060705
199608050707
199607030107
199605060701
199605060703
199608050706
199605060706
199608050712
199607030105
199607030103
199605060707
199605060702
199608050703
199605060704
199607030110
199605060712
199608050704
199607030108
199605060709
199607030109
199608050701
199608050709
199607030101
199608050802
199607030202
199605060811
199608050801
199608050809
199608050805
199607030206
199605060806
199608050803
199607030207
199608050804
199607030203
199607030212
199605060802
199605060810
199605060808
199605060801
199608050811
199605060804
199608050807
199607030209
199607030208
199605060809
199608050810
199607030210
199607030211
199608050808
199607030201
199607030204
199607030205
199605060805
199605060807
199605060803
199608050806
199607030303
199609050110
199607030312
199609050106
199606060105
199609050107
199607030308
199606060112
199606060109
199607030311
199607030305
199606060104
199606060103
199606060106
199609050108
199609050112
199609050109
199606060111
199609050101
199609050104
199607030306
199607030310
199606060108
199607030301
199606060102
199607030309
199607030307
199609050102
199609050111
199609050103
199606060110
199607030302
199606060101
199609050105
199607030304
199606060107
199607030407
199606060204
199609050208
199606060206
199606060212
199609050203
199609050210
199607030410
199607030403
199607030402
199606060207
199609050206
199607030408
199606060208
199606060202
199607030412
199609050201
199609050209
199606060205
199607030409
199606060201
199609050207
199606060203
199606060210
199607030405
199609050211
199606060209
199609050212
199609050202
199607030401
199609050205
199607030411
199606060211
199607030404
199609050204
199607030406
199606060303
199606060306
199606060307
199606060301
199607030506
199606060309
199607030509
199609050304
199606060312
199606060311
199609050302
199607030511
199609050309
199606060302
199609050305
199609050301
199607030503
199607030505
199606060304
199607030507
199607030502
199607030504
199607030510
199606060310
199609050310
199609050307
199609050306
199606060308
199607030508
199606060305
199607030512
199609050308
199607030501
199609050311
199609050303
199607030610
199607030602
199607030604
199607030608
199606060407
199609050406
199607030603
199606060402
199609050411
199609050410
199606060409
199609050408
199606060408
199606060403
199606060404
199606060401
199607030605
199606060410
199607030612
199607030606
199606060406
199607030609
199609050404
199606060411
199606060412
199606060405
199609050412
199609050405
199607030601
199609050402
199609050401
199609050409
199609050403
199607030611
199607030607
199609050407
199607030707
199609050509
199607030711
199609050508
199606060512
199606060501
199606060510
199609050505
199607030710
199609050511
199607030709
199607030701
199607030704
199609050501
199609050504
199606060507
199607030712
199606060508
199609050510
199606060503
199609050512
199607030706
199609050506
199606060506
199606060502
199609050507
199607030705
199606060505
199607030703
199609050502
199607030702
199607030708
199606060504
199606060511
199609050503
199606060509
199606060603
199606060612
199607030801
199606060605
199607030806
199609050604
199606060606
199607030811
199607030812
199607030808
199609050612
199609050608
199607030803
199606060609
199606060602
199607030802
199607030804
199606060604
199606060608
199607030810
199609050603
199607030809
199606060601
199609050607
199606060607
199609050606
199609050610
199609050601
199609050611
199609050605
199606060610
199607030805
199607030807
199609050609
199606060611
199609050602
199606060701
199606060706
199609050708
199606060702
199606060705
199606060707
199606060710
199609050706
199609050712
199609050704
199609050701
199609050709
199606060704
199606060711
199609050710
199609050705
199609050702
199606060703
199606060712
199606060708
199609050707
199606060709
199609050711
199609050703
199606060806
199606060809
199609050808
199609050801
199606060801
199609050812
199609050807
199606060803
199606060802
199609050810
199606060804
199609050802
199609050809
199606060808
199606060810
199609050811
199606060805
199609050805
199609050803
199609050806
199606060807
199609050804
