199708010111
199708010105
199706010107
199706010101
199706010102
199708010108
199706010104
199708010103
199706010108
199708010106
199708010112
199708010107
199706010103
199706010109
199706010105
199708010101
199706010111
199708010110
199708010109
199706010110
199708010102
199706010106
199706010112
199708010104
199706010204
199706010207
199708010201
199706010202
199708010205
199706010203
199708010210
199708010202
199708010206
199706010211
199708010209
199706010201
199708010203
199706010208
199708010211
199706010205
199708010208
199708010204
199706010210
199706010209
199706010212
199708010207
199706010206
199708010212
199706010301
199706010305
199708010308
199708010312
199708010304
199706010307
199706010302
199706010308
199708010310
199708010311
199706010311
199708010306
199706010303
199706010306
199708010301
199708010303
199706010310
199706010304
199706010309
199708010307
199708010302
199706010312
199708010309
199708010305
199708010412
199708010408
199708010407
199708010402
199708010401
199708010409
199706010408
199706010411
199706010412
199708010404
199706010401
199708010405
199706010406
199708010410
199708010406
199708010411
199706010410
199706010407
199706010404
199706010405
199706010402
199706010409
199708010403
199706010403
199706010507
199706010503
199708010511
199706010505
199706010506
199708010505
199708010503
199706010508
199706010512
199708010504
199706010510
199706010504
199706010511
199708010508
199706010502
199708010506
199706010501
199708010512
199708010501
199708010509
199708010507
199708010510
199706010509
199708010502
199706010605
199706010611
199706010610
199706010601
199708010606
199708010611
199708010601
199706010608
199706010612
199706010607
199708010608
199708010607
199706010606
199708010605
199708010610
199706010602
199706010604
199706010603
199708010612
199708010603
199706010609
199708010604
199708010609
199708010602
199706010707
199706010701
199706010703
199708010706
199708010702
199706010711
199708010710
199708010704
199706010704
199706010710
199706010702
199706010705
199706010712
199706010706
199708010711
199706010708
199708010705
199708010707
199708010701
199708010712
199708010703
199708010709
199708010708
199706010709
199706010811
199706010805
199706010804
199708010802
199708010801
199708010805
199706010809
199708010811
199706010812
199708010804
199706010806
199708010810
199706010810
199706010803
199708010806
199706010802
199706010807
199706010808
199708010808
199706010801
199708010809
199708010803
199708010812
199708010807
199708020102
199705010109
199708020105
199705010106
199708020109
199708020106
199705010107
199705010108
199708020104
199708020101
199705010110
199708020108
199708020107
199705010101
199708020111
199705010104
199708020110
199705010103
199708020103
199705010111
199705010112
199705010102
199705010105
199708020209
199705010208
199705010210
199705010202
199708020204
199708020206
199708020201
199710010210
199708020211
199710010203
199710010211
199705010204
199710010201
199710010208
199705010207
199710010209
199710010202
199705010212
199705010201
199708020202
199708020210
199705010205
199710010207
199708020208
199710010205
199710010204
199710010212
199710010206
199705010209
199708020205
199705010206
199708020207
199708020203
199708020212
199705010211
199705010203
199710010109
199710010110
199710010105
199710010108
199710010107
199710010106
199710010102
199710010112
199710010104
199710010101
199710010111
199710010103
199710010302
199705010303
199705010312
199705010310
199710010309
199705010305
199705010302
199710010303
199705010308
199708020311
199708020307
199708020302
199705010301
199710010310
199705010307
199710010311
199710010312
199708020303
199710010308
199710010301
199710010305
199710010307
199708020312
199710010306
199708020310
199708020301
199708020304
199705010304
199708020308
199708020306
199708020305
199705010309
199710010304
199705010311
199708020309
199705010306
199708020404
199708020412
199708020410
199710010406
199708020401
199710010411
199710010409
199705010404
199710010401
199708020405
199708020411
199710010403
199705010409
199710010408
199705010401
199710010412
199705010403
199708020406
199710010404
199705010412
199708020403
199710010407
199705010402
199708020402
199708020407
199710010402
199708020409
199705010406
199705010405
199708020408
199710010410
199705010411
199710010405
199705010408
199705010410
199705010407
199710010502
199708020502
199708020508
199705010506
199705010504
199705010511
199708020512
199710010508
199705010502
199708020507
199705010509
199710010510
199705010507
199710010503
199708020503
199708020511
199708020509
199705010510
199708020510
199710010506
199710010504
199710010505
199705010503
199710010512
199710010509
199708020505
199708020504
199710010507
199708020506
199705010501
199705010512
199705010508
199710010511
199708020501
199710010501
199705010505
199705010612
199708020601
199708020610
199708020608
199710010608
199710010607
199708020607
199705010605
199705010601
199708020605
199705010611
199710010610
199710010603
199710010609
199705010609
199710010611
199708020603
199705010606
199710010612
199705010608
199708020606
199710010601
199708020602
199708020612
199708020604
199708020609
199708020611
199710010604
199705010607
199705010604
199710010605
199705010610
199705010602
199705010603
199710010602
199710010606
199708020705
199708020702
199708020706
199710010702
199708020703
199705010701
199710010701
199705010712
199705010703
199710010708
199708020709
199705010702
199708020701
199708020710
199710010706
199705010707
199708020708
199710010707
199710010703
199705010704
199705010711
199705010709
199710010709
199705010708
199705010705
199708020712
199710010704
199710010711
199710010710
199708020711
199705010706
199710010712
199705010710
199708020707
199710010705
199708020704
199708020809
199710010810
199705010806
199705010802
199710010808
199710010802
199710010809
199708020801
199708020807
199705010804
199708020812
199710010803
199705010812
199705010803
199705010805
199708020808
199705010810
199710010807
199705010807
199710010812
199708020803
199705010811
199710010805
199708020805
199710010811
199708020802
199708020804
199705010801
199708020806
199708020811
199708020810
199705010809
199710010801
199710010804
199705010808
199710010806
199709010109
199709010112
199709010110
199709010108
199709010105
199709010101
199709010102
199706020111
199706020105
199706020107
199709010103
199706020109
199709010104
199709010106
199706020102
199706020112
199709010111
199706020106
199709010107
199706020103
199706020108
199706020101
199706020110
199706020104
199709010205
199706020203
199709010204
199709010206
199709010210
199709010211
199709010208
199706020209
199706020205
199706020204
199709010212
199709010201
199706020202
199709010203
199706020207
199706020212
199706020201
199709010209
199706020210
199706020208
199706020211
199706020206
199709010207
199709010202
199706020306
199706020309
199709010307
199709010312
199707010108
199706020304
199709010303
199709010305
199707010102
199709010310
199706020311
199707010104
199706020312
199707010111
199707010107
199709010301
199707010106
199706020302
199706020307
199709010306
199706020305
199709010302
199707010101
199709010304
199707010105
199707010110
199709010308
199709010309
199707010109
199707010112
199709010311
199706020301
199707010103
199706020310
199706020303
199706020308
199709010410
199707010210
199706020401
199709010407
199709010412
199706020404
199707010211
199706020406
199706020412
199709010404
199706020402
199706020408
199707010203
199706020403
199707010205
199709010406
199706020407
199707010202
199707010207
199707010204
199706020409
199709010401
199709010405
199706020411
199707010206
199709010408
199707010201
199707010209
199709010411
199706020410
199709010402
199707010208
199709010409
199709010403
199706020405
199707010212
199706020503
199707010307
199706020510
199706020509
199709010508
199706020512
199709010512
199706020511
199707010312
199707010308
199706020502
199707010303
199707010302
199706020507
199707010306
199707010309
199709010501
199709010503
199709010505
199706020506
199709010502
199706020505
199707010301
199709010507
199709010504
199709010506
199709010510
199707010310
199706020504
199709010511
199707010304
199709010509
199706020508
199706020501
199707010305
199707010311
199707010404
199706020610
199707010406
199707010403
199709010603
199706020602
199706020612
199709010604
199709010612
199706020601
199709010602
199707010409
199709010606
199707010405
199706020606
199706020604
199707010408
199706020611
199706020605
199707010410
199709010605
199709010610
199709010601
199709010611
199709010607
199707010411
199707010407
199709010609
199706020609
199707010401
199706020607
199709010608
199706020603
199707010412
199707010402
199706020608
199707010511
199706020711
199709010712
199707010503
199706020707
199707010504
199709010706
199709010703
199706020706
199709010705
199709010711
199707010508
199706020705
199706020702
199707010506
199709010707
199709010710
199707010510
199707010505
199707010509
199706020704
199709010709
199707010512
199707010507
199709010701
199707010502
199709010704
199706020712
199706020701
199709010702
199706020708
199706020710
199706020703
199709010708
199707010501
199706020709
199706020802
199709010807
199706020803
199707010604
199709010811
199706020809
199707010611
199707010609
199707010605
199706020806
199707010606
199706020807
199709010806
199709010812
199709010801
199706020811
199707010601
199706020804
199706020810
199706020812
199706020801
199709010805
199709010803
199709010808
199706020808
199707010612
199707010610
199707010602
199709010804
199707010607
199706020805
199707010608
199709010802
199709010809
199707010603
199709010810
199707010709
199706030107
199707010701
199707010702
199707010711
199706030102
199709020101
199707010707
199707010706
199709020108
199709020109
199709020102
199707010704
199707010710
199707010708
199707010705
199709020106
199709020107
199709020111
199706030104
199706030109
199706030112
199709020110
199707010703
199706030108
199709020112
199707010712
199709020104
199706030110
199709020105
199706030103
199706030106
199709020103
199706030105
199706030111
199706030101
199706030212
199707010805
199709020207
199709020210
199707010804
199706030203
199707010812
199709020201
199709020209
199706030201
199706030202
199706030210
199706030209
199707010808
199707010801
199709020211
199707010807
199709020212
199706030205
199709020204
199706030207
199707010811
199707010802
199709020203
199707010806
199706030204
199709020202
199709020206
199709020208
199707010803
199706030208
199706030206
199707010810
199707010809
199709020205
199706030211
199706030310
199709020308
199706030301
199709020312
199709020301
199709020311
199709020302
199706030311
199709020304
199706030305
199706030307
199709020309
199709020303
199709020306
199709020307
199706030309
199706030308
199706030303
199706030304
199706030302
199706030306
199706030312
199709020310
199709020305
199709020410
199709020405
199709020407
199706030406
199706030403
199706030412
199709020406
199709020411
199706030404
199706030411
199706030402
199706030408
199709020403
199706030405
199706030409
199709020408
199709020412
199706030410
199709020409
199706030401
199709020404
199706030407
199709020402
199709020401
199709020506
199709020512
199706030511
199709020501
199706030501
199709020507
199706030504
199706030510
199709020511
199709020505
199709020503
199706030503
199706030507
199709020504
199709020510
199706030505
199709020508
199709020509
199706030506
199709020502
199706030508
199706030509
199706030502
199706030512
199709020602
199706030602
199709020610
199706030606
199706030604
199706030601
199709020607
199706030608
199709020608
199709020604
199706030612
199706030605
199709020603
199709020605
199709020606
199706030609
199709020611
199709020601
199706030603
199706030610
199709020609
199706030607
199706030611
199706030709
199709020711
199706030710
199706030704
199706030711
199706030707
199709020703
199709020705
199706030705
199706030702
199709020712
199709020708
199709020710
199709020709
199709020707
199709020701
199709020706
199709020702
199706030701
199706030706
199706030708
199706030703
199709020704
199706030712
199706030801
199709020809
199709020807
199706030802
199706030810
199706030811
199706030808
199709020804
199706030804
199706030806
199709020801
199709020803
199709020810
199709020808
199709020806
199709020812
199706030803
199709020802
199706030805
199709020805
199709020811
199706030809
199706030807
199704010106
199704010109
199704010108
199704010110
199708030101
199705020109
199705020105
199708030106
199705020110
199708030105
199705020101
199704010105
199708030102
199704010104
199708030107
199705020112
199704010101
199705020111
199704010112
199708030110
199705020108
199705020102
199704010107
199708030104
199708030111
199708030112
199708030108
199708030109
199704010111
199705020104
199705020107
199704010103
199705020106
199708030103
199704010102
199705020103
199708030209
199704010209
199704010211
199708030201
199708030202
199708030206
199704010212
199705020205
199708030205
199705020208
199708030208
199708030210
199705020212
199705020202
199705020203
199705020207
199705020211
199708030212
199704010204
199708030204
199705020201
199704010208
199704010210
199708030207
199704010207
199705020209
199704010203
199704010201
199704010205
199705020206
199705020210
199708030203
199708030211
199704010206
199704010202
199705020204
199708030306
199704010303
199708030307
199708030301
199705020304
199704010306
199705020301
199708030312
199704010310
199708030311
199708030303
199704010301
199705020305
199705020303
199705020310
199708030308
199705020308
199705020309
199705020311
199704010305
199708030302
199705020306
199705020307
199705020302
199704010312
199708030309
199708030310
199705020312
199704010311
199704010309
199708030304
199704010308
199704010302
199704010304
199704010307
199708030305
199704010408
199705020409
199704010406
199705020408
199705020404
199704010407
199708030408
199708030409
199705020411
199704010405
199704010404
199708030406
199708030404
199708030401
199708030403
199704010411
199705020407
199704010410
199704010403
199705020410
199705020412
199708030410
199704010409
199704010402
199704010412
199708030405
199705020405
199708030411
199705020402
199708030402
199705020401
199708030407
199704010401
199705020406
199705020403
199705020509
199705020511
199705020512
199708030509
199708030505
199708030502
199705020508
199708030510
199705020505
199705020504
199708030511
199708030506
199708030501
199705020506
199708030507
199705020502
199705020503
199708030508
199705020507
199708030504
199708030503
199705020501
199708030512
199705020510
199708030609
199705020606
199705020609
199708030606
199705020604
199705020605
199708030612
199708030604
199708030602
199705020607
199705020610
199708030603
199708030610
199705020612
199705020608
199708030608
199708030605
199705020602
199708030607
199705020611
199708030601
199705020601
199708030611
199705020603
199704010505
199704010510
199705020712
199704010512
199704010501
199708030710
199704010509
199705020709
199704010506
199708030709
199708030706
199708030705
199708030708
199705020708
199708030712
199708030711
199705020710
199708030707
199705020702
199704010504
199705020706
199708030702
199708030703
199708030704
199704010508
199705020705
199705020707
199705020703
199705020701
199704010502
199704010503
199705020704
199704010511
199705020711
199704010507
199708030701
199704010612
199705020801
199704010611
199704010607
199708030802
199708030804
199708030806
199708030811
199704010610
199704010602
199704010605
199704010608
199708030809
199704010606
199705020805
199705020811
199708030803
199704010609
199705020803
199705020804
199705020808
199704010604
199705020812
199705020807
199704010601
199708030801
199708030805
199708030808
199708030807
199704010603
199705020802
199705020810
199708030810
199708030812
199705020806
199705020809
199704010706
199707020112
199704010709
199704010701
199704010705
199707020109
199707020105
199705030106
199704010708
199705030105
199705030103
199704010707
199705030107
199705030109
199707020111
199707020101
199705030110
199704010702
199707020103
199707020104
199704010712
199707020110
199707020108
199705030108
199705030104
199705030112
199705030111
199707020107
199707020106
199704010710
199707020102
199704010704
199705030101
199705030102
199704010711
199704010703
199705030211
199705030205
199707020204
199707020201
199705030209
199704010809
199705030210
199707020202
199705030212
199704010806
199704010807
199707020203
199707020211
199705030208
199707020206
199704010804
199704010808
199705030204
199704010803
199705030201
199707020207
199707020212
199705030202
199705030207
199707020210
199704010810
199704010805
199704010802
199705030203
199705030206
199707020208
199704010811
199707020205
199707020209
199704010801
199707020309
199707020304
199705030310
199707020302
199707020310
199705030306
199705030307
199705030311
199705030308
199707020305
199705030309
199705030304
199707020308
199707020311
199705030302
199707020303
199705030305
199707020307
199705030312
199705030301
199707020306
199707020312
199705030303
199707020301
199707020409
199705030403
199707020407
199707020405
199707020410
199705030409
199705030406
199705030402
199707020403
199705030401
199707020406
199705030410
199707020411
199705030407
199707020408
199705030411
199707020412
199707020401
199707020402
199707020404
199705030408
199705030405
199705030404
199705030512
199705030511
199705030506
199707020510
199707020512
199707020507
199707020508
199707020505
199707020509
199707020502
199707020511
199705030508
199705030501
199705030502
199705030509
199707020501
199705030507
199705030504
199707020506
199707020503
199705030505
199705030510
199707020504
199705030503
199705030609
199705030601
199705030607
199705030602
199707020601
199707020607
199705030608
199707020611
199707020609
199707020602
199707020605
199707020610
199705030610
199707020608
199705030606
199705030605
199707020612
199707020604
199707020603
199705030604
199707020606
199705030603
199702010108
199702010110
199707020703
199707020701
199707020705
199705030703
199707020709
199702010102
199707020712
199705030708
199705030704
199705030709
199702010106
199707020711
199705030706
199705030705
199705030711
199707020707
199702010112
199702010104
199705030707
199707020704
199702010109
199702010107
199702010111
199707020702
199702010105
199705030712
199705030710
199707020706
199707020708
199705030701
199702010101
199705030702
199702010103
199707020710
199702010208
199707020812
199707020807
199705030812
199705030805
199702010203
199702010209
199707020810
199702010206
199707020811
199705030810
199705030803
199707020801
199707020804
199702010205
199705030802
199702010212
199707020803
199702010204
199707020809
199705030801
199707020808
199702010211
199702010201
199705030804
199707020802
199705030809
199705030807
199705030811
199707020806
199705030806
199702010202
199702010207
199707020805
199702010210
199705030808
199709030105
199709030106
199703010110
199703010103
199703010107
199702010311
199709030110
199709030111
199702010305
199703010106
199702010304
199702010310
199703010102
199709030101
199703010101
199702010312
199709030104
199703010108
199703010112
199702010308
199703010105
199703010111
199709030112
199702010306
199702010307
199702010302
199709030107
199702010309
199709030108
199703010104
199703010109
199702010301
199702010303
199709030109
199709030102
199709030103
199702010407
199702010406
199703010205
199709030203
199709030212
199703010207
199702010401
199702010402
199709030205
199709030208
199702010410
199702010409
199709030202
199709030209
199703010201
199709030210
199702010408
199702010405
199709030204
199703010209
199702010411
199703010211
199702010412
199703010206
199709030207
199709030201
199709030211
199703010202
199702010403
199703010204
199709030206
199703010210
199703010203
199703010208
199702010404
199703010212
199709030306
199709030311
199702010508
199703010311
199702010507
199703010304
199703010312
199702010506
199709030312
199703010301
199702010509
199702010505
199709030310
199703010309
199709030307
199709030305
199703010302
199709030309
199709030304
199702010510
199709030302
199702010501
199703010308
199709030301
199703010306
199703010303
199702010503
199702010512
199703010310
199702010502
199709030308
199702010511
199703010305
199709030303
199703010307
199702010504
199702010603
199702010605
199703010406
199702010602
199702010606
199702010604
199702010612
199703010402
199703010405
199702010608
199703010412
199709030408
199709030404
199709030410
199702010609
199703010407
199703010408
199703010411
199709030409
199703010410
199702010607
199709030406
199709030401
199703010401
199709030403
199702010610
199702010601
199709030405
199703010409
199709030407
199703010404
199702010611
199709030402
199703010403
199709030411
199709030412
199702010711
199702010704
199703010509
199703010505
199703010506
199709030503
199709030511
199702010710
199709030505
199709030509
199703010502
199709030507
199709030501
199702010707
199709030508
199702010702
199709030504
199703010503
199703010511
199702010701
199703010504
199702010709
199702010703
199702010708
199702010712
199709030512
199702010705
199709030506
199703010508
199709030502
199703010507
199703010512
199703010501
199702010706
199709030510
199703010510
199703010609
199702010805
199703010602
199702010809
199702010806
199703010610
199702010810
199702010808
199702010802
199709030605
199709030607
199709030612
199709030601
199709030604
199703010604
199703010607
199702010811
199702010804
199703010612
199703010603
199709030602
199702010807
199709030603
199702010801
199702010812
199703010601
199709030609
199703010611
199709030611
199709030610
199709030608
199703010605
199703010608
199702010803
199703010606
199709030606
199703010701
199709030701
199702020109
199703010704
199709030711
199702020106
199703010703
199709030708
199709030704
199703010705
199709030706
199702020104
199709030709
199702020102
199702020110
199703010710
199702020111
199702020107
199703010702
199709030710
199702020103
199702020105
199709030703
199703010709
199702020101
199703010708
199702020112
199702020108
199709030707
199709030712
199703010707
199709030702
199703010706
199703010712
199709030705
199703010711
199702020207
199709030801
199702020201
199702020210
199709030806
199703010809
199703010802
199703010803
199709030803
199703010804
199702020205
199703010810
199709030811
199703010807
199703010806
199702020209
199709030810
199703010805
199709030805
199702020206
199703010808
199703010812
199709030802
199709030808
199702020204
199703010801
199702020212
199709030807
199702020211
199702020208
199709030804
199702020202
199709030809
199703010811
199702020203
199710020108
199702020302
199710020111
199702020308
199704020109
199702020311
199704020106
199710020101
199704020105
199702020307
199710020102
199704020103
199704020104
199702020309
199710020106
199704020112
199704020101
199710020110
199710020104
199704020107
199702020306
199710020105
199710020107
199710020112
199704020108
199704020102
199702020312
199704020111
199710020109
199710020103
199702020310
199702020305
199702020301
199704020110
199702020304
199702020303
199704020203
199710020212
199704020208
199710020202
199710020210
199710020206
199702020404
199702020405
199704020212
199704020205
199710020204
199710020205
199710020203
199710020209
199702020411
199704020201
199702020403
199702020412
199710020201
199710020211
199704020207
199704020209
199702020402
199704020210
199702020408
199702020407
199704020211
199702020410
199710020208
199702020409
199702020406
199704020204
199702020401
199704020202
199704020206
199710020207
199704020307
199702020504
199702020502
199704020310
199710020311
199702020507
199702020501
199702020508
199702020505
199710020307
199704020306
199710020306
199704020305
199710020301
199704020302
199704020309
199704020311
199710020310
199710020305
199702020503
199702020506
199704020301
199704020303
199710020309
199710020302
199704020312
199710020312
199702020509
199702020511
199710020308
199704020304
199702020510
199710020303
199702020512
199704020308
199710020304
199704020403
199704020407
199704020402
199702020606
199710020401
199702020605
199704020411
199702020608
199702020603
199704020408
199710020411
199702020602
199710020412
199702020610
199702020601
199704020409
199702020611
199702020607
199704020401
199704020410
199704020412
199710020410
199702020609
199710020403
199702020612
199710020406
199710020409
199702020604
199710020402
199710020405
199710020407
199704020405
199704020406
199704020404
199710020404
199710020408
199710020502
199702020705
199704020502
199704020508
199710020506
199702020704
199702020710
199704020503
199710020508
199710020505
199702020706
199710020511
199710020504
199710020512
199710020510
199704020504
199702020702
199704020506
199702020711
199710020503
199702020701
199702020708
199702020707
199704020507
199710020509
199702020709
199702020712
199704020512
199704020509
199704020510
199704020501
199704020505
199704020511
199702020703
199710020507
199710020501
199702020805
199710020612
199702020806
199702020807
199704020602
199704020603
199704020609
199702020811
199702020803
199710020605
199704020605
199710020602
199702020802
199710020603
199710020609
199704020611
199704020610
199702020808
199710020610
199704020612
199702020804
199710020611
199710020606
199710020607
199710020601
199702020812
199702020801
199704020607
199704020601
199704020604
199704020606
199710020608
199702020809
199704020608
199710020604
199702020810
199704020706
199704020712
199710020701
199704020701
199701010105
199701010108
199710020704
199710020705
199710020711
199704020708
199701010102
199701010109
199704020702
199701010101
199701010112
199710020703
199710020707
199704020703
199704020709
199704020711
199701010111
199710020706
199710020709
199701010103
199701010106
199710020702
199704020705
199701010110
199710020712
199710020708
199704020704
199704020707
199701010104
199704020710
199710020710
199701010107
199701010204
199704020805
199704020810
199701010208
199704020801
199701010203
199704020812
199704020804
199701010205
199704020808
199701010206
199704020811
199710020807
199710020812
199710020811
199710020809
199701010212
199710020803
199701010207
199704020807
199704020802
199704020809
199710020808
199701010209
199704020806
199710020810
199701010201
199710020806
199701010202
199710020805
199710020802
199701010210
199704020803
199710020801
199710020804
199701010211
199704030109
199701010301
199710030110
199710030105
199701010308
199710030112
199704030101
199704030110
199701010307
199701010312
199704030102
199710030104
199710030103
199704030103
199710030111
199701010302
199710030101
199701010309
199701010304
199704030104
199701010305
199704030107
199704030112
199701010310
199701010303
199710030108
199701010311
199704030106
199704030105
199710030109
199701010306
199704030111
199710030102
199704030108
199710030106
199710030107
199710030212
199710030203
199704030208
199704030206
199701010411
199710030204
199701010410
199710030207
199701010403
199704030212
199710030201
199704030204
199704030209
199701010412
199704030210
199701010406
199704030211
199710030205
199701010409
199704030202
199710030209
199710030202
199710030210
199704030201
199701010404
199710030211
199704030205
199704030203
199701010407
199701010401
199701010402
199710030208
199704030207
199710030206
199701010405
199701010408
199701010509
199704030302
199710030308
199710030303
199701010511
199704030303
199704030301
199704030308
199710030306
199704030304
199710030305
199701010504
199710030307
199704030311
199701010507
199704030312
199704030309
199701010512
199701010508
199710030302
199710030309
199704030305
199704030306
199701010506
199701010501
199710030301
199704030310
199710030310
199704030307
199701010503
199710030311
199701010502
199701010505
199710030312
199701010510
199710030304
199701010610
199701010602
199704030401
199701010606
199710030412
199710030405
199704030407
199701010605
199710030401
199701010601
199704030412
199701010609
199704030405
199710030409
199701010607
199704030403
199710030404
199701010604
199701010612
199704030409
199710030406
199704030410
199710030411
199704030408
199710030408
199701010603
199701010608
199710030402
199704030411
199710030403
199704030404
199704030406
199704030402
199701010611
199710030407
199710030410
199710030504
199710030507
199710030502
199710030503
199701010704
199710030510
199710030512
199704030502
199704030505
199710030505
199710030509
199704030504
199704030506
199710030508
199710030511
199701010711
199704030507
199701010707
199704030501
199704030503
199701010710
199704030510
199701010708
199701010709
199704030511
199704030512
199701010702
199701010706
199701010703
199710030501
199701010712
199704030509
199704030508
199710030506
199701010701
199710030611
199710030610
199701010806
199704030608
199710030606
199701010810
199704030611
199710030612
199704030602
199704030606
199710030608
199710030605
199704030603
199710030607
199710030602
199701010802
199701010811
199704030610
199704030607
199701010807
199701010808
199701010812
199710030603
199701010805
199704030604
199701010804
199701010803
199704030601
199710030601
199704030612
199710030604
199710030609
199704030605
199701010809
199704030609
199701010801
199704030707
199710030706
199701020110
199710030702
199704030708
199704030704
199704030705
199710030701
199710030709
199701020105
199710030707
199701020111
199701020109
199710030708
199701020108
199710030712
199701020102
199710030711
199704030710
199704030702
199704030706
199704030701
199701020103
199704030703
199710030710
199710030704
199701020112
199701020107
199710030705
199701020106
199710030703
199704030711
199701020104
199704030712
199701020101
199704030709
199701020208
199701020207
199710030803
199710030805
199704030807
199704030801
199704030810
199710030806
199710030807
199704030812
199710030810
199701020206
199704030806
199710030801
199704030805
199710030811
199701020202
199701020204
199704030804
199704030803
199701020210
199701020205
199704030811
199710030808
199704030802
199701020201
199701020209
199704030808
199701020212
199710030804
199710030812
199710030802
199701020203
199701020211
199704030809
199710030809
199701020308
199706040110
199701020304
199701020301
199701020310
199709040104
199709040106
199706040104
199701020305
199706040108
199706040112
199706040107
199709040109
199709040103
199709040102
199701020303
199709040105
199701020302
199706040103
199709040111
199701020307
199709040107
199709040108
199701020311
199706040109
199709040112
199701020306
199706040106
199709040101
199706040101
199706040111
199706040105
199701020312
199706040102
199709040110
199701020309
199706040202
199701020408
199709040209
199701020409
199706040205
199706040201
199706040211
199701020407
199709040203
199706040204
199709040212
199706040206
199701020412
199701020403
199701020411
199706040209
199706040203
199709040204
199709040210
199706040210
199709040205
199706040212
199709040201
199709040211
199709040206
199701020402
199701020401
199709040208
199706040207
199701020405
199706040208
199701020404
199701020406
199709040202
199701020410
199709040207
199701020508
199701020511
199706040310
199701020510
199709040307
199706040306
199706040304
199709040309
199709040302
199701020506
199701020502
199706040302
199709040303
199709040311
199701020501
199706040301
199701020509
199706040303
199701020504
199709040306
199709040305
199706040307
199709040312
199701020505
199706040305
199706040309
199706040308
199706040311
199706040312
199709040304
199701020503
199709040301
199709040310
199701020512
199701020507
199709040308
199701020612
199706040407
199706040402
199706040403
199709040401
199709040411
199709040412
199701020603
199709040407
199709040410
199709040406
199701020609
199701020611
199706040409
199709040404
199706040410
199701020605
199701020608
199706040412
199701020606
199709040405
199706040411
199709040403
199706040401
199706040404
199701020607
199706040408
199709040408
199706040405
199709040409
199706040406
199709040402
199701020604
199701020610
199701020601
199701020602
199709040502
199706040510
199701020704
199706040501
199706040506
199709040510
199709040512
199701020701
199701020702
199709040506
199706040503
199706040512
199701020709
199709040504
199706040508
199701020711
199706040505
199701020703
199701020706
199709040503
199709040501
199709040509
199701020705
199709040505
199706040511
199701020707
199709040508
199706040507
199706040509
199701020708
199706040502
199709040511
199709040507
199701020712
199706040504
199701020710
199709040608
199706040606
199701020808
199701020803
199701020807
199701020810
199701020805
199709040609
199709040605
199706040610
199706040608
199701020802
199701020806
199706040603
199709040610
199706040605
199706040609
199706040612
199709040611
199706040611
199709040602
199709040601
199701020804
199706040601
199709040606
199706040604
199709040603
199709040607
199706040602
199709040612
199709040604
199701020811
199701020812
199701020801
199701020809
199706040607
199703020107
199709040702
199703020105
199706040708
199709040709
199706040704
199703020109
199703020102
199709040703
199709040701
199706040707
199706040709
199706040712
199709040708
199706040703
199703020104
199709040705
199706040705
199709040711
199709040712
199709040704
199703020112
199706040710
199709040707
199709040710
199703020106
199706040701
199706040702
199703020111
199703020101
199706040711
199703020110
199709040706
199703020103
199706040706
199703020108
199706040812
199703020212
199703020201
199706040810
199709040808
199709040809
199703020208
199703020205
199703020211
199709040807
199709040811
199706040811
199706040801
199703020202
199709040805
199703020206
199706040804
199709040812
199703020209
199706040802
199709040802
199709040804
199706040803
199703020204
199703020203
199709040810
199703020210
199706040807
199706040805
199709040806
199709040801
199706040809
199709040803
199703020207
199706040808
199706040806
199703020304
199708040111
199705040109
199705040103
199703020308
199705040106
199708040106
199705040107
199705040110
199705040102
199705040105
199705040108
199705040101
199703020303
199708040104
199708040102
199703020312
199705040111
199708040107
199708040110
199708040109
199703020301
199705040104
199708040108
199708040112
199708040103
199708040101
199703020311
199703020305
199708040105
199703020306
199703020309
199703020307
199703020302
199703020310
199705040112
199708040204
199708040206
199705040210
199705040208
199705040206
199708040207
199703020407
199708040201
199708040203
199705040204
199705040203
199708040210
199705040211
199708040209
199705040201
199703020401
199708040208
199703020412
199705040209
199703020409
199703020405
199703020404
199705040212
199703020408
199703020403
199703020406
199708040211
199708040202
199705040207
199703020411
199705040205
199703020410
199705040202
199708040205
199708040212
199703020402
199708040305
199708040306
199703020509
199705040311
199703020503
199705040307
199705040304
199708040303
199705040308
199703020511
199705040303
199703020507
199705040310
199708040312
199705040301
199703020506
199708040304
199708040301
199705040302
199708040302
199705040312
199703020508
199705040309
199705040306
199708040308
199703020505
199708040310
199703020510
199703020502
199708040309
199708040307
199703020501
199703020504
199705040305
199708040311
199703020512
199705040404
199705040403
199703020604
199708040404
199705040407
199703020612
199705040402
199703020601
199703020602
199703020610
199708040409
199705040410
199708040402
199705040412
199708040408
199705040401
199705040406
199705040405
199703020608
199705040411
199708040412
199703020606
199705040409
199703020607
199703020611
199703020609
199708040403
199708040411
199708040405
199708040406
199708040410
199708040407
199703020605
199703020603
199705040408
199708040401
199703020703
199705040503
199708040506
199703020712
199705040505
199705040511
199703020701
199708040503
199708040511
199708040504
199708040508
199705040501
199708040507
199708040502
199708040512
199708040505
199703020711
199703020708
199708040509
199705040509
199703020706
199705040508
199705040502
199705040507
199705040510
199703020702
199703020705
199708040501
199708040510
199703020704
199705040506
199703020710
199703020709
199705040512
199705040504
199703020707
199703020807
199705040605
199708040610
199708040606
199703020802
199703020806
199705040603
199708040605
199705040609
199708040604
199703020808
199703020801
199705040607
199703020803
199703020812
199708040609
199708040601
199708040611
199708040608
199705040612
199703020804
199708040603
199703020805
199705040602
199708040607
199705040601
199703020811
199705040604
199703020810
199705040610
199705040606
199708040612
199705040611
199708040602
199703020809
199705040608
199708040711
199705040703
199705040708
199708040707
199703030104
199703030111
199708040705
199705040709
199705040705
199708040706
199708040704
199703030103
199703030112
199703030109
199703030106
199705040710
199708040703
199708040708
199708040709
199703030105
199708040712
199708040710
199703030101
199703030102
199703030108
199703030107
199705040701
199708040701
199703030110
199705040702
199705040711
199708040702
199705040704
199705040712
199705040707
199705040706
199705040806
199705040802
199708040802
199708040808
199703030201
199708040801
199703030208
199703030205
199705040807
199703030210
199705040810
199708040805
199703030209
199705040803
199703030206
199708040812
199703030212
199708040806
199705040808
199708040810
199703030207
199703030211
199708040811
199708040807
199705040801
199705040804
199703030202
199703030204
199708040804
199705040809
199708040809
199703030203
199705040805
199708040803
199705040811
199705050109
199708050103
199703030310
199705050102
199708050101
199703030306
199705050112
199705050105
199703030308
199708050110
199708050112
199703030301
199705050110
199708050104
199708050102
199703030305
199703030303
199703030311
199703030309
199703030312
199705050101
199708050106
199708050107
199708050108
199708050105
199705050108
199705050103
199705050106
199703030302
199705050104
199708050109
199703030304
199705050107
199703030307
199708050111
199705050111
199703030402
199705050202
199708050203
199708050211
199705050208
199708050201
199708050206
199708050204
199708050205
199705050206
199703030407
199703030408
199708050208
199703030403
199703030404
199705050204
199705050205
199703030411
199703030412
199703030410
199705050207
199703030401
199705050210
199708050210
199703030409
199705050212
199708050202
199705050203
199705050209
199708050207
199705050211
199708050209
199705050201
199703030405
199703030406
199705050312
199705050303
199708050307
199703030506
199703030510
199708050311
199708050310
199705050301
199703030504
199703030511
199705050308
199708050301
199708050303
199703030501
199703030502
199708050306
199708050305
199705050302
199705050311
199705050306
199703030509
199708050302
199705050310
199705050307
199703030508
199703030507
199708050304
199705050309
199703030503
199703030512
199705050305
199708050309
199705050304
199708050312
199708050308
199703030505
199705050405
199708050408
199708050406
199708050407
199708050405
199708050410
199703030605
199705050408
199705050412
199703030602
199705050409
199708050411
199705050403
199705050401
199708050401
199708050409
199703030611
199703030612
199703030601
199703030607
199703030603
199705050406
199708050402
199703030604
199703030606
199703030609
199703030610
199708050404
199705050404
199705050410
199705050407
199708050403
199705050402
199703030608
199705050411
199705050507
199705050511
199705050508
199705050504
199703030711
199705050503
199708050501
199703030701
199703030709
199703030702
199705050509
199708050511
199708050509
199705050505
199703030703
199703030708
199703030704
199708050512
199703030710
199708050504
199703030712
199705050506
199705050510
199708050503
199708050508
199708050510
199708050505
199708050502
199703030707
199705050502
199705050512
199708050506
199705050501
199703030705
199708050507
199703030706
199708050612
199703030807
199705050610
199708050603
199705050605
199703030811
199703030804
199708050605
199705050607
199703030802
199703030801
199705050612
199708050608
199705050601
199708050609
199705050611
199708050610
199703030806
199708050601
199703030812
199708050602
199703030808
199708050611
199703030805
199705050606
199705050604
199708050607
199703030803
199705050609
199705050608
199708050604
199703030809
199705050602
199708050606
199703030810
199705050603
199705050708
199705050701
199705050707
199705050703
199708050701
199707030101
199708050702
199707030108
199705050705
199705050712
199707030104
199705050709
199705050710
199708050703
199708050704
199708050710
199707030109
199707030112
199707030110
199708050708
199708050709
199708050711
199707030107
199708050707
199705050704
199707030102
199708050706
199707030103
199708050705
199707030111
199708050712
199707030106
199705050706
199705050711
199705050702
199707030105
199708050809
199705050801
199707030208
199708050802
199708050803
199705050806
199708050808
199707030203
199707030201
199708050807
199707030211
199708050806
199707030207
199707030212
199708050804
199705050804
199708050805
199705050807
199705050803
199705050802
199708050810
199707030210
199708050812
199707030209
199708050801
199707030202
199708050811
199705050811
199707030205
199707030206
199705050809
199705050810
199705050808
199707030204
199705050805
199707030308
199706050104
199706050107
199706050109
199709050101
199706050111
199706050106
199707030301
199706050108
199707030306
199707030309
199707030303
199709050102
199709050112
199707030312
199709050105
199707030311
199707030310
199709050107
199709050111
199709050110
199706050105
199709050108
199706050110
199706050102
199706050103
199707030305
199706050112
199709050109
199709050103
199709050106
199707030302
199707030304
199709050104
199706050101
199707030307
199707030405
199707030410
199706050207
199709050210
199709050211
199707030403
199706050205
199709050209
199709050207
199707030408
199706050204
199706050208
199706050201
199706050206
199707030407
199707030411
199709050202
199709050201
199709050206
199709050212
199706050211
199709050208
199709050203
199706050202
199709050204
199707030409
199706050203
199707030401
199709050205
199706050209
199707030406
199706050210
199706050212
199707030402
199707030412
199707030404
199706050303
199707030509
199707030504
199706050311
199707030502
199709050304
199707030503
199706050304
199706050310
199707030506
199706050301
199707030510
199706050306
199709050305
199707030507
199706050307
199709050301
199709050308
199709050309
199709050307
199707030501
199709050312
199706050305
199707030508
199709050310
199706050309
199709050303
199709050306
199709050302
199709050311
199707030505
199706050308
199706050302
199707030511
199707030512
199706050312
199706050407
199707030607
199706050411
199709050408
199706050403
199707030609
199706050405
199709050402
199709050405
199709050404
199709050407
199706050404
199709050412
199707030602
199707030608
199706050408
199706050402
199707030601
199709050403
199707030610
199707030606
199707030604
199709050409
199709050401
199707030603
199706050410
199706050401
199709050410
199707030605
199709050406
199709050411
199706050406
199706050412
199706050409
199707030611
199707030612
199709050503
199706050511
199706050503
199707030712
199706050506
199709050508
199707030710
199706050510
199706050507
199709050504
199709050505
199706050504
199709050507
199707030704
199707030709
199706050505
199709050512
199706050502
199707030703
199707030701
199707030707
199706050501
199707030702
199709050502
199707030711
199709050506
199706050509
199706050508
199709050501
199709050511
199707030705
199707030706
199706050512
199709050509
199709050510
199707030708
199707030810
199709050609
199709050607
199706050607
199707030809
199706050604
199707030801
199707030808
199707030805
199706050612
199709050611
199709050602
199706050605
199706050611
199706050610
199709050605
199709050603
199707030803
199706050608
199707030807
199707030806
199707030812
199706050603
199707030802
199709050604
199709050608
199709050606
199706050606
199707030804
199706050602
199706050601
199709050601
199709050612
199706050609
199707030811
199709050610
199706050701
199709050702
199706050711
199709050711
199709050704
199709050709
199709050707
199709050706
199706050707
199706050706
199709050712
199706050710
199706050712
199709050701
199706050702
199709050705
199706050703
199709050703
199706050709
199709050708
199709050710
199706050704
199706050708
199706050705
199706050810
199706050804
199709050801
199706050801
199706050802
199706050808
199709050806
199709050808
199709050809
199709050810
199709050812
199706050805
199706050809
199709050803
199709050811
199709050802
199709050804
199709050807
199706050806
199709050805
199706050803
199706050807
