199806010105
199806010106
199808010102
199806010112
199806010101
199806010102
199808010101
199806010110
199808010111
199808010107
199806010103
199806010108
199808010105
199808010110
199808010112
199808010106
199806010111
199806010107
199808010109
199806010109
199808010103
199806010104
199808010104
199808010108
199806010212
199806010202
199806010210
199808010210
199806010201
199806010208
199806010203
199808010204
199808010203
199806010204
199806010209
199806010207
199808010202
199808010211
199808010207
199808010201
199808010212
199808010209
199806010205
199808010205
199808010208
199808010206
199806010206
199806010211
199806010302
199808010305
199808010302
199808010307
199806010309
199808010309
199806010308
199806010312
199808010311
199808010303
199808010308
199806010306
199806010307
199806010303
199808010310
199806010310
199806010305
199808010304
199808010301
199806010304
199806010311
199808010306
199806010301
199808010312
199806010406
199806010410
199808010403
199806010411
199808010412
199808010410
199808010408
199806010407
199808010402
199806010408
199808010404
199806010401
199806010403
199808010409
199806010405
199808010406
199806010409
199808010411
199808010401
199808010407
199806010404
199808010405
199806010402
199806010412
199806010505
199806010502
199806010512
199808010508
199806010510
199808010509
199808010511
199808010510
199808010501
199806010507
199806010503
199808010512
199806010509
199806010504
199808010503
199808010504
199806010508
199806010511
199808010502
199808010506
199808010507
199806010506
199808010505
199806010501
199806010607
199806010608
199806010610
199808010610
199808010611
199808010604
199808010607
199806010605
199806010604
199806010603
199808010601
199808010609
199806010612
199808010606
199806010602
199808010608
199806010611
199808010612
199808010605
199808010602
199808010603
199806010601
199806010606
199806010609
199806010704
199806010707
199806010709
199808010704
199808010705
199808010702
199806010705
199808010709
199806010710
199808010706
199808010707
199808010711
199806010711
199806010706
199806010702
199808010712
199806010701
199806010708
199808010701
199806010712
199806010703
199808010708
199808010703
199808010710
199808010807
199808010810
199806010805
199808010808
199806010801
199806010808
199806010811
199808010809
199808010802
199806010802
199806010803
199808010804
199806010809
199806010812
199808010805
199808010801
199808010803
199806010810
199806010804
199806010806
199808010806
199808010812
199808010811
199806010807
199805010109
199808020111
199805010104
199805010110
199805010112
199808020101
199808020107
199808020102
199805010108
199808020103
199808020109
199805010106
199805010103
199808020104
199805010105
199805010101
199808020110
199808020105
199805010102
199805010111
199808020106
199808020112
199805010107
199808020108
199808020207
199805010211
199808020208
199808020210
199808020206
199805010202
199808020201
199808020211
199805010205
199808020203
199805010201
199808020205
199805010204
199805010209
199805010207
199808020202
199805010206
199808020204
199805010208
199805010210
199805010212
199808020212
199805010203
199808020209
199805010303
199808020308
199805010312
199805010311
199808020301
199805010306
199808020306
199805010301
199805010302
199805010305
199805010308
199808020305
199808020310
199805010309
199805010304
199808020304
199808020309
199808020311
199805010307
199808020302
199805010310
199808020307
199808020312
199808020303
199808020405
199808020412
199808020401
199808020404
199808020411
199805010402
199805010406
199805010405
199805010408
199805010409
199808020402
199808020407
199808020410
199808020406
199805010403
199805010407
199805010411
199808020409
199805010404
199805010412
199808020403
199808020408
199805010401
199805010410
199805010512
199805010504
199805010501
199808020510
199808020508
199805010505
199805010506
199805010507
199808020506
199808020511
199808020504
199808020501
199805010511
199805010509
199808020509
199808020502
199805010510
199808020512
199808020505
199805010503
199808020503
199805010508
199805010502
199808020507
199805010603
199805010607
199805010604
199808020612
199805010608
199805010612
199805010601
199808020604
199808020609
199805010606
199805010610
199808020603
199808020606
199808020607
199805010609
199808020601
199808020605
199805010602
199808020611
199808020608
199808020610
199805010611
199808020602
199808020706
199805010709
199805010712
199808020701
199808020704
199808020707
199805010707
199805010705
199805010703
199808020709
199808020712
199805010704
199805010702
199805010706
199808020703
199808020708
199808020702
199805010701
199808020711
199805010708
199805010711
199805010710
199808020710
199808020705
199808020807
199808020808
199808020801
199805010807
199805010808
199805010802
199808020809
199805010809
199805010805
199805010810
199808020810
199808020812
199805010812
199808020806
199805010801
199808020802
199808020804
199808020803
199808020805
199805010804
199805010811
199805010806
199805010803
199808020811
199807010106
199807010107
199807010108
199809010110
199806020104
199809010107
199809010101
199806020108
199809010112
199806020106
199807010110
199806020105
199806020103
199806020112
199809010111
199809010108
199807010105
199809010106
199806020107
199806020101
199806020110
199807010102
199809010109
199807010101
199809010103
199806020102
199807010111
199807010103
199807010112
199809010105
199806020109
199807010109
199809010104
199807010104
199806020111
199809010102
199807010209
199807010211
199807010202
199807010212
199809010206
199807010208
199809010203
199807010204
199809010208
199807010207
199807010205
199809010211
199809010212
199809010201
199809010210
199807010203
199809010204
199809010207
199809010205
199809010202
199807010201
199809010209
199807010210
199807010206
199806020205
199806020207
199806020208
199806020212
199806020203
199806020211
199806020201
199806020204
199806020209
199806020206
199806020210
199806020202
199806020303
199809010303
199809010312
199809010302
199806020306
199809010306
199809010301
199806020307
199807010305
199807010304
199807010310
199806020311
199807010307
199806020301
199806020310
199807010309
199806020302
199806020304
199809010305
199806020312
199807010303
199809010311
199806020308
199809010309
199807010301
199809010304
199806020305
199807010306
199807010312
199809010307
199809010308
199806020309
199807010302
199809010310
199807010308
199807010311
199806020411
199806020406
199806020412
199807010406
199806020403
199809010411
199806020404
199809010406
199806020405
199807010404
199809010407
199809010409
199806020410
199809010412
199809010410
199806020408
199806020409
199807010407
199807010412
199807010410
199809010404
199809010405
199806020402
199807010408
199809010402
199807010402
199809010408
199807010403
199807010401
199807010405
199807010411
199807010409
199809010403
199806020401
199806020407
199809010401
199806020503
199807010501
199806020504
199809010510
199807010502
199806020508
199807010510
199806020512
199807010505
199807010509
199806020509
199806020507
199809010502
199809010503
199809010504
199809010501
199809010506
199809010508
199806020510
199809010505
199806020502
199809010511
199809010507
199807010506
199806020505
199807010508
199807010512
199807010507
199809010509
199807010503
199807010504
199806020501
199806020511
199809010512
199806020506
199807010511
199807010612
199809010602
199806020608
199807010608
199809010610
199806020602
199809010605
199806020612
199806020610
199809010611
199807010602
199807010606
199806020603
199809010606
199809010609
199806020611
199807010601
199806020605
199807010607
199809010608
199806020606
199806020604
199807010603
199807010610
199807010605
199809010601
199809010604
199806020601
199807010604
199807010611
199806020609
199809010603
199809010607
199806020607
199807010609
199809010612
199809010704
199809010712
199806020704
199807010708
199809010702
199806020705
199809010707
199807010706
199806020707
199809010711
199806020711
199806020712
199807010710
199807010701
199806020701
199806020702
199807010712
199807010705
199807010711
199807010707
199806020706
199806020709
199809010706
199806020703
199809010701
199807010704
199806020708
199809010708
199807010702
199809010710
199807010709
199809010709
199806020710
199809010703
199807010703
199809010705
199807010801
199807010802
199807010808
199807010804
199807010803
199807010811
199806020802
199809010809
199806020808
199809010806
199806020809
199807010810
199806020804
199809010801
199807010809
199809010805
199809010804
199809010803
199806020803
199809010810
199809010812
199806020801
199806020807
199809010808
199807010806
199807010812
199809010811
199806020810
199806020806
199806020812
199809010802
199807010807
199806020811
199807010805
199806020805
199809010807
199807020112
199807020105
199807020102
199806030109
199807020108
199806030103
199809020107
199807020101
199809020110
199807020104
199809020108
199809020105
199806030110
199809020106
199807020106
199807020107
199809020101
199806030101
199809020102
199809020111
199809020109
199809020104
199806030108
199806030102
199806030112
199807020109
199806030106
199807020110
199806030107
199809020103
199806030105
199807020111
199807020103
199809020112
199806030111
199806030104
199806030203
199809020206
199807020201
199809020204
199806030209
199807020209
199807020206
199807020210
199807020212
199806030207
199806030208
199809020209
199809020211
199806030210
199809020210
199809020208
199807020207
199807020202
199807020208
199809020203
199809020207
199806030205
199806030211
199809020205
199807020205
199809020212
199806030204
199807020211
199806030202
199807020203
199806030201
199807020204
199809020201
199806030212
199809020202
199806030206
199809020310
199807020303
199807020307
199809020304
199806030305
199807020308
199809020312
199806030304
199806030310
199806030311
199807020302
199806030308
199809020311
199806030302
199806030301
199809020306
199806030306
199806030307
199807020304
199809020305
199809020302
199809020307
199807020309
199806030312
199809020309
199807020311
199807020301
199809020303
199807020306
199807020310
199806030309
199809020308
199807020305
199807020312
199806030303
199809020301
199809020403
199809020404
199809020401
199806030408
199807020408
199807020407
199807020405
199809020411
199809020407
199809020409
199807020409
199807020401
199806030411
199807020406
199806030401
199806030409
199809020408
199806030405
199809020405
199807020404
199806030410
199806030407
199806030402
199806030412
199809020410
199806030404
199807020403
199809020402
199809020406
199807020402
199806030403
199807020410
199807020411
199806030406
199809020412
199807020412
199806030509
199806030508
199807020505
199809020505
199809020511
199809020504
199807020506
199809020506
199806030511
199809020508
199806030502
199809020502
199809020507
199807020504
199807020508
199806030501
199807020502
199806030510
199806030506
199807020510
199806030504
199807020512
199809020512
199807020503
199809020503
199806030503
199806030512
199806030505
199809020501
199807020507
199807020511
199809020509
199806030507
199807020509
199807020501
199809020510
199809020604
199807020602
199806030604
199809020609
199806030605
199809020610
199809020607
199806030601
199807020610
199807020611
199807020601
199806030612
199809020611
199806030611
199807020604
199809020608
199809020605
199807020608
199806030610
199807020605
199806030602
199807020609
199806030607
199809020606
199807020607
199807020606
199806030606
199806030609
199809020603
199806030608
199809020612
199807020612
199809020601
199809020602
199806030603
199807020603
199806030701
199809020710
199806030711
199809020711
199806030707
199807020710
199807020706
199809020705
199806030710
199809020709
199809020702
199806030712
199806030709
199807020711
199809020706
199806030708
199807020702
199809020708
199807020704
199809020712
199807020707
199806030705
199807020701
199807020709
199806030706
199806030702
199809020704
199809020707
199807020712
199807020705
199809020701
199809020703
199807020708
199806030703
199806030704
199807020703
199809020811
199809020808
199806030812
199807020812
199809020809
199809020801
199807020807
199806030803
199809020802
199806030805
199807020804
199807020806
199807020810
199806030806
199806030804
199807020803
199807020802
199806030808
199806030801
199809020806
199806030802
199809020804
199809020805
199806030809
199807020811
199806030810
199806030811
199807020805
199807020801
199807020809
199807020808
199809020812
199806030807
199809020810
199809020807
199809020803
199808030105
199808030101
199808030110
199804010103
199808030111
199808030102
199808030107
199804010104
199808030108
199804010112
199804010102
199804010108
199805020107
199805020109
199808030109
199804010105
199804010107
199804010101
199808030104
199804010109
199808030103
199805020106
199805020108
199804010111
199805020101
199805020105
199804010110
199805020110
199804010106
199808030106
199805020103
199808030112
199805020112
199805020104
199805020111
199805020102
199808030205
199805020211
199804010201
199804010212
199808030203
199805020201
199804010203
199804010210
199805020205
199805020203
199805020207
199805020208
199808030202
199804010205
199808030204
199808030201
199804010206
199804010211
199805020210
199808030209
199808030207
199805020204
199805020212
199805020202
199804010208
199808030208
199805020209
199808030206
199804010209
199804010204
199808030212
199805020206
199808030210
199808030211
199804010202
199804010207
199808030312
199805020302
199808030308
199808030301
199808030311
199808030310
199805020312
199805020304
199805020303
199808030303
199808030306
199805020307
199805020311
199805020310
199805020308
199808030309
199808030302
199805020305
199805020301
199808030305
199808030307
199805020309
199805020306
199808030304
199808030412
199805020411
199805020406
199805020402
199808030410
199805020407
199808030407
199808030406
199808030401
199805020412
199805020401
199808030408
199805020409
199808030403
199808030411
199808030404
199805020405
199808030409
199805020410
199805020404
199805020408
199805020403
199808030405
199808030402
199808030508
199804010303
199804010308
199808030503
199808030507
199808030512
199808030511
199804010302
199805020504
199808030502
199804010309
199805020506
199805020505
199805020509
199808030505
199804010311
199805020507
199805020508
199804010312
199808030501
199804010306
199805020501
199805020502
199804010305
199804010310
199808030506
199808030509
199804010304
199804010307
199805020511
199808030504
199808030510
199805020512
199805020510
199804010301
199805020503
199805020610
199804010411
199808030606
199805020603
199808030603
199805020606
199808030610
199805020607
199808030607
199804010405
199805020608
199804010406
199804010401
199808030604
199805020601
199808030608
199804010410
199804010402
199805020612
199804010404
199808030605
199805020605
199805020609
199808030609
199804010409
199805020611
199808030612
199804010412
199804010408
199805020602
199808030602
199805020604
199808030601
199804010403
199804010407
199808030611
199804010501
199808030707
199805020708
199804010508
199804010504
199804010506
199805020706
199808030701
199805020703
199808030710
199805020704
199804010507
199805020712
199805020710
199808030709
199808030705
199808030706
199805020702
199804010503
199805020709
199804010510
199808030702
199805020701
199808030704
199808030711
199804010511
199804010502
199805020711
199808030712
199804010505
199808030703
199804010512
199805020707
199804010509
199808030708
199805020705
199805020810
199808030811
199805020802
199808030808
199805020804
199805020806
199808030812
199808030807
199804010603
199804010606
199804010601
199808030803
199804010605
199808030804
199805020808
199805020812
199804010607
199808030810
199805020803
199808030801
199808030802
199805020811
199808030809
199805020807
199805020801
199808030805
199804010602
199804010610
199804010609
199808030806
199804010611
199804010604
199804010608
199804010612
199805020809
199805020805
199804010704
199807030105
199805030103
199805030101
199807030109
199804010708
199807030110
199807030101
199804010701
199807030104
199805030104
199804010703
199805030108
199805030110
199807030103
199804010707
199804010702
199805030106
199807030106
199807030111
199804010709
199805030105
199807030107
199805030112
199805030107
199807030108
199804010706
199805030109
199807030112
199804010711
199805030102
199804010712
199805030111
199807030102
199804010710
199804010705
199804010808
199807030207
199805030201
199804010810
199807030211
199807030205
199804010802
199805030212
199807030201
199804010811
199807030206
199804010803
199807030208
199805030206
199805030203
199807030209
199807030212
199805030204
199805030208
199807030202
199805030211
199805030207
199804010809
199804010806
199805030210
199807030204
199805030209
199807030203
199804010812
199804010801
199804010804
199804010807
199805030205
199805030202
199807030210
199804010805
199805030303
199807030301
199807030305
199807030306
199805030312
199807030312
199807030308
199805030308
199807030304
199807030307
199805030301
199805030310
199807030309
199805030307
199807030310
199805030311
199805030309
199807030303
199805030305
199805030306
199805030304
199807030302
199805030302
199807030311
199805030411
199807030406
199805030409
199807030411
199807030409
199805030408
199805030412
199807030401
199805030410
199807030412
199807030407
199805030404
199805030405
199805030406
199807030403
199805030407
199807030404
199805030402
199805030403
199807030408
199807030410
199807030402
199805030401
199807030405
199807030512
199807030507
199807030511
199807030508
199807030503
199807030506
199805030511
199807030510
199805030512
199807030509
199805030502
199805030504
199807030504
199805030510
199805030509
199807030501
199805030501
199805030507
199805030506
199805030503
199805030508
199807030505
199805030505
199807030502
199805030605
199805030601
199807030602
199805030607
199807030604
199805030604
199805030608
199805030610
199805030606
199807030612
199807030607
199805030603
199807030603
199805030602
199807030606
199807030610
199807030605
199807030601
199807030609
199805030609
199807030611
199807030608
199802010109
199805030708
199802010105
199805030701
199807030708
199807030712
199802010108
199805030707
199805030712
199807030706
199805030709
199805030702
199802010102
199807030704
199802010107
199805030710
199802010104
199802010101
199802010111
199807030710
199805030703
199802010110
199807030707
199807030711
199805030704
199805030706
199802010103
199805030705
199807030705
199802010112
199802010106
199807030703
199807030701
199807030702
199807030709
199805030711
199802010211
199805030809
199805030801
199807030812
199807030801
199807030802
199807030803
199807030804
199802010209
199805030803
199805030808
199805030812
199802010203
199807030811
199807030809
199805030804
199807030810
199802010206
199805030802
199802010210
199805030806
199807030807
199802010202
199805030807
199802010201
199802010204
199807030806
199805030805
199807030805
199802010205
199805030810
199807030808
199802010207
199802010212
199805030811
199802010208
199809030108
199803010111
199803010103
199803010107
199809030103
199802010311
199809030109
199809030110
199803010108
199803010102
199809030102
199802010312
199802010310
199802010304
199803010109
199803010101
199802010302
199802010306
199802010307
199809030107
199803010104
199802010301
199809030101
199809030105
199802010305
199802010303
199803010106
199802010308
199803010105
199803010112
199809030106
199809030112
199809030104
199802010309
199803010110
199809030111
199809030207
199802010412
199802010406
199803010207
199803010203
199803010212
199802010410
199802010402
199802010404
199802010405
199803010211
199809030203
199803010208
199803010210
199809030210
199802010408
199809030212
199809030204
199803010204
199803010206
199803010201
199809030211
199802010401
199809030201
199803010205
199809030202
199802010411
199802010407
199803010209
199803010202
199809030205
199809030206
199809030209
199802010409
199809030208
199802010403
199803010311
199809030306
199802010508
199803010310
199809030312
199802010503
199802010511
199809030309
199803010302
199803010307
199802010507
199803010305
199802010506
199803010303
199802010512
199809030304
199802010502
199809030302
199809030308
199802010501
199802010509
199803010301
199802010510
199803010309
199809030301
199803010306
199802010504
199809030307
199809030305
199809030310
199803010304
199803010308
199809030303
199802010505
199803010312
199809030311
199803010407
199802010609
199802010604
199802010606
199809030402
199802010602
199809030410
199803010403
199802010610
199802010612
199809030405
199802010605
199803010409
199809030401
199803010411
199809030412
199803010405
199803010412
199802010603
199802010607
199802010601
199809030406
199809030409
199802010611
199803010408
199809030404
199802010608
199803010410
199809030407
199803010401
199803010402
199809030408
199803010404
199809030411
199803010406
199809030403
199802010702
199809030501
199802010712
199809030511
199809030504
199809030509
199803010508
199802010706
199809030512
199802010701
199809030507
199802010705
199809030508
199803010506
199803010505
199809030502
199802010711
199809030506
199802010709
199803010502
199803010503
199802010710
199802010704
199809030510
199802010703
199803010507
199802010707
199809030503
199803010510
199809030505
199803010504
199803010512
199802010708
199803010501
199803010511
199803010509
199809030603
199803010609
199809030604
199802010802
199803010607
199802010809
199803010601
199802010806
199809030605
199803010603
199809030607
199809030602
199809030611
199802010801
199802010810
199802010804
199802010807
199809030609
199809030608
199802010812
199809030606
199802010808
199803010611
199809030612
199809030610
199803010610
199803010612
199802010803
199803010606
199803010608
199809030601
199803010602
199802010811
199802010805
199803010605
199803010604
199802020111
199803010701
199803010702
199809030704
199802020112
199802020109
199802020107
199803010703
199803010712
199803010704
199809030711
199802020101
199802020102
199809030712
199803010708
199803010709
199802020103
199809030708
199802020105
199809030710
199803010711
199802020104
199809030707
199802020106
199809030705
199809030709
199809030701
199809030702
199809030703
199803010706
199803010710
199809030706
199802020108
199803010707
199803010705
199802020110
199802020204
199809030810
199809030805
199802020203
199803010805
199803010810
199802020202
199809030807
199809030811
199809030809
199802020207
199803010807
199803010811
199802020209
199803010803
199803010808
199803010802
199803010812
199809030806
199803010806
199802020201
199802020205
199802020212
199802020208
199809030812
199803010801
199809030801
199802020211
199809030808
199802020210
199803010804
199802020206
199809030804
199803010809
199809030802
199809030803
199802020302
199802020307
199802020305
199809040105
199804020105
199809040107
199809040108
199802020312
199809040102
199809040111
199802020306
199809040104
199802020303
199802020311
199809040112
199804020111
199802020309
199804020104
199809040110
199804020106
199804020110
199804020101
199804020102
199809040109
199804020107
199809040101
199804020103
199804020108
199804020112
199802020301
199804020109
199802020304
199802020308
199802020310
199809040103
199809040106
199802020403
199809040203
199804020207
199809040209
199809040201
199809040202
199809040208
199802020406
199804020201
199802020411
199802020404
199804020202
199802020401
199802020407
199809040212
199809040204
199802020405
199804020203
199809040210
199804020204
199802020410
199804020212
199809040207
199804020208
199804020205
199804020209
199802020408
199802020409
199802020412
199809040211
199804020210
199802020402
199804020211
199804020206
199809040205
199809040206
199802020507
199809040311
199809040304
199802020503
199804020306
199802020506
199802020505
199802020511
199804020308
199809040307
199804020310
199802020509
199802020501
199809040303
199804020309
199804020307
199809040301
199809040309
199809040310
199804020301
199802020510
199804020303
199809040312
199804020304
199802020504
199809040302
199804020312
199804020311
199804020305
199809040308
199802020508
199802020512
199804020302
199809040305
199802020502
199809040306
199804020402
199809040412
199809040406
199809040405
199804020406
199802020609
199809040407
199809040404
199809040411
199809040410
199804020411
199804020401
199804020404
199804020407
199804020403
199802020607
199804020412
199802020601
199802020612
199802020605
199802020608
199809040403
199809040402
199802020611
199804020405
199809040401
199802020606
199802020610
199802020604
199809040408
199802020603
199804020408
199804020409
199809040409
199802020602
199804020410
199809040510
199809040508
199809040504
199809040511
199802020711
199809040512
199802020707
199809040509
199809040506
199802020701
199804020504
199804020510
199802020705
199804020509
199802020703
199804020511
199804020512
199802020712
199804020508
199809040503
199804020506
199809040507
199804020501
199802020704
199809040502
199802020706
199804020505
199804020502
199802020702
199809040501
199802020710
199802020708
199802020709
199809040505
199804020503
199804020507
199804020607
199804020612
199804020601
199809040603
199802020802
199802020812
199809040602
199809040609
199802020801
199802020803
199809040607
199804020610
199804020606
199804020604
199809040610
199804020611
199804020603
199809040601
199809040604
199809040608
199802020806
199802020809
199809040611
199802020811
199802020805
199802020804
199804020605
199804020609
199802020808
199804020608
199809040606
199804020602
199802020807
199809040612
199809040605
199802020810
199809040704
199804020702
199801010105
199801010106
199809040709
199801010104
199801010102
199804020704
199801010109
199804020710
199809040702
199801010112
199809040706
199804020709
199809040703
199801010103
199804020708
199804020711
199801010101
199809040707
199804020703
199801010108
199809040701
199804020712
199809040711
199809040710
199804020705
199801010110
199804020701
199801010107
199801010111
199809040705
199804020706
199809040708
199809040712
199804020707
199801010201
199809040811
199804020809
199801010210
199804020801
199801010211
199804020810
199804020806
199809040801
199809040802
199809040808
199809040803
199804020807
199804020808
199801010207
199804020812
199801010208
199801010205
199804020803
199809040812
199801010212
199801010204
199804020804
199804020805
199801010206
199809040805
199809040810
199809040807
199801010203
199801010202
199809040806
199804020802
199809040804
199801010209
199804020811
199809040809
199801010303
199804030112
199808040107
199804030103
199801010309
199801010305
199808040106
199801010301
199801010311
199808040110
199804030101
199801010307
199804030105
199801010304
199801010306
199808040105
199804030107
199808040102
199804030110
199808040112
199801010310
199804030109
199801010302
199801010312
199804030108
199804030104
199804030102
199804030106
199808040101
199808040103
199801010308
199808040109
199808040108
199808040111
199808040104
199804030111
199804030201
199801010403
199804030207
199808040205
199801010407
199808040201
199808040202
199801010410
199801010412
199804030208
199804030203
199804030209
199808040212
199808040203
199804030212
199801010408
199808040211
199808040210
199804030204
199801010402
199801010409
199808040207
199804030210
199808040208
199804030205
199808040206
199808040204
199804030206
199808040209
199804030202
199801010404
199801010405
199801010401
199801010406
199801010411
199804030211
199801010503
199801010512
199808040305
199801010501
199801010507
199808040306
199804030310
199808040308
199801010508
199804030311
199804030304
199801010506
199804030312
199801010504
199804030305
199808040302
199804030307
199804030303
199808040310
199808040301
199804030308
199804030306
199808040311
199808040312
199801010510
199804030309
199804030301
199808040307
199808040303
199801010509
199801010505
199801010502
199801010511
199804030302
199808040304
199808040309
199808040403
199804030409
199808040411
199804030408
199804030406
199801010608
199801010611
199804030401
199801010603
199804030407
199804030411
199804030412
199808040406
199808040408
199804030410
199804030403
199801010604
199801010601
199804030404
199801010609
199801010612
199804030402
199801010610
199808040407
199801010607
199808040409
199808040401
199808040404
199808040405
199801010605
199808040402
199801010602
199808040410
199808040412
199804030405
199801010606
199808040512
199801010707
199808040507
199804030507
199804030501
199808040506
199804030511
199801010711
199801010706
199801010712
199801010702
199804030502
199801010701
199804030512
199804030510
199801010709
199808040505
199801010704
199808040502
199801010705
199804030505
199801010708
199804030508
199808040501
199804030503
199808040509
199808040508
199808040504
199808040510
199804030504
199808040503
199804030506
199801010710
199804030509
199801010703
199808040511
199801010808
199804030610
199808040602
199808040607
199804030605
199804030602
199801010802
199808040611
199808040608
199801010811
199801010806
199808040606
199801010810
199801010803
199801010804
199808040601
199801010807
199801010801
199804030611
199808040603
199808040610
199804030607
199808040612
199804030608
199801010809
199804030604
199804030609
199804030601
199801010812
199801010805
199808040604
199804030612
199808040605
199808040609
199804030606
199804030603
199804030703
199808040708
199808040710
199804030701
199804030707
199801020102
199801020103
199804030710
199801020112
199801020105
199801020107
199808040705
199804030708
199808040702
199804030709
199808040712
199808040711
199801020109
199801020111
199808040706
199801020110
199804030705
199804030706
199804030711
199801020101
199808040707
199808040709
199801020104
199804030702
199804030712
199801020108
199808040704
199808040703
199801020106
199804030704
199808040701
199801020201
199801020206
199801020202
199808040810
199808040812
199808040805
199801020207
199801020211
199801020210
199801020203
199804030806
199801020205
199808040801
199808040802
199801020209
199808040803
199804030810
199808040806
199804030804
199808040807
199804030812
199801020208
199804030808
199804030807
199808040809
199804030811
199804030802
199801020212
199804030805
199804030809
199801020204
199808040808
199808040811
199804030801
199808040804
199804030803
199801020301
199806040105
199809050103
199801020306
199801020309
199806040108
199806040102
199806040110
199806040107
199806040106
199801020307
199806040112
199809050104
199809050108
199801020305
199801020303
199809050106
199806040111
199809050109
199806040109
199809050110
199809050107
199801020312
199809050102
199809050112
199806040101
199806040104
199801020304
199809050101
199801020311
199809050105
199801020308
199806040103
199801020310
199801020302
199809050111
199806040208
199809050212
199806040211
199801020402
199809050210
199801020404
199809050206
199801020411
199806040205
199806040209
199806040203
199809050202
199806040206
199809050205
199806040210
199809050209
199806040207
199801020408
199809050201
199801020403
199809050203
199801020410
199801020409
199801020405
199801020412
199806040202
199801020406
199809050208
199809050211
199809050204
199806040201
199806040212
199806040204
199809050207
199801020407
199801020401
199806040310
199806040311
199801020504
199809050307
199809050310
199801020506
199806040312
199809050308
199809050311
199809050304
199806040302
199801020502
199809050309
199801020510
199806040305
199806040303
199809050305
199806040307
199801020512
199809050301
199801020505
199806040309
199809050303
199809050312
199809050306
199801020501
199806040304
199806040308
199806040306
199806040301
199801020507
199801020508
199801020509
199801020503
199809050302
199801020511
199806040412
199806040410
199801020603
199806040401
199806040405
199801020604
199801020606
199801020611
199806040407
199809050407
199809050405
199806040404
199809050402
199801020607
199806040406
199806040408
199809050412
199809050401
199809050408
199809050404
199801020610
199806040409
199809050409
199801020601
199801020605
199801020609
199801020608
199801020612
199809050406
199806040403
199801020602
199806040411
199806040402
199809050411
199809050403
199809050410
199801020704
199806040512
199809050506
199801020711
199809050509
199806040509
199809050512
199806040508
199801020705
199801020706
199809050511
199801020709
199801020712
199806040503
199806040505
199801020702
199801020710
199806040506
199809050507
199809050503
199809050505
199806040502
199809050508
199806040511
199801020701
199809050510
199809050501
199801020708
199809050504
199806040507
199801020703
199806040501
199801020707
199806040510
199809050502
199806040504
199806040607
199806040602
199806040609
199806040608
199809050610
199806040601
199806040605
199806040610
199806040611
199809050608
199809050607
199809050602
199801020803
199801020807
199809050611
199809050603
199809050604
199801020806
199806040606
199801020812
199801020801
199806040612
199809050605
199809050612
199806040603
199801020810
199806040604
199801020809
199801020811
199801020808
199809050606
199809050609
199801020804
199801020802
199801020805
199809050601
199809050710
199803020112
199806040709
199809050705
199806040704
199809050707
199806040711
199803020101
199809050711
199809050706
199806040707
199803020107
199806040705
199809050701
199806040708
199803020105
199809050709
199803020103
199806040703
199803020106
199809050702
199809050712
199806040706
199803020111
199809050703
199809050704
199803020102
199806040702
199803020104
199803020109
199806040701
199809050708
199806040710
199806040712
199803020108
199803020110
199806040803
199809050808
199803020207
199809050809
199803020209
199806040808
199809050803
199806040802
199803020212
199803020211
199806040807
199809050801
199809050812
199806040812
199806040810
199809050810
199806040801
199809050805
199803020205
199809050811
199803020210
199806040805
199806040806
199806040804
199803020203
199809050807
199809050802
199803020201
199803020204
199803020202
199803020208
199806040811
199809050806
199806040809
199809050804
199803020206
199808050110
199805040106
199803020301
199805040102
199808050109
199803020302
199808050106
199803020304
199803020307
199805040111
199805040108
199808050105
199805040112
199805040101
199805040110
199808050102
199803020309
199808050108
199803020306
199808050111
199805040103
199803020310
199805040109
199805040104
199803020311
199803020303
199808050101
199805040105
199808050103
199803020308
199808050107
199805040107
199803020305
199803020312
199808050104
199808050112
199803020410
199803020404
199805040201
199808050209
199808050201
199805040212
199803020411
199803020405
199805040204
199803020408
199805040209
199808050204
199808050205
199805040205
199808050211
199805040210
199808050208
199803020403
199808050207
199805040211
199803020402
199805040206
199808050203
199808050202
199808050206
199803020412
199805040203
199805040207
199803020406
199803020401
199803020407
199808050212
199805040202
199808050210
199805040208
199803020409
199805040310
199805040305
199808050311
199805040312
199803020510
199805040309
199803020502
199803020508
199808050302
199803020505
199808050303
199805040311
199803020504
199803020506
199808050310
199803020501
199808050307
199808050301
199803020503
199805040304
199805040306
199808050306
199803020512
199803020511
199805040302
199808050308
199805040308
199808050309
199808050304
199803020509
199805040301
199803020507
199805040303
199808050312
199805040307
199808050305
199808050402
199803020603
199805040402
199805040412
199803020605
199808050406
199803020606
199808050407
199808050410
199803020610
199805040406
199803020601
199803020602
199805040403
199805040410
199803020612
199808050411
199808050401
199808050408
199803020608
199805040411
199805040407
199803020611
199805040404
199803020607
199808050409
199808050412
199803020604
199805040408
199805040401
199805040409
199803020609
199805040405
199808050405
199808050404
199808050403
199805040501
199805040508
199803020710
199803020709
199808050511
199805040511
199808050501
199808050507
199803020706
199803020712
199803020703
199805040507
199808050512
199808050509
199808050505
199808050510
199803020701
199808050508
199803020708
199803020704
199803020711
199808050502
199805040506
199805040502
199805040509
199805040512
199808050506
199808050503
199805040503
199803020707
199805040504
199805040505
199805040510
199803020705
199803020702
199808050504
199805040602
199805040604
199808050601
199808050612
199805040605
199805040606
199808050603
199803020802
199805040611
199805040603
199808050610
199805040608
199803020803
199803020808
199808050607
199805040607
199808050608
199803020805
199805040601
199803020806
199803020811
199805040612
199808050611
199808050602
199808050604
199803020807
199803020804
199803020810
199808050605
199803020809
199805040610
199803020801
199803020812
199808050609
199805040609
199808050606
199808050704
199803030103
199805040710
199803030105
199808050711
199808050703
199805040706
199808050705
199808050706
199808050702
199808050707
199805040708
199803030101
199808050709
199803030111
199803030104
199803030109
199808050701
199805040704
199808050712
199805040707
199803030108
199805040702
199805040705
199808050708
199805040711
199808050710
199805040712
199805040703
199803030107
199803030106
199805040701
199803030110
199803030102
199805040709
199803030112
199808050811
199808050808
199808050801
199803030209
199805040812
199808050812
199805040805
199805040809
199805040810
199805040807
199808050802
199803030208
199805040802
199803030203
199805040811
199808050803
199808050806
199808050810
199803030202
199803030211
199808050804
199803030210
199803030205
199803030212
199808050809
199803030207
199805040804
199805040806
199805040808
199805040803
199803030201
199808050805
199808050807
199803030204
199803030206
199805040801
199805050107
199803030307
199805050110
199808060102
199805050106
199808060110
199805050109
199805050101
199808060103
199808060101
199803030306
199803030305
199803030312
199808060105
199803030309
199805050112
199803030304
199805050102
199805050104
199808060112
199803030310
199803030308
199803030303
199808060104
199808060107
199808060108
199805050111
199808060106
199805050103
199803030301
199808060111
199805050108
199803030311
199805050105
199808060109
199803030302
199808060209
199805050210
199803030410
199805050204
199808060201
199803030403
199803030407
199805050206
199808060204
199808060207
199808060211
199803030406
199803030409
199805050203
199805050207
199803030405
199803030401
199803030411
199805050209
199808060202
199808060205
199808060210
199805050211
199803030412
199808060203
199803030408
199808060212
199805050201
199808060206
199805050208
199805050205
199808060208
199803030404
199805050212
199803030402
199805050202
199808060310
199808060309
199803030504
199805050310
199803030510
199803030505
199808060302
199805050302
199803030503
199805050308
199805050311
199808060311
199803030501
199805050309
199808060301
199808060304
199808060307
199808060306
199808060303
199803030509
199805050304
199808060308
199805050301
199803030506
199803030512
199805050307
199805050306
199805050305
199803030511
199805050312
199808060305
199803030508
199803030502
199803030507
199808060312
199805050303
199803030603
199805050406
199808060402
199803030606
199808060407
199803030609
199803030611
199805050404
199803030610
199803030601
199808060412
199805050405
199805050403
199805050411
199808060403
199803030612
199805050401
199805050408
199805050412
199808060401
199805050410
199805050409
199803030605
199803030602
199808060408
199808060406
199808060404
199805050407
199808060409
199803030608
199805050402
199803030604
199808060411
199808060410
199808060405
199803030607
199803030710
199803030707
199808060512
199805050511
199803030712
199808060511
199803030702
199805050507
199805050512
199803030701
199803030711
199803030708
199808060502
199808060506
199803030709
199803030703
199808060505
199805050502
199808060507
199803030706
199805050503
199808060508
199805050506
199808060501
199805050508
199803030705
199808060509
199808060510
199805050501
199803030704
199805050509
199808060503
199805050505
199805050504
199808060504
199805050510
199805050608
199803030806
199805050605
199803030804
199805050610
199805050611
199803030802
199803030812
199808060603
199808060612
199808060607
199808060602
199805050603
199803030811
199808060605
199803030801
199808060606
199803030810
199808060608
199803030803
199803030807
199805050602
199808060604
199808060609
199805050604
199808060610
199803030805
199805050607
199803030808
199808060601
199805050609
199805050606
199805050601
199805050612
199803030809
199808060611
199805050708
199805050710
199808060707
199805050701
199808060704
199805050704
199807040105
199805050705
199807040106
199805050707
199808060709
199805050706
199808060712
199805050703
199807040107
199807040103
199805050712
199808060702
199807040104
199808060711
199808060708
199807040112
199805050702
199807040102
199805050711
199807040111
199808060705
199805050709
199807040110
199807040101
199808060710
199808060703
199808060701
199807040108
199808060706
199807040109
199805050811
199805050802
199805050805
199805050806
199808060807
199807040205
199805050801
199805050810
199805050807
199808060804
199807040201
199807040203
199805050803
199808060809
199807040208
199805050808
199807040206
199807040204
199807040209
199805050809
199808060803
199808060810
199808060808
199808060801
199808060812
199808060811
199807040212
199808060805
199807040207
199808060802
199807040202
199805050804
199807040211
199808060806
199807040210
199806050111
199806050107
199809060101
199807040303
199806050106
199809060102
199807040308
199809060104
199809060107
199807040310
199807040304
199806050104
199806050109
199807040311
199806050108
199807040307
199807040305
199806050105
199809060103
199809060109
199806050112
199807040301
199806050102
199806050110
199809060106
199806050101
199807040309
199809060110
199807040312
199807040302
199809060112
199807040306
199806050103
199809060111
199809060105
199809060108
199806050207
199806050204
199806050206
199807040405
199807040402
199809060212
199809060203
199809060205
199809060209
199807040412
199806050202
199806050209
199806050201
199809060210
199806050205
199807040408
199807040410
199809060207
199809060211
199807040407
199809060202
199806050203
199807040404
199809060204
199807040411
199806050212
199807040401
199809060201
199807040409
199809060208
199807040406
199806050208
199806050211
199806050210
199809060206
199807040403
199807040502
199806050306
199807040510
199806050302
199807040501
199807040503
199806050308
199806050305
199807040504
199809060304
199806050303
199809060308
199809060310
199806050304
199806050307
199809060311
199806050311
199806050310
199809060305
199807040512
199806050309
199807040511
199807040505
199809060302
199807040509
199809060306
199807040508
199807040507
199809060303
199806050301
199809060312
199809060309
199809060307
199809060301
199806050312
199807040506
199809060405
199809060408
199807040606
199809060410
199807040612
199807040601
199807040604
199807040607
199809060402
199807040611
199809060406
199807040603
199806050408
199806050411
199809060403
199809060411
199806050407
199809060409
199806050404
199807040605
199809060401
199809060412
199806050409
199806050403
199809060404
199806050412
199807040602
199806050406
199806050401
199807040610
199807040608
199806050405
199806050410
199806050402
199809060407
199807040609
199806050509
199807040703
199806050512
199806050503
199809060505
199806050507
199807040709
199807040706
199809060506
199809060509
199806050505
199806050508
199807040705
199806050504
199807040704
199809060501
199809060507
199809060503
199807040707
199807040711
199809060508
199807040710
199809060504
199807040712
199807040702
199806050501
199806050510
199806050506
199807040701
199809060502
199809060512
199806050511
199807040708
199809060511
199809060510
199806050502
199806050609
199807040811
199807040809
199809060603
199809060604
199807040805
199807040807
199806050603
199807040808
199809060611
199809060608
199807040804
199806050611
199806050602
199809060607
199806050607
199806050606
199806050601
199807040812
199806050612
199809060609
199806050604
199809060601
199809060605
199807040806
199806050610
199806050608
199807040810
199807040801
199807040802
199809060612
199807040803
199809060610
199809060606
199806050605
199809060602
199809060707
199806050709
199806050710
199806050707
199806050701
199809060708
199809060704
199806050703
199806050706
199809060710
199809060706
199809060702
199806050712
199809060712
199806050708
199806050704
199809060711
199806050711
199809060703
199809060705
199806050705
199809060701
199809060709
199806050702
199806050804
199809060806
199806050803
199809060809
199806050805
199809060805
199809060812
199809060810
199809060811
199806050802
199806050801
199809060801
199809060804
199806050810
199809060803
199806050808
199806050806
199806050809
199809060807
199809060802
199809060808
199806050807
