199908010110
199906010112
199906010102
199908010112
199906010101
199908010101
199908010106
199906010110
199908010108
199906010104
199908010109
199908010107
199906010103
199908010102
199908010104
199906010107
199906010106
199908010103
199908010105
199906010105
199908010111
199906010108
199906010109
199906010111
199908010201
199906010202
199906010208
199908010204
199908010211
199908010208
199906010201
199908010205
199908010206
199906010203
199908010209
199906010204
199908010203
199906010211
199906010205
199906010207
199908010202
199906010209
199908010207
199908010210
199906010210
199906010206
199908010212
199906010212
199906010309
199908010304
199908010311
199908010310
199906010302
199906010307
199908010305
199908010301
199908010307
199906010301
199906010310
199908010303
199906010304
199906010311
199906010308
199908010309
199908010312
199908010302
199906010305
199906010306
199908010308
199906010312
199908010306
199906010303
199908010401
199906010409
199908010405
199906010402
199906010404
199908010402
199908010408
199908010406
199906010401
199906010410
199906010403
199906010408
199908010403
199908010412
199908010407
199908010411
199906010405
199906010406
199906010407
199906010412
199908010409
199906010411
199908010410
199908010404
199908010502
199908010505
199906010508
199906010511
199906010512
199906010504
199906010501
199908010509
199906010510
199908010507
199906010509
199908010510
199906010507
199908010512
199906010503
199908010506
199908010508
199908010503
199906010506
199908010501
199908010504
199906010505
199906010502
199908010511
199906010611
199908010612
199908010609
199906010609
199906010602
199906010603
199906010601
199908010607
199908010606
199908010604
199908010605
199908010610
199906010612
199906010605
199906010607
199908010608
199906010608
199906010604
199908010603
199908010611
199908010602
199906010606
199906010610
199908010601
199908010704
199908010709
199906010708
199908010708
199906010705
199908010712
199908010706
199908010710
199906010711
199908010701
199906010701
199906010703
199908010705
199906010707
199906010709
199906010706
199906010710
199908010711
199906010702
199906010704
199906010712
199908010703
199908010707
199908010702
199906010808
199906010807
199908010806
199906010812
199906010801
199908010805
199906010802
199908010803
199908010808
199906010803
199908010802
199906010804
199908010807
199908010812
199908010809
199908010801
199906010806
199906010805
199908010804
199906010809
199908010810
199908010811
199906010811
199906010810
199908020110
199905010110
199908020105
199908020108
199905010106
199905010109
199905010101
199905010112
199908020104
199908020111
199905010103
199908020107
199908020102
199905010105
199908020109
199908020106
199905010104
199908020101
199905010108
199908020103
199905010102
199908020112
199905010107
199905010111
199908020212
199905010206
199908020202
199905010209
199905010211
199908020204
199905010212
199908020206
199905010205
199908020210
199905010204
199908020201
199905010208
199908020207
199908020205
199905010210
199908020203
199905010203
199905010202
199908020209
199905010207
199908020211
199905010201
199908020208
199908020303
199908020311
199905010307
199905010301
199908020304
199908020309
199905010308
199905010310
199905010311
199905010302
199905010304
199908020307
199908020308
199908020305
199905010303
199908020312
199908020301
199905010305
199905010312
199908020310
199908020302
199905010306
199905010309
199908020306
199908020409
199905010412
199908020402
199905010407
199908020403
199905010408
199908020407
199905010409
199905010401
199905010404
199905010410
199908020404
199908020405
199908020408
199908020406
199905010411
199905010405
199908020411
199905010402
199908020412
199908020410
199908020401
199905010403
199905010406
199907010111
199908020509
199908020512
199908020506
199907010103
199905010508
199907010104
199907010112
199908020503
199905010507
199908020501
199905010510
199908020505
199908020502
199907010107
199907010108
199905010506
199907010106
199908020511
199908020508
199905010503
199905010509
199908020510
199907010105
199907010109
199908020504
199905010502
199905010505
199905010512
199905010501
199905010511
199907010101
199908020507
199905010504
199907010102
199907010110
199907010206
199905010608
199908020609
199905010607
199905010601
199907010210
199908020607
199907010202
199907010207
199907010204
199908020603
199908020605
199905010604
199908020606
199905010606
199908020611
199907010209
199905010610
199908020610
199905010612
199907010212
199908020608
199905010609
199908020601
199907010208
199905010602
199907010205
199908020604
199905010611
199907010201
199907010203
199907010211
199908020602
199905010603
199908020612
199905010605
199908020706
199908020703
199907010306
199905010706
199905010701
199905010705
199907010304
199908020712
199907010301
199908020708
199905010712
199907010302
199907010303
199908020709
199907010312
199907010308
199908020707
199905010702
199907010310
199907010307
199907010311
199905010709
199907010305
199905010710
199908020702
199905010708
199908020710
199908020701
199908020711
199905010703
199905010707
199907010309
199908020705
199905010711
199905010704
199908020704
199905010806
199905010801
199907010401
199908020807
199905010811
199908020810
199908020808
199907010405
199907010409
199905010812
199908020809
199905010802
199907010408
199905010809
199907010402
199908020803
199908020801
199908020804
199907010412
199905010810
199905010808
199907010406
199908020805
199905010804
199907010403
199905010807
199905010803
199908020811
199907010410
199908020806
199905010805
199907010404
199908020812
199907010407
199908020802
199907010411
199907010511
199907010508
199907010507
199909010107
199907010505
199907010509
199906020107
199906020110
199909010111
199906020106
199907010512
199907010503
199906020111
199906020112
199906020109
199906020104
199906020102
199909010110
199909010102
199906020101
199907010504
199909010103
199907010501
199909010105
199906020105
199906020108
199909010108
199907010510
199909010109
199907010506
199907010502
199909010106
199909010101
199909010104
199909010112
199906020103
199906020207
199907010610
199909010201
199907010601
199906020204
199909010208
199907010606
199906020212
199906020210
199906020205
199909010209
199909010212
199909010206
199907010605
199906020211
199909010202
199907010612
199909010203
199906020209
199907010609
199909010207
199906020206
199909010211
199906020202
199906020201
199907010608
199906020208
199907010603
199909010210
199907010607
199907010611
199909010205
199909010204
199906020203
199907010604
199907010602
199906020301
199906020303
199909010301
199909010307
199909010309
199906020302
199907010704
199907010705
199907010701
199906020307
199907010702
199907010707
199909010302
199909010303
199906020306
199906020308
199907010712
199906020312
199907010703
199909010304
199906020310
199906020305
199909010308
199909010306
199906020309
199907010709
199909010305
199909010312
199907010710
199907010711
199906020304
199909010311
199906020311
199907010706
199907010708
199909010310
199907010810
199909010409
199907010805
199909010411
199909010402
199906020412
199907010807
199906020405
199909010405
199909010403
199909010401
199906020410
199906020401
199906020403
199906020402
199909010410
199907010809
199906020404
199906020407
199907010808
199907010812
199907010803
199907010804
199909010412
199907010811
199906020411
199909010407
199907010801
199909010404
199906020408
199906020406
199909010408
199909010406
199906020409
199907010806
199907010802
199906020510
199906020503
199909010510
199906020507
199906020505
199906020504
199909010501
199906020511
199909010502
199909010509
199909010503
199906020506
199906020501
199906020509
199909010508
199909010504
199909010507
199906020512
199906020508
199909010505
199909010511
199906020502
199909010512
199909010506
199909010607
199909010605
199906020604
199906020602
199906020611
199909010602
199906020609
199909010612
199906020605
199909010608
199906020601
199906020607
199909010610
199909010611
199906020610
199909010603
199906020603
199909010601
199909010609
199909010606
199906020608
199909010604
199906020606
199906020612
199906020712
199909010703
199909010711
199909010706
199906020709
199909010708
199906020702
199909010705
199906020711
199906020703
199906020706
199909010704
199909010702
199909010712
199906020707
199909010707
199906020708
199909010710
199906020705
199906020704
199906020701
199909010701
199909010709
199906020710
199906020807
199909010801
199906020811
199906020810
199909010807
199909010810
199909010809
199909010811
199906020812
199909010808
199909010802
199906020806
199906020801
199909010803
199909010812
199906020802
199906020809
199909010806
199906020804
199909010805
199906020803
199906020805
199906020808
199909010804
199909020104
199907020102
199907020107
199907020101
199906030106
199909020106
199906030105
199906030102
199907020103
199906030101
199909020111
199907020104
199906030112
199909020105
199907020108
199906030103
199906030104
199909020101
199906030111
199907020110
199909020108
199907020112
199909020112
199907020109
199907020111
199906030107
199907020105
199909020110
199909020107
199907020106
199906030108
199906030110
199906030109
199909020103
199909020109
199909020102
199906030204
199907020203
199906030212
199906030201
199907020202
199909020201
199906030207
199906030203
199906030202
199909020208
199909020209
199909020202
199909020211
199907020206
199906030205
199906030209
199907020211
199906030210
199907020208
199907020201
199907020205
199909020206
199906030206
199909020212
199906030208
199909020205
199909020210
199907020210
199909020204
199907020207
199909020207
199907020212
199909020203
199907020209
199907020204
199906030211
199909020409
199909020405
199906030406
199909020406
199909020404
199907020407
199907020408
199906030409
199906030410
199906030403
199906030402
199909020401
199907020403
199907020410
199909020402
199909020407
199909020403
199907020411
199907020412
199907020409
199909020412
199906030404
199906030401
199906030412
199909020410
199906030411
199906030407
199906030405
199907020406
199907020401
199906030408
199907020405
199907020402
199907020404
199909020411
199909020408
199909020502
199909020503
199906030504
199907020509
199909020510
199906030510
199907020507
199906030501
199906030511
199906030507
199909020507
199906030502
199906030509
199907020504
199907020511
199906030505
199909020508
199909020511
199906030512
199906030503
199906030506
199909020504
199907020506
199907020508
199907020501
199907020502
199907020503
199907020510
199909020509
199909020512
199909020501
199907020512
199909020505
199909020506
199907020505
199906030508
199909020603
199909020604
199906030607
199906030609
199909020606
199907020611
199907020605
199909020607
199907020602
199907020609
199909020610
199906030606
199909020608
199906030610
199906030602
199906030605
199909020605
199906030604
199909020609
199907020603
199906030608
199909020611
199907020608
199909020602
199906030612
199907020610
199907020606
199909020601
199907020612
199906030603
199909020612
199907020601
199907020607
199906030611
199907020604
199906030601
199906030705
199906030708
199909020704
199907020708
199909020703
199907020707
199907020710
199909020709
199907020701
199906030701
199906030709
199906030710
199907020703
199907020704
199909020710
199909020701
199906030707
199909020711
199907020709
199909020702
199907020706
199906030706
199906030711
199906030702
199907020705
199909020706
199907020711
199906030703
199909020707
199907020702
199909020705
199907020712
199909020712
199906030712
199906030704
199909020708
199906030803
199907020803
199907020805
199907020809
199909020801
199907020811
199909020802
199909020810
199906030810
199907020812
199906030805
199907020801
199907020802
199906030806
199907020806
199906030802
199907020810
199909020812
199909020809
199906030807
199906030808
199909020803
199909020804
199907020807
199906030804
199906030801
199909020805
199906030809
199906030812
199907020804
199909020808
199909020806
199906030811
199909020811
199909020807
199907020808
199905020105
199908030102
199904010108
199908030104
199904010104
199904010106
199908030101
199904010102
199908030107
199904010109
199908030103
199905020106
199908030108
199904010111
199905020112
199908030105
199904010101
199904010112
199905020103
199905020110
199904010110
199905020111
199905020107
199905020102
199905020108
199905020101
199904010103
199904010105
199905020104
199908030109
199908030111
199904010107
199908030110
199905020109
199908030106
199908030112
199904010203
199905020201
199905020205
199908030206
199905020212
199908030212
199905020203
199905020204
199908030202
199904010204
199904010206
199905020208
199904010205
199908030201
199908030203
199904010210
199904010202
199908030210
199908030205
199908030204
199904010201
199905020211
199908030207
199908030211
199904010208
199905020210
199904010212
199908030209
199904010211
199905020207
199905020206
199908030208
199905020209
199904010209
199905020202
199904010207
199905020301
199908030306
199908030307
199905020312
199908030304
199905020306
199908030311
199905020309
199905020307
199905020304
199905020303
199905020311
199905020302
199908030305
199908030303
199908030312
199908030309
199905020310
199905020305
199905020308
199908030308
199908030302
199908030310
199908030301
199908030410
199905020407
199908030407
199905020404
199905020412
199908030408
199908030401
199908030411
199905020405
199905020408
199905020410
199905020406
199905020402
199905020409
199905020401
199908030403
199905020403
199908030406
199908030402
199908030404
199908030412
199905020411
199908030409
199908030405
199905020502
199904010308
199905020508
199904010312
199908030509
199908030502
199908030505
199904010302
199908030508
199905020504
199905020509
199908030511
199904010304
199904010303
199904010301
199905020503
199904010311
199904010306
199908030503
199905020501
199908030510
199905020510
199904010305
199908030512
199904010310
199908030507
199904010309
199905020512
199905020505
199905020507
199904010307
199905020506
199908030506
199905020511
199908030501
199908030504
199908030611
199904010410
199908030601
199908030602
199904010408
199904010403
199905020603
199908030607
199908030608
199908030603
199905020602
199905020605
199905020609
199904010405
199905020612
199904010409
199905020601
199908030609
199905020610
199904010411
199908030604
199908030612
199905020607
199904010412
199905020606
199908030606
199905020608
199904010406
199905020604
199904010401
199908030610
199904010404
199905020611
199904010402
199904010407
199908030605
199908030702
199905020711
199904010506
199904010510
199905020708
199908030709
199905020701
199905020703
199905020702
199908030707
199908030705
199908030703
199904010502
199904010509
199904010507
199905020712
199905020705
199908030701
199908030704
199908030708
199905020707
199908030711
199904010505
199908030710
199905020704
199905020706
199908030712
199904010501
199904010503
199904010512
199908030706
199904010511
199905020710
199904010504
199905020709
199904010508
199908030812
199908030810
199905020801
199908030811
199904010604
199905020803
199904010608
199904010602
199905020811
199908030804
199904010603
199908030806
199904010612
199905020805
199908030801
199908030809
199908030802
199905020804
199904010605
199904010606
199908030805
199904010611
199904010610
199905020812
199905020808
199908030808
199908030807
199905020809
199908030803
199904010609
199905020806
199905020810
199905020807
199904010601
199904010607
199905020802
199904010710
199905030106
199904010706
199905030107
199904010709
199905030102
199904010701
199907030105
199905030108
199904010707
199907030111
199904010705
199905030104
199905030110
199907030112
199904010711
199907030109
199905030103
199907030101
199905030111
199904010702
199905030101
199907030110
199904010712
199907030106
199905030112
199907030104
199905030109
199907030102
199907030108
199904010708
199907030107
199904010704
199905030105
199904010703
199907030103
199905030207
199907030206
199904010801
199905030203
199904010809
199905030212
199904010806
199904010802
199904010810
199907030211
199907030208
199907030201
199907030209
199904010804
199907030205
199905030205
199905030201
199904010805
199904010808
199904010803
199905030210
199907030212
199907030203
199907030210
199904010807
199907030207
199907030204
199904010811
199905030208
199905030204
199904010812
199905030211
199907030202
199905030209
199905030206
199905030202
199905030301
199907030309
199907030303
199907030305
199907030312
199907030306
199905030312
199905030310
199905030309
199905030305
199905030308
199907030302
199905030304
199907030304
199905030303
199905030311
199907030301
199905030306
199905030302
199907030307
199905030307
199907030311
199907030308
199907030310
199905030406
199905030408
199905030402
199907030411
199907030408
199905030409
199905030405
199905030404
199905030412
199905030403
199907030402
199907030405
199905030407
199907030406
199905030411
199905030410
199907030401
199907030403
199907030410
199907030407
199907030404
199907030409
199907030412
199905030401
199905030505
199907030511
199905030510
199905030507
199905030506
199907030510
199905030509
199905030511
199905030503
199907030502
199907030512
199907030504
199905030504
199907030505
199907030508
199907030506
199907030503
199907030507
199905030502
199905030501
199905030512
199905030508
199907030501
199907030509
199905030601
199907030605
199907030611
199907030612
199907030602
199905030603
199907030608
199907030603
199907030609
199907030606
199905030609
199905030605
199905030602
199905030610
199907030604
199905030607
199905030608
199905030604
199905030606
199907030607
199907030601
199907030610
199905030712
199905030710
199902010101
199905030703
199905030707
199902010106
199907030701
199902010110
199907030706
199902010103
199907030711
199905030709
199902010112
199905030711
199902010111
199907030709
199907030702
199907030710
199905030704
199905030705
199902010109
199907030705
199905030706
199907030708
199905030702
199902010107
199902010102
199907030712
199902010108
199905030708
199902010104
199907030703
199907030704
199907030707
199905030701
199902010105
199907030805
199902010201
199907030809
199907030804
199907030806
199907030812
199902010202
199905030806
199907030808
199905030805
199902010212
199905030810
199907030810
199902010209
199902010207
199907030811
199907030802
199905030803
199905030801
199902010210
199905030802
199902010211
199905030811
199907030801
199902010204
199905030812
199907030807
199902010206
199902010208
199905030807
199905030809
199905030808
199907030803
199902010203
199905030804
199902010205
199909030108
199909030105
199902010310
199903010101
199903010110
199903010103
199902010306
199902010304
199903010108
199909030103
199909030102
199902010307
199902010311
199903010104
199909030112
199902010305
199902010312
199903010106
199902010303
199903010111
199909030109
199903010109
199903010112
199909030111
199903010102
199909030110
199909030106
199909030104
199902010302
199903010105
199903010107
199909030101
199909030107
199902010308
199902010309
199902010301
199909030204
199902010406
199902010405
199909030210
199903010203
199909030212
199903010210
199902010404
199903010211
199902010401
199903010212
199902010409
199902010411
199903010208
199903010201
199909030206
199902010410
199902010407
199902010402
199909030201
199903010206
199909030208
199903010209
199909030202
199909030209
199903010207
199909030211
199909030205
199902010403
199909030203
199902010408
199903010205
199903010204
199909030207
199902010412
199903010202
199903010308
199902010505
199909030310
199902010507
199903010305
199902010508
199902010511
199903010302
199902010512
199902010503
199909030306
199903010306
199909030307
199902010509
199902010506
199903010312
199903010307
199902010502
199909030308
199909030304
199903010301
199909030309
199902010501
199903010309
199902010510
199909030301
199903010310
199909030303
199903010303
199903010311
199909030312
199909030302
199909030305
199902010504
199903010304
199909030311
199902010612
199909030411
199909030407
199902010604
199903010409
199903010404
199902010608
199902010602
199909030405
199903010411
199903010407
199903010408
199902010605
199909030402
199909030409
199909030406
199909030403
199903010410
199902010603
199909030412
199903010405
199903010401
199903010402
199903010412
199909030404
199902010610
199903010406
199909030401
199909030408
199902010609
199902010606
199909030410
199902010601
199902010611
199902010607
199903010403
199909030502
199902010703
199903010504
199909030509
199903010506
199902010709
199909030511
199902010701
199909030506
199909030501
199909030508
199902010702
199903010508
199903010511
199909030504
199902010711
199909030510
199903010502
199903010510
199903010503
199909030507
199903010512
199903010509
199909030503
199902010708
199902010704
199909030505
199902010706
199902010707
199903010505
199902010712
199902010710
199902010705
199903010501
199909030512
199903010507
199909030605
199909030612
199909030603
199902010807
199909030610
199902010801
199903010608
199903010604
199909030609
199902010811
199903010611
199909030611
199903010602
199903010612
199902010806
199902010808
199909030606
199902010802
199903010610
199909030604
199903010603
199902010812
199903010609
199903010607
199903010605
199903010601
199909030608
199902010810
199909030607
199902010809
199902010803
199909030602
199909030601
199902010805
199902010804
199903010606
199903010706
199902020102
199909030707
199903010708
199903010709
199902020112
199909030710
199909030702
199902020107
199903010702
199903010703
199909030711
199909030708
199909030703
199903010705
199909030704
199902020109
199903010712
199903010707
199903010701
199903010711
199909030709
199909030701
199902020104
199902020105
199909030705
199902020111
199903010710
199909030706
199909030712
199902020108
199902020106
199902020103
199903010704
199902020110
199902020101
199909030803
199902020207
199903010810
199909030810
199903010808
199903010812
199909030812
199902020211
199903010803
199903010806
199902020204
199902020210
199909030802
199909030804
199902020212
199909030806
199902020203
199909030805
199903010802
199902020208
199903010809
199903010811
199902020202
199909030801
199903010801
199909030809
199902020201
199902020205
199902020206
199909030808
199903010804
199903010805
199902020209
199909030811
199903010807
199909030807
199902020306
199904020108
199902020305
199902020309
199902020304
199910010108
199904020111
199902020303
199910010106
199902020308
199904020106
199902020307
199904020110
199910010110
199910010105
199910010104
199904020105
199902020301
199904020103
199910010111
199904020102
199910010103
199910010112
199910010101
199904020101
199902020302
199904020109
199904020107
199910010109
199904020104
199904020112
199910010102
199902020312
199902020311
199902020310
199910010107
199910010204
199902020405
199904020208
199902020406
199904020206
199902020401
199902020403
199904020212
199904020209
199910010201
199904020202
199910010206
199902020410
199902020409
199904020205
199902020407
199910010203
199910010209
199904020207
199910010202
199902020408
199902020404
199904020201
199904020203
199910010211
199910010210
199904020211
199910010208
199910010207
199910010212
199902020411
199904020204
199902020412
199904020210
199910010205
199902020402
199904020312
199910010304
199902020502
199902020509
199910010310
199910010309
199902020504
199910010306
199902020505
199902020511
199910010305
199904020305
199910010307
199902020503
199910010311
199910010303
199902020508
199904020310
199902020506
199910010308
199902020512
199910010312
199910010302
199904020301
199902020501
199904020303
199904020308
199904020304
199904020309
199902020507
199904020311
199902020510
199904020306
199910010301
199904020307
199904020302
199902020608
199910010410
199910010405
199904020410
199904020405
199910010411
199910010404
199910010412
199904020412
199902020602
199904020411
199904020401
199910010402
199902020604
199904020406
199910010408
199902020605
199910010409
199902020610
199902020609
199904020408
199902020601
199902020612
199902020603
199904020407
199904020409
199902020611
199904020404
199902020607
199910010406
199910010403
199904020403
199910010401
199904020402
199910010407
199902020606
199910010505
199902020711
199910010501
199902020708
199904020503
199904020511
199902020706
199904020508
199910010512
199910010502
199904020509
199910010507
199904020512
199902020702
199904020505
199910010503
199910010509
199910010504
199902020707
199902020710
199904020507
199902020703
199910010508
199904020506
199904020504
199902020705
199902020701
199904020501
199902020709
199910010510
199910010511
199902020704
199902020712
199904020502
199910010506
199904020510
199910010612
199902020801
199902020804
199910010609
199904020606
199904020602
199904020603
199904020612
199904020608
199902020808
199902020810
199902020812
199910010605
199904020601
199910010602
199902020811
199910010606
199910010608
199904020604
199904020610
199904020611
199902020807
199904020607
199910010603
199902020805
199910010607
199902020809
199904020605
199902020806
199910010611
199904020609
199910010610
199902020803
199902020802
199910010604
199910010601
199901010108
199904020706
199910010706
199904020701
199901010103
199910010703
199901010104
199904020709
199904020707
199901010102
199904020705
199904020710
199910010710
199904020703
199910010712
199901010106
199901010111
199901010105
199910010704
199901010107
199910010711
199904020702
199904020704
199904020712
199910010701
199910010707
199910010708
199901010112
199910010702
199901010110
199904020708
199910010705
199901010109
199901010101
199904020711
199910010709
199910010808
199910010805
199910010807
199910010810
199901010206
199901010202
199904020801
199901010203
199910010802
199910010812
199904020812
199901010209
199901010212
199910010811
199910010803
199901010205
199901010207
199901010201
199904020806
199904020802
199910010806
199910010809
199904020809
199904020808
199901010211
199904020803
199910010801
199904020805
199901010210
199901010208
199904020807
199904020804
199901010204
199910010804
199904020811
199904020810
199901010308
199910020102
199901010304
199904030112
199904030102
199910020106
199910020107
199910020110
199910020101
199904030101
199910020104
199904030107
199904030109
199904030111
199904030105
199904030104
199910020108
199910020109
199901010312
199901010307
199910020103
199901010311
199901010302
199904030110
199910020112
199901010305
199901010309
199910020111
199901010301
199904030108
199901010303
199904030103
199904030106
199910020105
199901010306
199901010310
199904030201
199904030210
199904030202
199910020210
199910020207
199910020208
199904030211
199910020204
199901010405
199901010406
199910020209
199904030207
199910020206
199904030203
199901010409
199910020202
199910020201
199910020211
199901010411
199910020205
199901010402
199901010404
199901010401
199904030206
199904030204
199910020203
199901010408
199904030212
199910020212
199901010412
199904030208
199901010407
199901010410
199901010403
199904030205
199904030209
199901010511
199904030303
199901010507
199901010504
199904030306
199901010510
199904030307
199901010512
199901010503
199910020310
199904030308
199910020303
199904030301
199910020306
199904030311
199901010501
199904030305
199904030310
199910020301
199910020302
199910020304
199904030304
199901010505
199910020307
199901010502
199910020308
199901010506
199901010509
199910020305
199910020309
199901010508
199904030309
199910020312
199904030302
199910020311
199904030312
199901010605
199904030406
199910020411
199901010604
199901010609
199901010607
199904030407
199904030403
199910020402
199910020408
199904030410
199904030409
199904030405
199904030404
199910020406
199901010603
199910020409
199901010611
199901010608
199904030408
199910020401
199901010601
199910020403
199901010610
199910020405
199904030401
199904030412
199904030402
199910020407
199901010602
199910020404
199910020412
199904030411
199901010612
199901010606
199910020410
199904030512
199910020510
199904030509
199904030503
199901010702
199910020505
199901010708
199910020503
199904030506
199904030505
199901010712
199901010711
199904030507
199901010703
199901010701
199910020512
199904030504
199910020508
199910020504
199904030501
199901010706
199901010704
199904030510
199904030502
199901010709
199904030508
199901010705
199910020511
199910020506
199901010710
199910020501
199901010707
199910020507
199910020502
199910020509
199904030511
199910020607
199910020610
199904030612
199910020609
199901010812
199901010808
199910020603
199904030610
199901010806
199901010802
199901010807
199901010809
199904030603
199910020612
199904030604
199904030606
199904030602
199901010803
199904030607
199910020611
199904030611
199904030601
199910020604
199904030608
199901010810
199901010805
199910020601
199910020602
199910020608
199904030609
199901010801
199910020605
199904030605
199910020606
199901010804
199901010811
199901020105
199904030709
199901020104
199901020111
199901020112
199904030708
199910020701
199904030711
199904030701
199904030706
199901020110
199901020106
199910020703
199910020710
199910020704
199901020102
199904030702
199901020107
199910020709
199910020705
199904030703
199901020103
199901020101
199910020707
199910020712
199901020108
199904030707
199904030712
199904030705
199901020109
199910020706
199910020711
199904030710
199904030704
199910020708
199910020702
199901020205
199904030803
199910020808
199901020203
199910020803
199901020211
199904030809
199901020212
199904030810
199910020805
199904030812
199910020810
199910020801
199904030802
199901020206
199901020210
199904030804
199910020809
199901020209
199910020811
199901020204
199904030805
199910020804
199910020806
199904030808
199901020202
199910020802
199901020207
199910020807
199910020812
199904030807
199904030806
199904030801
199904030811
199901020208
199901020201
199906040101
199901020303
199906040105
199909040112
199906040106
199906040110
199906040107
199901020307
199901020301
199909040107
199909040102
199909040104
199906040112
199901020311
199901020305
199906040104
199909040111
199901020308
199909040105
199906040108
199909040110
199901020302
199901020312
199909040101
199909040108
199909040106
199901020306
199901020309
199906040102
199906040103
199901020304
199909040109
199901020310
199909040103
199906040109
199906040111
199909040207
199909040208
199901020411
199901020408
199906040207
199906040212
199909040210
199909040211
199906040208
199909040212
199901020403
199906040203
199906040201
199906040202
199906040205
199901020405
199909040209
199909040203
199906040206
199901020409
199901020401
199906040204
199906040210
199909040202
199909040205
199909040206
199901020412
199901020407
199906040211
199901020404
199909040204
199906040209
199901020406
199909040201
199901020410
199901020402
199901020503
199906040301
199906040311
199909040311
199906040310
199901020506
199909040303
199901020502
199906040308
199906040305
199906040304
199901020505
199909040306
199909040307
199901020504
199909040312
199906040302
199901020510
199901020508
199906040312
199901020511
199906040303
199909040305
199901020512
199906040306
199909040309
199909040310
199909040301
199901020501
199901020507
199909040304
199909040302
199909040308
199906040309
199906040307
199901020509
199909040409
199901020607
199909040405
199906040402
199901020602
199909040401
199906040406
199901020604
199901020609
199901020611
199909040407
199909040408
199901020610
199906040408
199906040411
199906040412
199906040409
199909040410
199906040405
199909040412
199906040410
199901020605
199909040403
199906040401
199909040411
199906040404
199909040406
199901020606
199901020612
199906040403
199901020601
199906040407
199901020608
199909040402
199909040404
199901020603
199901020711
199906040509
199909040504
199906040502
199901020709
199909040506
199901020701
199901020705
199906040510
199906040511
199909040511
199909040501
199901020706
199901020710
199906040508
199909040507
199901020703
199909040502
199906040503
199901020704
199901020712
199909040512
199906040504
199901020707
199909040508
199906040506
199906040501
199901020708
199909040503
199909040510
199906040512
199901020702
199906040507
199906040505
199909040509
199909040505
199901020804
199909040611
199909040609
199909040608
199901020806
199906040612
199909040601
199906040601
199909040607
199909040606
199906040604
199909040605
199901020808
199906040605
199906040609
199901020812
199901020809
199906040602
199906040603
199909040612
199909040602
199906040611
199901020802
199909040603
199909040604
199901020801
199906040610
199901020810
199901020803
199909040610
199906040608
199901020805
199901020811
199906040606
199901020807
199906040607
199909040710
199909040705
199909040708
199906040704
199909040703
199903020107
199909040707
199906040701
199903020106
199903020110
199903020105
199906040705
199909040709
199903020103
199906040706
199903020112
199909040701
199906040707
199909040702
199906040711
199903020108
199906040712
199903020109
199906040703
199903020101
199906040710
199906040708
199906040702
199909040706
199906040709
199903020102
199903020111
199909040711
199903020104
199909040712
199909040704
199903020208
199909040811
199903020212
199906040803
199906040804
199903020204
199906040802
199909040802
199909040803
199909040805
199906040801
199909040806
199903020210
199903020202
199909040807
199903020203
199903020206
199909040808
199909040809
199903020207
199903020201
199903020209
199906040805
199906040810
199906040811
199909040804
199909040812
199906040808
199903020211
199906040806
199903020205
199909040801
199906040809
199906040807
199909040810
199906040812
199903020304
199903020307
199905040110
199908040109
199905040111
199903020311
199905040102
199908040107
199903020309
199905040112
199905040104
199903020305
199905040101
199905040106
199903020312
199905040103
199908040104
199903020301
199908040102
199905040107
199903020310
199908040101
199905040108
199908040105
199903020308
199905040105
199903020303
199905040109
199908040103
199908040111
199903020306
199908040112
199908040110
199903020302
199908040108
199908040106
199903020409
199908040210
199905040211
199908040206
199903020406
199908040205
199903020402
199905040208
199903020403
199905040207
199903020411
199905040202
199905040206
199908040208
199905040209
199903020407
199908040211
199905040201
199903020404
199908040202
199903020405
199905040210
199903020412
199908040203
199903020401
199905040203
199905040205
199908040209
199905040212
199908040201
199903020410
199905040204
199903020408
199908040207
199908040204
199908040212
199908040302
199905040302
199908040304
199903020505
199905040312
199905040303
199903020502
199903020508
199908040307
199908040311
199908040312
199908040309
199903020507
199905040306
199903020510
199908040306
199905040301
199903020504
199908040301
199908040308
199905040309
199905040307
199905040304
199903020506
199903020503
199905040308
199908040303
199905040310
199905040311
199903020512
199908040305
199903020501
199905040305
199903020511
199903020509
199908040310
199903020606
199905040410
199903020605
199903020603
199903020602
199903020604
199908040403
199903020608
199908040404
199903020609
199905040406
199903020607
199908040409
199908040408
199905040404
199905040408
199908040406
199905040401
199905040409
199903020601
199903020610
199908040411
199905040411
199908040402
199905040405
199905040403
199908040401
199905040402
199908040405
199908040407
199903020611
199903020612
199908040410
199905040412
199905040407
199908040412
199905040511
199903020702
199903020704
199908040507
199905040503
199903020710
199903020706
199903020711
199905040507
199908040509
199908040504
199908040503
199903020703
199905040505
199908040505
199905040509
199905040506
199908040501
199908040506
199903020712
199908040512
199905040508
199905040502
199905040501
199905040510
199905040512
199908040510
199908040508
199908040511
199903020701
199903020709
199908040502
199903020707
199903020708
199903020705
199905040504
199903020812
199908040605
199905040605
199903020811
199905040604
199905040611
199905040610
199903020805
199905040607
199903020806
199908040609
199908040602
199908040610
199905040601
199908040603
199903020809
199903020804
199905040603
199903020801
199905040606
199905040609
199905040602
199908040606
199903020808
199905040612
199908040604
199908040601
199903020810
199903020802
199905040608
199908040611
199908040607
199903020803
199908040608
199908040612
199903020807
199903030111
199903030103
199903030108
199908040706
199908040703
199903030104
199903030112
199905040707
199905040701
199903030107
199903030106
199905040704
199905040703
199908040704
199905040706
199908040712
199908040705
199905040710
199908040709
199903030109
199908040710
199905040711
199905040708
199908040707
199905040712
199905040705
199908040708
199903030102
199903030110
199908040702
199908040711
199905040702
199905040709
199908040701
199903030105
199903030101
199905040803
199903030208
199908040801
199905040805
199905040804
199903030204
199905040801
199908040809
199905040808
199903030207
199908040802
199903030209
199905040810
199905040812
199908040805
199903030211
199908040806
199908040803
199905040809
199908040808
199903030205
199905040807
199903030210
199903030212
199903030203
199908040807
199908040804
199908040811
199905040811
199908040810
199903030206
199903030201
199905040802
199903030202
199908040812
199905040806
199905050103
199908050104
199908050106
199905050101
199905050104
199903030301
199908050101
199905050110
199903030311
199905050105
199903030302
199905050111
199903030303
199905050108
199903030308
199908050111
199908050102
199905050106
199903030304
199908050105
199908050110
199903030312
199905050112
199908050109
199903030305
199905050102
199903030307
199908050112
199908050103
199908050107
199905050109
199908050108
199903030309
199905050107
199903030306
199903030310
199905050207
199905050206
199905050204
199908050204
199903030412
199905050205
199908050210
199908050203
199905050211
199903030408
199908050207
199905050208
199908050212
199908050201
199903030404
199905050202
199905050201
199903030409
199903030402
199903030403
199905050212
199903030406
199903030401
199908050209
199908050211
199903030411
199908050205
199905050210
199903030410
199908050208
199905050203
199908050206
199905050209
199903030407
199908050202
199903030405
199903030505
199905050303
199908050304
199905050310
199905050309
199908050310
199908050308
199903030511
199903030507
199905050301
199903030512
199905050304
199908050303
199903030506
199905050305
199905050308
199905050307
199905050312
199908050312
199908050306
199905050311
199903030509
199903030510
199903030502
199905050302
199908050302
199903030503
199903030504
199908050305
199908050309
199908050311
199908050301
199908050307
199903030508
199905050306
199903030501
199903030609
199908050412
199908050402
199905050405
199905050407
199905050404
199903030607
199908050406
199903030603
199903030611
199905050401
199908050404
199905050412
199908050409
199905050402
199903030610
199905050408
199903030608
199908050401
199903030601
199903030602
199908050405
199908050407
199908050408
199903030612
199903030606
199905050403
199905050409
199903030604
199903030605
199905050406
199905050411
199908050403
199908050410
199908050411
199905050410
199903030704
199905050504
199905050510
199903030701
199908050506
199903030706
199908050503
199908050507
199908050511
199908050501
199905050502
199903030708
199908050509
199905050501
199908050502
199903030703
199903030711
199903030712
199905050508
199905050505
199903030709
199905050511
199908050508
199903030707
199905050507
199908050512
199903030702
199905050509
199905050503
199908050510
199908050505
199905050506
199905050512
199903030710
199908050504
199903030705
199903030810
199905050605
199903030809
199908050605
199908050610
199908050603
199903030801
199903030806
199903030804
199903030807
199908050601
199903030812
199903030802
199905050604
199905050612
199908050611
199905050611
199905050603
199903030805
199908050602
199908050609
199903030808
199905050606
199908050604
199905050608
199908050608
199908050607
199905050607
199903030803
199908050606
199903030811
199905050601
199905050610
199908050612
199905050602
199905050609
199910030112
199905050711
199905050705
199910030107
199910030101
199905050704
199910030111
199908050708
199908050705
199908050710
199910030102
199905050703
199908050701
199905050708
199905050712
199905050701
199910030104
199910030103
199908050702
199910030106
199908050704
199908050703
199908050711
199908050712
199910030105
199910030108
199905050706
199908050709
199910030110
199905050710
199905050709
199908050707
199905050707
199910030109
199908050706
199905050702
199908050805
199908050803
199908050806
199908050807
199910030206
199905050805
199908050812
199910030204
199905050801
199905050807
199905050803
199910030203
199905050804
199908050804
199908050802
199910030212
199910030208
199908050809
199905050811
199905050809
199905050808
199910030202
199908050808
199910030201
199910030209
199905050810
199908050810
199910030207
199905050802
199908050801
199908050811
199905050806
199910030211
199910030205
199910030210
199909050111
199910030304
199906050111
199910030309
199909050106
199910030311
199909050105
199909050110
199910030301
199910030302
199910030307
199910030308
199906050103
199906050107
199910030303
199909050101
199910030312
199906050108
199909050104
199909050107
199906050109
199906050112
199906050104
199906050110
199906050105
199910030306
199909050108
199909050109
199906050106
199909050102
199909050112
199909050103
199906050101
199910030310
199910030305
199906050102
199906050203
199906050211
199906050205
199910030409
199909050209
199906050207
199906050202
199910030405
199909050203
199910030407
199906050204
199906050206
199910030406
199910030401
199906050208
199910030403
199910030411
199906050209
199909050204
199906050210
199909050208
199909050201
199909050205
199910030410
199909050207
199910030402
199909050210
199910030412
199906050212
199910030404
199909050206
199909050211
199910030408
199906050201
199909050212
199909050202
199909050310
199906050301
199906050302
199910030511
199909050302
199910030507
199906050310
199909050304
199906050303
199909050307
199909050311
199909050306
199910030508
199909050305
199909050308
199910030504
199910030503
199906050309
199910030502
199906050307
199906050311
199909050309
199909050303
199910030501
199906050306
199910030509
199906050312
199906050304
199910030512
199909050301
199909050312
199910030505
199910030506
199906050305
199906050308
199910030510
199909050403
199909050402
199910030610
199906050408
199906050412
199909050404
199906050406
199906050410
199906050401
199906050403
199910030608
199910030601
199909050407
199906050405
199909050410
199910030612
199909050411
199910030604
199906050407
199910030607
199909050406
199910030602
199906050402
199909050408
199910030611
199910030603
199909050409
199909050412
199910030609
199906050404
199910030606
199910030605
199906050411
199909050401
199909050405
199906050409
199906050501
199910030701
199906050505
199909050506
199909050503
199906050507
199906050512
199909050509
199906050511
199906050506
199906050510
199910030706
199910030709
199909050510
199909050501
199906050502
199909050512
199909050504
199909050505
199910030707
199910030711
199910030704
199906050503
199910030708
199910030703
199910030710
199909050511
199906050504
199906050509
199909050508
199906050508
199910030702
199909050502
199910030712
199909050507
199910030705
199909050602
199910030808
199906050607
199910030811
199906050603
199906050602
199906050611
199910030804
199910030807
199906050601
199909050611
199909050605
199909050603
199910030805
199909050608
199909050604
199909050610
199906050609
199910030802
199906050610
199910030809
199909050612
199906050604
199909050607
199906050605
199910030803
199909050606
199909050601
199906050612
199906050608
199906050606
199909050609
199910030801
199910030806
199910030810
199910030812
199906050704
199906050710
199906050701
199909050709
199906050711
199906050702
199906050707
199909050706
199909050703
199906050708
199909050702
199909050701
199906050703
199909050705
199909050707
199909050712
199906050712
199906050709
199909050711
199909050710
199909050704
199906050706
199909050708
199906050705
199906050810
199909050807
199909050810
199906050807
199909050806
199906050808
199906050805
199906050804
199906050801
199906050806
199906050802
199909050805
199909050808
199909050804
199909050812
199906050803
199906050809
199909050802
199909050803
199909050801
199909050809
199909050811
