200006010101
200006010111
200008010105
200008010107
200006010105
200008010102
200006010103
200006010104
200008010108
200006010110
200006010106
200008010104
200008010109
200008010110
200008010101
200006010108
200008010106
200008010111
200006010109
200006010107
200006010102
200006010112
200008010112
200008010103
200008010211
200006010210
200006010212
200006010201
200006010203
200008010207
200006010206
200008010208
200008010210
200006010205
200006010211
200006010208
200008010204
200008010206
200008010202
200008010212
200008010205
200008010201
200006010207
200006010209
200008010209
200006010204
200008010203
200006010202
200008010310
200008010308
200006010303
200008010302
200008010309
200008010311
200006010302
200008010312
200006010310
200008010304
200008010305
200006010309
200008010307
200006010312
200008010306
200006010304
200006010308
200006010307
200008010303
200008010301
200006010305
200006010311
200006010301
200006010306
200008010411
200008010410
200008010404
200006010406
200008010406
200008010402
200008010403
200008010409
200006010405
200008010407
200006010408
200006010411
200006010412
200008010412
200006010410
200006010404
200006010401
200008010408
200006010403
200006010402
200006010409
200006010407
200008010405
200008010401
200006010505
200008010501
200008010502
200006010508
200006010511
200008010508
200008010505
200006010509
200006010506
200008010510
200008010507
200008010509
200008010503
200008010512
200006010507
200008010506
200006010501
200006010502
200006010512
200006010510
200008010504
200006010504
200008010511
200006010503
200008010610
200008010611
200006010601
200006010602
200006010608
200008010608
200008010612
200006010603
200008010605
200008010606
200008010604
200006010612
200008010609
200006010610
200008010601
200006010604
200006010609
200006010611
200008010602
200006010605
200006010606
200008010607
200008010603
200006010607
200008010707
200006010710
200008010704
200006010706
200008010702
200006010704
200006010709
200006010702
200008010709
200008010701
200008010712
200008010711
200006010708
200008010706
200006010703
200006010707
200006010712
200008010708
200006010705
200008010710
200006010701
200008010703
200008010705
200006010711
200006010801
200006010805
200008010810
200006010806
200008010805
200006010802
200006010811
200006010809
200006010803
200006010807
200006010808
200006010812
200008010801
200008010806
200008010807
200006010804
200008010809
200008010811
200008010804
200006010810
200008010812
200008010803
200008010808
200008010802
200005010104
200005010108
200005010109
200005010105
200005010103
200010010101
200008020110
200010010108
200010010112
200005010112
200008020107
200005010110
200005010101
200010010103
200008020112
200010010105
200010010111
200010010110
200010010109
200005010102
200008020103
200008020101
200008020106
200005010107
200005010106
200008020109
200010010106
200008020105
200008020102
200008020108
200008020104
200010010102
200008020111
200005010111
200010010107
200010010104
200010010207
200005010204
200008020207
200010010202
200008020205
200010010206
200008020203
200008020210
200008020212
200005010201
200010010205
200010010212
200005010210
200008020204
200005010208
200010010201
200010010203
200008020206
200008020201
200008020208
200010010209
200008020202
200005010202
200005010211
200008020211
200010010210
200005010205
200010010211
200008020209
200005010209
200005010207
200010010204
200005010212
200005010206
200010010208
200005010203
200008020311
200005010309
200008020310
200005010304
200010010311
200005010307
200010010312
200008020304
200005010311
200008020308
200005010308
200008020309
200010010301
200008020307
200010010305
200005010312
200005010301
200010010307
200010010302
200008020303
200008020305
200005010302
200010010308
200008020306
200010010309
200008020301
200005010305
200008020302
200005010306
200010010306
200010010303
200010010304
200010010310
200005010303
200005010310
200008020312
200010010403
200008020411
200005010411
200005010412
200008020412
200010010405
200010010406
200010010410
200008020404
200008020402
200008020409
200010010411
200008020410
200010010404
200008020408
200005010405
200010010408
200005010410
200005010403
200005010402
200005010407
200010010402
200008020405
200008020406
200010010409
200008020403
200005010408
200005010409
200010010412
200005010406
200008020407
200008020401
200010010407
200005010404
200005010401
200010010401
200010010503
200010010505
200010010507
200008020508
200005010501
200005010510
200008020509
200008020504
200005010502
200008020510
200010010512
200005010507
200005010512
200008020502
200010010506
200010010502
200010010501
200010010511
200010010509
200005010504
200005010508
200008020511
200005010511
200010010510
200010010508
200005010509
200005010503
200008020512
200008020506
200005010506
200008020505
200008020501
200008020503
200008020507
200005010505
200010010504
200010010602
200010010607
200008020605
200008020612
200010010611
200005010601
200005010609
200008020608
200005010611
200005010608
200005010604
200008020609
200010010606
200010010601
200010010608
200008020606
200008020603
200008020611
200008020602
200008020610
200005010605
200005010612
200008020601
200010010609
200010010605
200010010612
200005010603
200005010606
200010010603
200010010604
200005010602
200008020604
200005010610
200008020607
200005010607
200010010610
200005010707
200005010708
200008020710
200008020712
200005010706
200008020708
200010010709
200010010703
200010010704
200008020706
200008020709
200005010704
200005010701
200005010705
200010010707
200010010705
200008020707
200008020703
200005010703
200010010706
200010010702
200008020704
200010010712
200010010708
200010010711
200008020701
200010010701
200008020702
200005010702
200008020711
200005010712
200010010710
200005010710
200008020705
200005010709
200005010711
200010010804
200008020801
200010010809
200008020809
200008020810
200010010812
200005010804
200008020808
200010010808
200008020806
200010010803
200010010805
200005010805
200005010803
200008020803
200010010807
200010010801
200008020807
200005010809
200005010801
200005010808
200005010802
200005010812
200008020802
200008020805
200010010810
200010010811
200005010806
200005010811
200005010807
200008020812
200008020811
200010010802
200005010810
200008020804
200010010806
200009010104
200006020111
200006020102
200009010112
200009010109
200009010101
200009010103
200006020101
200006020107
200009010111
200006020108
200006020106
200006020109
200009010108
200009010110
200006020105
200009010106
200006020110
200006020103
200006020104
200009010105
200009010102
200009010107
200006020112
200009010203
200006020202
200006020207
200006020204
200006020210
200006020209
200009010202
200009010206
200009010207
200006020206
200009010212
200009010209
200009010204
200009010205
200009010211
200006020211
200009010208
200006020203
200009010210
200006020208
200009010201
200006020212
200006020201
200006020205
200007010106
200007010109
200009010307
200006020302
200006020307
200006020304
200006020310
200006020311
200009010311
200009010304
200006020306
200007010110
200007010107
200009010310
200009010303
200009010301
200009010309
200009010308
200007010104
200007010103
200006020308
200009010302
200007010101
200007010108
200006020301
200007010102
200009010305
200007010105
200006020305
200007010112
200006020309
200009010312
200006020303
200006020312
200009010306
200007010111
200007010208
200009010401
200007010212
200009010406
200009010405
200006020411
200009010409
200006020402
200006020401
200009010412
200007010201
200007010203
200006020408
200007010210
200007010206
200007010204
200009010403
200006020404
200006020412
200006020405
200007010209
200007010211
200006020403
200007010205
200006020407
200006020410
200009010402
200009010407
200007010207
200009010411
200006020406
200009010410
200009010408
200009010404
200007010202
200006020409
200006020501
200009010506
200006020507
200007010308
200007010305
200007010306
200006020510
200006020511
200009010503
200009010511
200006020505
200006020508
200009010502
200006020506
200009010508
200007010309
200009010512
200009010501
200007010304
200007010310
200006020502
200007010312
200009010509
200007010303
200009010504
200006020504
200006020509
200009010510
200007010301
200007010311
200006020512
200009010505
200007010302
200009010507
200007010307
200006020503
200009010612
200007010411
200006020604
200006020609
200006020602
200009010602
200009010611
200007010410
200007010406
200006020605
200009010607
200006020601
200006020608
200006020610
200007010402
200007010404
200009010605
200007010405
200006020612
200009010608
200006020603
200007010403
200007010409
200009010609
200007010412
200009010606
200007010401
200007010407
200009010603
200006020607
200006020606
200009010601
200007010408
200006020611
200009010610
200009010604
200007010504
200007010509
200006020705
200006020711
200006020710
200006020704
200007010507
200009010705
200006020701
200007010510
200009010707
200009010709
200009010710
200007010501
200009010704
200009010703
200006020703
200006020707
200007010508
200009010711
200009010702
200007010503
200009010712
200007010512
200007010506
200007010502
200006020706
200007010505
200007010511
200009010701
200009010706
200006020712
200006020708
200006020702
200009010708
200006020709
200007010608
200006020807
200006020806
200009010811
200006020803
200006020812
200009010803
200009010812
200007010612
200009010808
200009010807
200007010607
200007010606
200009010806
200006020808
200006020801
200007010605
200007010611
200006020810
200006020805
200007010604
200007010610
200009010810
200009010802
200009010805
200007010603
200007010609
200007010602
200006020802
200009010801
200009010809
200007010601
200009010804
200006020809
200006020804
200006020811
200006030110
200006030101
200007010701
200007010706
200006030107
200007010710
200006030111
200007010707
200006030109
200006030108
200007010711
200006030103
200009020112
200007010709
200006030112
200009020108
200006030104
200009020107
200007010705
200009020111
200009020103
200009020106
200007010704
200006030106
200009020104
200007010703
200007010702
200007010712
200009020110
200009020109
200006030102
200006030105
200007010708
200009020105
200009020102
200009020101
200009020206
200006030207
200006030208
200009020203
200009020210
200006030203
200009020209
200006030209
200007010802
200007010801
200007010811
200006030204
200009020211
200007010804
200006030211
200007010812
200009020205
200009020208
200007010803
200006030212
200007010807
200007010810
200007010805
200009020207
200006030202
200009020212
200009020201
200007010809
200009020202
200007010808
200009020204
200007010806
200006030206
200006030205
200006030201
200006030210
200006030310
200009020308
200009020312
200009020310
200009020305
200009020306
200006030303
200009020311
200009020304
200009020307
200006030307
200006030306
200006030302
200006030305
200009020301
200006030308
200006030312
200006030311
200006030304
200009020303
200009020309
200009020302
200006030309
200006030301
200006030409
200006030410
200009020406
200006030403
200006030401
200006030405
200009020402
200009020404
200009020411
200009020408
200006030408
200009020410
200006030404
200009020407
200006030407
200009020409
200006030406
200009020405
200009020401
200009020412
200009020403
200006030411
200006030402
200006030412
200009020508
200006030508
200009020507
200009020506
200009020511
200006030506
200006030504
200009020512
200006030510
200006030501
200006030505
200009020509
200009020504
200009020503
200006030502
200009020505
200006030511
200006030503
200009020510
200009020502
200006030509
200006030512
200006030507
200009020501
200006030602
200006030607
200006030608
200006030611
200009020604
200006030612
200006030609
200006030610
200009020607
200009020611
200006030601
200006030604
200006030606
200006030603
200009020609
200009020612
200009020608
200009020606
200009020605
200006030605
200009020603
200009020610
200009020602
200009020601
200009020708
200006030703
200009020702
200006030710
200006030707
200006030706
200009020710
200009020703
200009020701
200009020705
200006030704
200009020707
200009020712
200006030705
200006030701
200006030711
200009020711
200006030708
200006030709
200009020709
200006030712
200009020706
200009020704
200006030702
200006030812
200006030808
200006030809
200006030804
200006030802
200006030810
200009020812
200009020811
200006030811
200009020809
200006030801
200009020804
200009020808
200009020802
200006030803
200009020806
200006030806
200009020803
200009020805
200006030807
200009020801
200006030805
200009020807
200009020810
200005020107
200003010112
200008030107
200003010110
200003010104
200005020103
200003010105
200008030110
200005020101
200005020110
200005020104
200003010101
200008030101
200005020105
200008030103
200005020108
200005020109
200003010107
200008030105
200008030112
200008030108
200003010111
200008030102
200005020111
200003010109
200005020106
200005020112
200003010106
200003010102
200003010108
200008030111
200003010103
200008030104
200008030106
200005020102
200008030109
200008030203
200003010208
200005020211
200005020208
200008030210
200008030212
200008030205
200003010204
200003010212
200005020206
200005020203
200003010211
200005020204
200003010209
200003010201
200008030211
200005020205
200008030204
200008030207
200005020209
200003010202
200003010207
200005020201
200003010210
200005020207
200005020202
200003010205
200005020212
200008030206
200005020210
200003010203
200008030209
200003010206
200008030208
200008030202
200008030201
200003010310
200005020309
200005020306
200003010305
200008030306
200003010312
200008030302
200008030303
200003010306
200008030308
200005020308
200003010309
200003010311
200005020311
200008030311
200005020305
200005020301
200008030307
200008030301
200008030305
200003010307
200005020304
200003010304
200003010303
200005020302
200005020303
200008030309
200005020312
200003010302
200005020310
200008030304
200003010301
200008030310
200003010308
200008030312
200005020307
200005020408
200008030405
200008030408
200008030407
200008030410
200005020401
200005020406
200003010401
200003010412
200008030409
200003010404
200005020405
200008030403
200008030406
200003010410
200005020404
200008030411
200003010408
200003010407
200005020411
200008030401
200003010405
200005020409
200005020403
200003010409
200005020402
200008030404
200005020407
200003010402
200003010411
200003010403
200005020410
200008030412
200008030402
200005020412
200003010406
200005020508
200008030501
200005020504
200003010503
200005020511
200008030509
200008030508
200003010512
200003010502
200008030511
200005020505
200005020501
200003010505
200008030512
200008030506
200003010504
200005020512
200005020506
200008030507
200005020503
200003010506
200003010510
200008030505
200005020502
200003010507
200008030503
200008030510
200008030504
200005020509
200003010501
200005020510
200003010508
200008030502
200003010511
200005020507
200003010509
200003010601
200008030604
200005020605
200008030603
200005020604
200005020608
200008030601
200003010608
200005020607
200003010612
200003010603
200005020609
200003010609
200008030608
200008030605
200008030607
200003010604
200003010606
200005020610
200005020601
200008030609
200005020602
200005020611
200005020603
200003010610
200003010602
200003010605
200008030606
200008030611
200008030602
200003010607
200005020606
200008030610
200005020612
200008030612
200003010611
200008030708
200003010709
200005020706
200008030710
200008030701
200005020701
200008030711
200008030705
200008030706
200008030704
200003010703
200003010701
200003010712
200005020710
200005020712
200005020704
200003010702
200003010710
200003010704
200008030709
200005020707
200005020708
200003010708
200003010711
200005020702
200008030702
200005020703
200003010706
200005020705
200008030707
200003010705
200008030703
200003010707
200005020711
200008030712
200005020709
200008030804
200005020806
200003010809
200005020802
200005020804
200003010801
200005020808
200003010802
200005020810
200005020811
200003010812
200008030807
200003010808
200008030801
200003010811
200003010807
200003010806
200005020807
200005020801
200003010805
200005020803
200008030812
200003010804
200005020812
200003010810
200008030808
200003010803
200008030810
200008030806
200008030803
200005020809
200008030811
200008030809
200008030805
200008030802
200005020805
200005030108
200007020110
200007020105
200005030101
200005030106
200005030103
200005030104
200007020107
200007020112
200007020106
200007020104
200007020109
200005030107
200007020102
200007020111
200005030102
200007020108
200005030105
200007020103
200005030112
200005030111
200005030109
200005030110
200007020101
200005030206
200005030203
200005030204
200005030207
200007020206
200007020202
200005030210
200005030208
200007020210
200005030211
200007020204
200007020208
200005030205
200007020203
200007020201
200005030202
200007020209
200005030212
200005030209
200007020205
200007020211
200007020212
200005030201
200007020207
200005030305
200007020310
200007020307
200007020312
200007020301
200005030310
200005030301
200005030311
200007020306
200007020303
200005030308
200007020309
200005030312
200007020302
200005030309
200007020305
200005030302
200005030307
200007020311
200007020308
200005030306
200005030303
200005030304
200007020304
200007020402
200007020412
200007020406
200005030405
200005030404
200005030407
200005030401
200005030409
200005030410
200007020409
200005030406
200005030403
200007020408
200007020405
200007020407
200007020404
200005030402
200007020411
200007020410
200005030408
200007020401
200007020403
200005030505
200007020505
200007020506
200005030512
200005030511
200007020512
200005030506
200005030502
200005030504
200007020502
200005030507
200007020511
200005030503
200007020501
200007020507
200007020504
200005030508
200007020503
200007020510
200007020509
200005030501
200005030509
200007020508
200005030510
200007020607
200005030601
200005030610
200007020609
200005030603
200005030612
200005030608
200007020608
200007020611
200005030609
200005030602
200007020601
200007020606
200005030605
200007020602
200005030606
200007020612
200005030611
200007020605
200007020603
200005030604
200007020604
200005030607
200007020610
200005030707
200005030704
200007020711
200005030705
200005030712
200007020701
200007020706
200007020712
200002010109
200007020702
200002010103
200005030702
200007020707
200005030711
200005030706
200002010104
200002010106
200007020710
200005030701
200007020705
200007020703
200002010111
200002010105
200005030709
200005030710
200005030703
200002010101
200007020704
200002010102
200007020708
200002010108
200002010110
200002010112
200007020709
200002010107
200005030708
200005030809
200005030810
200005030805
200005030803
200002010211
200002010212
200002010206
200002010204
200005030807
200007020804
200007020810
200005030811
200007020803
200002010207
200007020811
200007020807
200005030804
200005030802
200002010210
200002010209
200007020802
200007020812
200002010203
200007020809
200005030801
200005030808
200002010201
200007020805
200007020808
200007020806
200002010202
200007020801
200005030806
200002010208
200005030812
200002010205
200002010405
200002010412
200009030210
200005040202
200002010409
200005040205
200002010408
200005040203
200009030201
200005040210
200002010401
200009030202
200009030207
200002010407
200005040201
200002010406
200005040204
200005040209
200009030209
200005040207
200009030205
200002010402
200009030206
200009030208
200002010404
200009030204
200005040206
200005040211
200009030212
200002010410
200005040212
200002010411
200009030211
200002010403
200005040208
200009030203
200005040101
200002010301
200005040108
200009030101
200009030102
200009030105
200005040109
200009030111
200009030112
200002010312
200005040110
200005040103
200005040106
200002010307
200002010303
200002010306
200002010310
200005040104
200009030110
200002010304
200009030104
200005040111
200005040102
200005040107
200002010311
200009030108
200002010309
200002010302
200009030107
200009030103
200002010308
200009030109
200005040112
200009030106
200002010305
200005040105
200005040305
200005040307
200009030303
200009030304
200009030302
200009030309
200002010512
200009030305
200002010505
200002010511
200005040303
200002010509
200002010510
200009030311
200002010502
200009030306
200002010504
200005040308
200002010501
200002010503
200005040301
200005040312
200009030301
200009030310
200002010507
200005040302
200005040310
200002010508
200005040309
200005040306
200005040311
200005040304
200002010506
200009030307
200009030308
200009030312
200002010601
200005040403
200005040402
200005040407
200002010611
200005040411
200005040409
200009030403
200002010610
200009030401
200009030406
200005040406
200005040405
200005040408
200005040404
200009030410
200005040401
200009030402
200009030411
200002010604
200002010606
200002010607
200002010612
200002010603
200002010605
200009030405
200009030408
200009030412
200002010608
200009030404
200009030409
200002010609
200005040412
200002010602
200009030407
200005040410
200009030506
200005040501
200002010704
200009030502
200002010707
200005040509
200009030504
200002010708
200009030509
200005040502
200002010709
200005040508
200005040504
200002010710
200002010705
200005040506
200009030505
200009030511
200005040510
200005040507
200009030508
200009030501
200002010711
200009030510
200009030512
200005040511
200009030503
200002010706
200005040503
200002010701
200009030507
200005040512
200005040505
200002010702
200002010712
200002010703
200009030610
200005040610
200002010809
200002010805
200005040604
200002010802
200009030608
200002010807
200002010804
200002010808
200005040606
200009030609
200005040605
200005040603
200005040608
200002010803
200009030603
200002010812
200005040601
200009030601
200009030611
200005040607
200002010801
200009030612
200005040609
200009030606
200005040602
200009030602
200009030605
200009030604
200005040612
200002010806
200009030607
200005040611
200002010810
200002010811
200002020108
200002020110
200005040707
200002020104
200005040708
200002020107
200005040702
200005040705
200002020111
200002020112
200002020103
200005040710
200005040703
200009030711
200005040706
200002020101
200005040712
200002020106
200009030705
200009030703
200009030704
200005040709
200009030708
200009030709
200002020105
200009030707
200005040701
200002020109
200005040704
200005040711
200002020102
200009030701
200009030712
200009030702
200009030706
200009030710
200002020204
200002020212
200005040804
200009030812
200002020206
200005040806
200002020207
200002020202
200005040801
200009030808
200005040802
200002020211
200002020209
200009030802
200009030807
200009030805
200005040805
200005040811
200009030803
200005040803
200002020205
200009030810
200002020201
200009030809
200005040812
200005040809
200002020210
200005040808
200005040810
200009030806
200005040807
200002020203
200009030801
200009030804
200009030811
200002020208
200002020312
200003020110
200010020105
200002020304
200010020101
200003020109
200003020101
200003020103
200002020308
200003020107
200010020106
200010020107
200010020112
200010020103
200002020301
200003020105
200010020109
200002020307
200010020110
200002020305
200002020309
200002020310
200002020311
200010020104
200010020111
200010020102
200003020112
200002020303
200003020106
200003020111
200003020108
200003020102
200002020306
200002020302
200003020104
200010020108
200002020403
200003020206
200003020208
200002020405
200002020407
200002020412
200010020205
200002020408
200002020402
200010020204
200002020411
200002020410
200003020207
200010020202
200003020211
200002020401
200010020207
200010020206
200003020203
200003020202
200003020204
200010020211
200003020201
200003020209
200010020208
200010020209
200002020406
200002020409
200010020201
200003020210
200010020203
200002020404
200003020205
200003020212
200010020212
200010020210
200010020310
200003020308
200003020306
200010020308
200010020312
200003020312
200010020304
200002020501
200010020305
200003020310
200003020304
200002020506
200002020510
200002020504
200010020307
200003020305
200010020301
200002020511
200003020311
200002020502
200010020306
200002020512
200010020302
200010020311
200002020508
200003020301
200002020505
200002020503
200002020507
200003020303
200003020302
200003020307
200003020309
200010020303
200002020509
200010020309
200002020607
200003020403
200003020401
200010020405
200002020602
200002020601
200003020402
200002020611
200010020404
200003020407
200010020403
200010020412
200010020406
200003020405
200003020409
200003020406
200002020604
200010020401
200003020410
200003020412
200010020407
200010020402
200010020409
200002020609
200010020408
200002020603
200002020605
200002020608
200002020612
200002020610
200010020411
200010020410
200002020606
200003020404
200003020408
200003020411
200003020505
200010020504
200002020710
200010020509
200003020503
200002020711
200002020707
200002020709
200010020503
200002020705
200002020712
200003020506
200010020510
200003020502
200010020501
200003020508
200002020702
200002020704
200003020511
200010020507
200002020706
200003020510
200002020708
200003020501
200003020512
200010020505
200010020511
200003020509
200002020703
200003020507
200010020506
200010020508
200003020504
200010020512
200010020502
200002020701
200003020605
200002020806
200010020608
200003020603
200002020802
200003020610
200003020611
200002020811
200003020602
200010020611
200003020607
200010020605
200003020612
200002020804
200002020808
200002020807
200003020606
200010020604
200002020805
200010020603
200010020607
200010020612
200002020810
200002020812
200010020606
200010020610
200002020801
200010020609
200003020601
200010020602
200002020803
200002020809
200003020609
200003020608
200003020604
200010020601
200003020702
200010020710
200010020711
200010020712
200003020701
200003020708
200001010101
200010020706
200010020708
200001010112
200003020703
200003020710
200003020704
200010020709
200001010108
200001010107
200001010106
200003020709
200001010109
200003020707
200001010102
200001010103
200001010110
200001010104
200001010105
200001010111
200003020711
200003020712
200010020701
200010020702
200010020704
200010020703
200003020705
200010020705
200003020706
200010020707
200001010210
200003020810
200003020802
200001010206
200010020806
200010020811
200010020803
200001010208
200003020805
200010020809
200001010202
200001010207
200010020805
200001010211
200003020809
200001010212
200003020804
200003020808
200003020803
200010020804
200001010205
200010020808
200010020810
200003020801
200003020807
200010020802
200010020807
200010020801
200001010203
200003020812
200001010201
200001010204
200010020812
200003020811
200003020806
200001010209
200001010304
200010030101
200010030102
200006040110
200010030112
200006040105
200010030109
200006040111
200001010305
200006040109
200010030108
200006040106
200001010311
200001010312
200001010306
200006040108
200001010308
200010030110
200010030107
200001010301
200006040104
200010030104
200001010309
200001010302
200006040102
200001010310
200006040103
200010030111
200001010303
200006040101
200010030103
200006040107
200006040112
200010030106
200010030105
200001010307
200001010406
200010030208
200010030210
200001010402
200001010412
200010030203
200010030205
200006040212
200001010407
200010030211
200006040202
200006040203
200001010409
200006040211
200010030201
200010030202
200010030204
200006040208
200010030212
200001010403
200001010401
200006040210
200010030209
200006040204
200006040209
200001010408
200006040206
200001010405
200006040205
200006040201
200010030207
200010030206
200001010410
200001010404
200006040207
200001010411
200010030304
200006040306
200006040305
200010030312
200001010512
200010030310
200006040303
200001010505
200010030306
200001010504
200001010508
200010030303
200001010507
200010030308
200001010502
200001010509
200001010501
200006040302
200006040304
200010030302
200001010506
200006040309
200001010511
200006040308
200010030311
200010030307
200010030301
200006040310
200010030305
200001010503
200006040301
200001010510
200006040312
200006040311
200010030309
200006040307
200006040409
200001010601
200006040412
200001010610
200010030401
200006040401
200006040408
200010030405
200006040402
200010030404
200010030408
200001010606
200006040406
200010030402
200001010607
200001010605
200006040404
200001010602
200010030411
200010030412
200010030410
200006040405
200010030407
200001010604
200010030406
200010030403
200001010611
200001010612
200001010609
200006040411
200001010608
200006040403
200010030409
200006040410
200006040407
200001010603
200001010706
200006040505
200006040509
200010030506
200001010701
200001010703
200001010712
200001010710
200010030503
200006040507
200006040502
200010030501
200010030507
200010030504
200010030502
200006040504
200010030505
200006040506
200006040503
200010030509
200010030511
200006040508
200006040512
200001010702
200006040510
200001010704
200001010709
200001010705
200001010708
200006040511
200010030508
200010030510
200010030512
200006040501
200001010707
200001010711
200006040610
200010030605
200006040612
200001010805
200006040606
200010030604
200010030610
200006040603
200006040611
200010030607
200001010810
200010030612
200006040602
200010030601
200006040601
200001010807
200001010809
200010030606
200001010804
200001010803
200006040609
200010030609
200010030611
200001010808
200006040605
200010030602
200001010802
200001010811
200001010801
200010030608
200001010806
200001010812
200006040608
200006040604
200010030603
200006040607
200001020106
200006040705
200001020101
200001020103
200006040701
200010030709
200001020104
200010030701
200006040709
200001020107
200001020105
200006040703
200010030707
200001020108
200010030706
200010030708
200001020110
200006040708
200006040711
200006040704
200006040712
200010030705
200001020109
200010030712
200001020102
200006040702
200010030704
200006040710
200010030702
200010030710
200006040707
200001020112
200006040706
200010030703
200010030711
200001020111
200001020211
200006040807
200006040804
200001020203
200001020206
200010030801
200001020212
200006040802
200010030806
200010030802
200010030811
200001020201
200006040801
200010030807
200010030809
200006040811
200006040806
200010030808
200001020207
200010030803
200001020208
200006040808
200001020204
200001020202
200010030805
200001020209
200001020205
200010030810
200006040812
200006040803
200006040809
200001020210
200006040805
200010030804
200010030812
200006040810
200001020303
200006050107
200006050110
200001020311
200006050111
200009040111
200006050106
200001020305
200001020306
200009040108
200006050108
200006050102
200001020304
200009040102
200001020301
200006050104
200009040104
200009040105
200006050112
200001020309
200009040103
200001020308
200009040112
200006050103
200001020302
200009040101
200006050109
200006050101
200009040110
200006050105
200009040109
200001020310
200009040106
200009040107
200001020307
200001020312
200009040209
200001020409
200001020411
200009040206
200001020412
200009040201
200009040203
200006050212
200006050210
200006050201
200006050208
200006050207
200001020407
200009040207
200001020404
200006050209
200009040202
200001020405
200009040208
200009040205
200001020408
200006050205
200006050202
200001020406
200009040212
200006050204
200001020402
200001020410
200001020401
200006050206
200006050203
200009040204
200009040210
200009040211
200001020403
200006050211
200006050306
200009040308
200006050311
200009040301
200009040309
200001020510
200009040307
200009040306
200009040303
200006050308
200001020509
200009040312
200009040311
200009040305
200001020508
200006050302
200006050309
200006050312
200006050310
200001020507
200001020504
200001020506
200001020503
200009040302
200006050301
200001020505
200001020512
200006050307
200009040310
200006050303
200001020502
200006050305
200009040304
200006050304
200001020501
200001020511
200001020609
200001020604
200009040402
200006050406
200006050408
200006050407
200009040410
200001020607
200009040409
200006050402
200009040403
200006050409
200006050405
200009040407
200009040412
200009040411
200006050411
200001020605
200006050401
200006050404
200001020601
200009040401
200001020611
200001020610
200001020603
200001020602
200009040405
200009040408
200001020608
200001020612
200006050412
200006050403
200009040404
200001020606
200006050410
200009040406
200006050507
200006050505
200006050504
200006050502
200009040506
200009040507
200009040504
200001020708
200001020707
200009040502
200006050508
200006050512
200001020704
200001020709
200001020703
200006050510
200009040508
200001020712
200001020702
200009040509
200006050509
200009040503
200009040512
200001020710
200006050506
200001020705
200006050511
200009040505
200001020706
200001020711
200006050503
200009040511
200001020701
200009040510
200006050501
200009040501
200006050601
200001020801
200009040608
200006050607
200001020811
200009040602
200009040611
200006050606
200001020807
200006050611
200009040607
200001020803
200001020808
200006050608
200006050609
200006050604
200006050612
200009040605
200001020809
200006050610
200009040601
200001020802
200001020812
200006050605
200001020805
200006050603
200009040604
200001020810
200006050602
200009040603
200001020806
200001020804
200009040609
200009040610
200009040612
200009040606
200006050707
200006050703
200009040712
200003030101
200003030111
200009040701
200006050708
200006050706
200009040706
200009040710
200009040704
200009040707
200009040708
200003030110
200003030103
200006050702
200009040709
200009040703
200006050705
200006050711
200006050709
200003030105
200003030102
200003030106
200009040702
200006050701
200003030108
200003030109
200003030107
200006050710
200006050704
200003030104
200003030112
200009040711
200009040705
200006050712
200009040805
200009040802
200006050804
200006050802
200006050803
200003030210
200009040804
200009040807
200003030208
200003030207
200006050801
200003030211
200006050805
200009040811
200009040812
200006050810
200003030202
200003030206
200006050808
200009040809
200003030209
200009040808
200003030204
200003030201
200009040810
200006050807
200006050812
200003030212
200006050809
200006050811
200006050806
200009040806
200003030203
200003030205
200009040801
200009040803
200003030303
200003030302
200005050111
200005050104
200008040107
200008040102
200003030307
200005050108
200005050109
200008040112
200003030311
200008040109
200008040104
200003030309
200005050110
200003030312
200003030301
200003030305
200008040110
200008040111
200005050112
200008040106
200005050107
200008040105
200008040103
200005050102
200005050106
200003030308
200003030310
200005050101
200008040108
200003030304
200005050105
200008040101
200003030306
200005050103
200003030405
200008040212
200005050203
200005050205
200008040209
200008040201
200003030404
200005050204
200008040205
200008040204
200008040211
200003030408
200003030403
200005050208
200005050212
200003030407
200005050201
200003030410
200003030402
200005050202
200003030401
200005050209
200008040202
200008040208
200003030406
200008040207
200008040203
200008040210
200008040206
200003030409
200005050206
200003030412
200005050207
200005050210
200005050211
200003030411
200003030504
200003030505
200005050303
200003030503
200003030502
200008040304
200008040309
200003030512
200008040303
200008040301
200008040308
200008040310
200003030511
200005050312
200005050301
200005050306
200008040307
200003030509
200008040311
200005050304
200008040305
200008040306
200005050307
200003030508
200003030507
200008040312
200005050302
200005050305
200005050311
200003030501
200003030506
200003030510
200005050310
200008040302
200005050309
200005050308
200003030601
200003030610
200008040407
200005050408
200008040412
200008040404
200008040408
200008040410
200003030602
200005050406
200005050401
200008040401
200005050404
200005050402
200003030604
200003030603
200003030608
200003030605
200008040405
200005050412
200008040409
200005050403
200005050409
200005050410
200003030607
200008040403
200008040402
200008040411
200003030609
200003030611
200005050407
200005050411
200008040406
200005050405
200003030612
200003030606
200005050501
200003030704
200008040501
200003030708
200008040502
200003030707
200008040512
200005050512
200008040509
200003030705
200008040506
200008040507
200005050508
200003030703
200005050503
200008040503
200003030710
200005050505
200008040508
200005050506
200005050504
200005050502
200008040504
200005050511
200005050510
200008040510
200003030712
200003030709
200005050507
200008040505
200005050509
200008040511
200003030702
200003030706
200003030711
200003030701
200005050611
200008040608
200003030812
200003030802
200003030807
200005050605
200008040606
200003030805
200003030804
200005050606
200008040602
200003030808
200008040603
200003030809
200003030810
200005050602
200005050604
200003030811
200008040611
200008040605
200005050603
200005050609
200008040610
200008040612
200005050607
200003030803
200005050608
200008040609
200008040601
200008040607
200003030801
200005050601
200003030806
200005050612
200008040604
200005050610
200005050708
200005050709
200008040709
200008040706
200003040103
200005050701
200005050705
200003040110
200005050703
200005050710
200003040105
200008040702
200003040112
200003040109
200005050711
200008040707
200008040712
200003040102
200008040703
200005050706
200008040710
200008040708
200003040107
200003040101
200008040705
200008040704
200008040711
200003040104
200005050712
200005050702
200005050704
200005050707
200003040108
200008040701
200003040106
200003040111
200005050805
200008040802
200008040812
200003040202
200008040809
200008040806
200003040201
200008040804
200005050808
200005050812
200003040206
200005050810
200008040803
200003040207
200003040203
200005050811
200005050803
200005050804
200005050809
200003040205
200008040801
200008040807
200003040209
200005050802
200008040808
200008040811
200005050801
200003040210
200003040204
200008040805
200003040211
200005050806
200003040208
200005050807
200008040810
200003040212
200005060111
200008050109
200008050111
200003040306
200005060109
200008050110
200008050102
200005060112
200005060103
200003040307
200008050105
200003040311
200005060106
200005060108
200008050106
200008050108
200005060101
200003040310
200005060107
200003040302
200003040301
200003040303
200003040309
200005060105
200005060102
200005060110
200003040308
200003040312
200008050107
200003040304
200008050103
200008050101
200003040305
200008050112
200008050104
200005060104
200005060211
200008050209
200003040403
200003040412
200008050203
200008050208
200008050212
200003040402
200008050207
200008050211
200003040410
200008050210
200003040401
200005060206
200005060208
200008050201
200008050205
200005060202
200005060201
200003040404
200005060209
200003040406
200008050206
200005060203
200003040409
200005060205
200005060207
200003040408
200003040407
200003040405
200008050202
200005060212
200008050204
200005060210
200003040411
200005060204
200003040506
200005060308
200003040501
200003040512
200003040508
200003040511
200005060303
200008050302
200003040504
200008050304
200005060310
200008050306
200005060302
200008050309
200003040505
200003040503
200008050301
200008050305
200008050303
200005060311
200008050307
200005060309
200008050312
200005060306
200005060312
200008050308
200008050310
200008050311
200003040510
200003040509
200005060304
200003040507
200003040502
200005060305
200005060307
200005060301
200008050409
200008050408
200008050411
200008050410
200008050406
200005060412
200003040609
200005060409
200008050402
200003040604
200003040608
200005060406
200003040606
200008050412
200003040607
200003040610
200003040602
200005060403
200005060407
200005060401
200008050407
200005060411
200003040605
200003040612
200005060410
200003040611
200008050401
200005060402
200008050403
200005060408
200008050405
200005060404
200003040603
200008050404
200003040601
200005060405
200008050512
200008050511
200005060501
200008050505
200003040711
200008050501
200003040701
200005060511
200003040710
200005060502
200005060506
200005060507
200003040712
200008050507
200005060512
200005060503
200005060508
200003040702
200005060510
200003040703
200005060509
200008050502
200008050510
200003040704
200003040707
200005060504
200003040709
200008050508
200008050503
200008050509
200003040705
200008050504
200008050506
200003040706
200005060505
200003040708
200005060612
200008050609
200003040805
200005060609
200003040809
200005060608
200008050602
200008050601
200003040803
200003040801
200003040806
200003040810
200005060611
200008050604
200008050611
200005060605
200003040802
200003040811
200003040808
200008050610
200008050603
200005060601
200005060606
200008050608
200008050606
200008050607
200005060602
200003040807
200008050605
200003040804
200008050612
200005060607
200005060604
200003040812
200005060603
200005060610
200005060712
200007030106
200008050703
200007030105
200005060708
200007030101
200007030103
200008050701
200007030104
200005060707
200005060702
200008050709
200008050710
200008050711
200005060704
200005060711
200008050708
200008050712
200007030112
200005060710
200005060701
200007030111
200005060705
200007030110
200008050704
200005060703
200008050706
200008050705
200007030108
200007030107
200005060706
200005060709
200008050707
200007030109
200007030102
200008050702
200008050807
200005060801
200008050808
200008050805
200008050801
200005060806
200005060810
200008050809
200007030206
200005060811
200007030207
200008050806
200008050810
200008050812
200007030201
200008050803
200007030208
200005060805
200007030212
200007030211
200008050802
200007030205
200007030203
200005060802
200005060807
200007030204
200005060808
200007030209
200007030202
200005060803
200005060809
200008050811
200005060804
200007030210
200008050804
200006060101
200009050108
200007030301
200006060105
200007030304
200006060107
200007030311
200009050104
200009050110
200006060108
200006060109
200009050103
200009050109
200006060104
200007030302
200006060103
200009050105
200007030303
200009050106
200006060110
200007030308
200009050111
200009050107
200007030307
200006060111
200009050112
200007030305
200007030306
200006060102
200006060112
200009050102
200009050101
200007030310
200007030312
200006060106
200007030309
200007030406
200007030401
200006060205
200006060211
200009050212
200006060201
200007030409
200009050201
200006060206
200006060207
200007030403
200007030408
200006060204
200009050209
200006060209
200009050206
200009050210
200007030410
200007030404
200009050204
200007030407
200009050205
200009050202
200006060212
200006060208
200007030412
200009050203
200006060210
200007030405
200009050211
200007030402
200006060202
200007030411
200006060203
200009050208
200009050207
200006060301
200007030511
200007030510
200009050307
200007030502
200009050308
200007030512
200006060303
200009050301
200009050303
200009050312
200006060304
200006060305
200007030509
200007030503
200007030505
200006060309
200009050306
200009050304
200007030501
200007030508
200009050309
200007030507
200009050305
200009050310
200006060311
200006060306
200007030504
200006060308
200009050311
200006060302
200009050302
200007030506
200006060307
200006060310
200006060312
200009050404
200006060401
200007030608
200009050405
200006060410
200009050403
200009050408
200006060404
200007030609
200009050410
200006060403
200007030607
200006060405
200007030601
200009050406
200009050407
200007030611
200007030610
200006060408
200006060409
200006060412
200007030605
200007030602
200006060402
200006060411
200009050411
200006060406
200007030612
200007030604
200009050401
200006060407
200007030606
200009050409
200009050402
200009050412
200007030603
200007030710
200006060501
200007030703
200007030711
200009050512
200006060502
200009050505
200007030705
200007030707
200007030712
200006060503
200009050502
200009050506
200009050508
200006060509
200006060512
200009050511
200009050509
200006060504
200009050507
200007030706
200009050501
200007030709
200006060506
200006060510
200007030701
200007030708
200009050510
200009050504
200007030704
200006060505
200009050503
200006060511
200007030702
200006060507
200006060508
200006060612
200006060608
200007030802
200007030807
200006060607
200006060605
200007030811
200007030809
200009050610
200009050604
200006060604
200006060611
200007030812
200006060602
200006060610
200007030806
200009050609
200007030805
200009050601
200009050612
200007030810
200009050607
200009050602
200006060603
200007030804
200006060606
200007030801
200009050605
200009050606
200009050608
200006060609
200009050611
200007030808
200009050603
200006060601
200007030803
200006060709
200006060711
200009050702
200006060708
200006060707
200009050701
200009050706
200006060706
200009050705
200009050709
200006060701
200009050711
200006060702
200009050712
200006060705
200009050710
200006060712
200009050704
200006060703
200009050708
200006060704
200006060710
200009050703
200009050707
200006060810
200009050804
200006060805
200009050808
200006060808
200006060803
200006060809
200009050807
200009050811
200009050806
200009050801
200006060802
200006060801
200009050805
200009050802
200006060804
200006060807
200009050809
200009050812
200009050803
200006060806
200009050810
