200106010111
200108010102
200106010104
200108010106
200106010108
200106010101
200106010103
200106010102
200108010108
200108010112
200108010105
200108010109
200108010104
200106010106
200106010109
200108010103
200106010107
200108010111
200106010112
200106010105
200108010101
200106010110
200108010110
200108010107
200108010202
200106010208
200108010211
200106010212
200108010206
200106010206
200108010205
200108010210
200106010209
200108010208
200106010207
200106010204
200106010201
200108010201
200106010203
200108010207
200108010204
200108010203
200106010210
200106010202
200106010211
200106010205
200108010209
200108010212
200106010302
200106010308
200108010305
200108010303
200108010308
200106010304
200106010303
200106010301
200106010309
200106010307
200108010307
200106010305
200108010302
200108010306
200106010306
200108010301
200106010312
200108010309
200108010304
200106010310
200106010311
200108010410
200108010409
200106010403
200108010404
200106010405
200108010408
200106010410
200106010406
200108010411
200106010411
200106010402
200106010401
200106010408
200108010402
200108010407
200106010409
200106010412
200108010405
200108010406
200108010403
200106010404
200108010412
200106010407
200108010401
200106010502
200106010503
200108010501
200108010504
200106010509
200106010508
200108010503
200106010506
200108010502
200108010506
200108010512
200108010510
200108010511
200108010505
200106010510
200106010505
200108010508
200106010507
200106010501
200108010509
200106010511
200106010512
200108010507
200106010504
200106010607
200108010604
200108010603
200106010609
200108010612
200108010607
200106010603
200108010608
200108010605
200106010606
200106010601
200106010602
200106010604
200106010608
200108010610
200108010602
200108010611
200108010606
200106010605
200108010609
200106010612
200106010611
200108010601
200106010610
200106010705
200106010706
200106010709
200106010701
200108010703
200108010701
200108010702
200108010704
200106010702
200106010712
200108010705
200106010703
200106010708
200106010704
200106010711
200106010707
200106010710
200106010806
200106010805
200108010801
200106010811
200108010802
200106010809
200108010803
200106010801
200108010811
200108010804
200108010812
200106010802
200108010809
200106010812
200108010805
200108010807
200106010807
200108010806
200108010810
200106010808
200106010804
200106010810
200108010808
200106010803
200108010708
200108010709
200108010711
200108010707
200108010710
200108010706
200108010712
200108020110
200110010103
200108020111
200108020104
200110010107
200110010102
200108020103
200108020112
200108020106
200108020101
200110010106
200110010110
200110010105
200110010109
200108020105
200108020102
200110010111
200110010108
200108020109
200108020108
200110010101
200108020107
200110010104
200110010112
200108020201
200108020202
200108020203
200110010207
200110010212
200110010201
200108020211
200110010203
200108020212
200110010202
200108020204
200110010211
200108020208
200108020206
200108020209
200108020210
200110010210
200110010209
200108020207
200110010206
200110010208
200110010204
200110010205
200108020205
200105010102
200105010105
200105010101
200105010103
200105010111
200105010107
200105010106
200105010108
200105010112
200105010109
200105010104
200105010110
200105010205
200105010207
200105010209
200105010212
200105010210
200105010208
200105010201
200105010202
200105010203
200105010211
200105010204
200105010206
200110010301
200105010303
200105010302
200110010311
200108020304
200105010304
200110010307
200110010310
200105010311
200108020303
200105010307
200108020312
200105010308
200108020310
200108020311
200105010301
200105010306
200105010310
200110010302
200110010304
200110010303
200108020305
200108020301
200108020309
200108020306
200110010309
200110010308
200110010306
200108020308
200108020302
200105010312
200110010312
200105010305
200108020307
200105010309
200110010305
200105010411
200108020407
200108020404
200105010412
200108020408
200105010407
200110010407
200105010403
200108020401
200108020412
200108020411
200105010408
200110010410
200105010409
200110010408
200110010402
200108020403
200105010402
200108020402
200105010410
200108020410
200110010401
200110010404
200108020406
200110010403
200110010406
200110010412
200108020409
200110010405
200105010401
200105010405
200105010406
200108020405
200110010411
200105010404
200110010409
200110010510
200105010512
200108020511
200110010507
200110010501
200110010506
200108020505
200108020512
200108020502
200110010509
200105010504
200108020506
200110010505
200105010511
200110010504
200105010501
200105010502
200110010512
200110010502
200105010506
200110010503
200105010508
200105010505
200105010507
200105010509
200108020507
200105010510
200108020501
200108020508
200108020503
200105010503
200110010511
200110010508
200108020509
200108020504
200108020510
200108020610
200110010611
200110010608
200105010608
200108020601
200108020608
200108020607
200108020609
200108020605
200105010604
200110010601
200108020604
200110010607
200110010604
200108020603
200110010610
200105010610
200110010603
200105010606
200110010612
200105010601
200105010611
200105010607
200105010609
200105010605
200105010602
200105010603
200110010602
200110010606
200105010612
200110010609
200108020602
200108020606
200108020611
200110010605
200108020612
200105010703
200110010703
200105010708
200105010702
200105010711
200105010704
200108020702
200108020708
200105010710
200105010707
200110010709
200105010706
200108020707
200108020712
200110010706
200110010702
200105010701
200108020710
200108020703
200110010710
200110010701
200110010705
200108020706
200108020701
200110010704
200108020705
200110010711
200105010705
200105010712
200110010708
200108020704
200110010707
200110010712
200105010709
200108020709
200108020711
200110010803
200110010804
200105010810
200105010804
200105010801
200108020807
200110010805
200108020805
200108020803
200105010806
200110010806
200110010810
200105010808
200105010802
200105010809
200108020809
200105010805
200110010807
200110010802
200110010801
200105010811
200108020808
200108020804
200110010812
200110010811
200108020811
200110010808
200108020801
200105010812
200108020812
200105010803
200108020806
200110010809
200108020802
200108020810
200105010807
200106020110
200109010110
200109010112
200106020104
200109010101
200106020106
200109010104
200109010111
200109010106
200109010107
200109010105
200106020105
200106020101
200106020107
200109010109
200109010103
200106020109
200106020102
200109010108
200106020111
200106020108
200109010102
200106020112
200106020103
200109010209
200109010207
200109010208
200109010211
200106020205
200109010201
200106020202
200106020206
200109010204
200106020201
200109010212
200109010206
200106020211
200106020207
200109010205
200106020204
200106020208
200106020212
200106020203
200109010210
200109010202
200109010203
200106020209
200106020210
200109010306
200107010109
200106020309
200106020307
200109010305
200106020306
200109010308
200107010103
200109010311
200107010108
200109010302
200106020303
200106020301
200107010110
200106020311
200107010111
200106020310
200109010310
200107010107
200106020305
200107010102
200107010105
200107010101
200109010312
200109010309
200107010104
200109010304
200106020304
200109010307
200109010301
200107010112
200106020302
200106020308
200107010106
200109010303
200106020312
200106020408
200107010203
200107010208
200107010212
200107010210
200109010406
200106020410
200107010202
200109010401
200109010410
200109010403
200106020402
200109010412
200106020407
200109010408
200106020404
200107010209
200107010205
200106020403
200106020401
200106020409
200109010402
200106020412
200109010411
200107010207
200107010206
200109010405
200109010404
200109010409
200106020406
200109010407
200107010201
200107010211
200106020411
200107010204
200106020405
200107010312
200106020512
200107010303
200107010309
200107010302
200106020510
200109010512
200109010511
200106020505
200107010308
200106020511
200109010508
200106020507
200109010501
200109010507
200107010305
200107010310
200107010304
200107010311
200106020506
200106020508
200106020501
200106020509
200109010504
200107010307
200106020502
200109010510
200109010503
200109010502
200106020504
200109010509
200109010506
200107010306
200107010301
200109010505
200106020503
200109010611
200109010609
200107010407
200106020612
200106020608
200107010412
200106020610
200107010404
200106020601
200109010608
200106020605
200107010402
200109010601
200106020611
200107010403
200107010406
200106020609
200107010409
200107010411
200106020606
200109010603
200106020603
200109010607
200109010612
200107010405
200109010606
200107010410
200109010605
200109010604
200106020607
200106020604
200106020602
200107010401
200107010408
200109010602
200109010610
200106020711
200107010505
200107010506
200109010703
200106020702
200107010510
200107010512
200106020703
200106020712
200109010711
200106020701
200107010504
200107010509
200106020708
200106020704
200107010503
200107010502
200109010701
200109010702
200107010501
200107010511
200109010704
200107010508
200109010706
200109010709
200106020705
200109010707
200109010712
200109010710
200106020706
200109010708
200107010507
200109010705
200106020707
200106020709
200106020710
200109010806
200109010802
200106020802
200106020807
200107010601
200107010602
200106020801
200109010811
200109010803
200107010612
200109010810
200107010608
200107010607
200107010611
200109010801
200106020804
200107010604
200109010805
200107010609
200109010812
200109010804
200106020812
200106020805
200109010809
200107010606
200109010807
200106020808
200106020810
200106020806
200107010610
200107010605
200106020811
200109010808
200106020809
200107010603
200106020803
200107010710
200109020106
200106030112
200109020109
200107010702
200106030109
200106030105
200109020110
200106030103
200109020105
200106030101
200109020102
200109020112
200107010704
200107010709
200106030104
200107010707
200106030110
200109020107
200106030102
200109020111
200107010703
200107010701
200107010706
200106030106
200109020104
200107010708
200109020108
200107010711
200107010705
200109020101
200106030108
200106030107
200106030111
200107010712
200109020103
200107010806
200109020206
200106030202
200106030205
200107010808
200109020210
200106030206
200109020207
200109020201
200107010805
200107010802
200109020205
200106030207
200106030211
200107010803
200109020212
200106030203
200106030209
200109020203
200109020209
200106030212
200107010810
200107010811
200107010809
200109020202
200109020211
200106030201
200106030210
200107010804
200106030204
200106030208
200109020208
200107010807
200107010812
200109020204
200107010801
200109020307
200109020310
200109020309
200109020312
200109020301
200109020306
200109020304
200106030301
200106030311
200109020302
200109020305
200109020303
200106030312
200106030309
200106030310
200106030303
200106030307
200106030305
200106030308
200109020308
200106030306
200106030302
200109020311
200106030304
200106030403
200109020407
200109020411
200109020402
200109020405
200106030405
200109020409
200106030407
200109020412
200109020404
200106030406
200109020406
200109020408
200106030404
200106030411
200109020410
200106030402
200106030401
200106030412
200109020403
200109020401
200106030409
200106030410
200106030408
200106030504
200109020501
200109020504
200109020503
200109020512
200106030503
200106030501
200109020506
200106030509
200106030508
200106030507
200106030512
200106030502
200109020508
200106030511
200109020510
200109020511
200106030510
200109020502
200109020505
200109020507
200109020509
200106030506
200106030505
200106030609
200109020602
200109020606
200106030610
200106030605
200106030602
200106030607
200109020610
200106030608
200109020604
200109020601
200109020611
200109020603
200109020612
200106030601
200109020605
200106030603
200106030606
200109020607
200106030604
200106030611
200109020608
200109020609
200106030612
200109020704
200109020703
200109020705
200109020707
200106030711
200109020701
200106030712
200106030703
200106030706
200109020711
200109020712
200109020709
200106030705
200106030704
200109020708
200106030710
200106030701
200109020702
200106030708
200106030707
200106030702
200109020710
200106030709
200109020706
200109020805
200109020804
200109020812
200109020808
200109020811
200109020806
200106030807
200106030810
200106030803
200109020809
200106030805
200106030812
200106030808
200109020801
200109020803
200106030802
200106030804
200109020802
200106030801
200106030806
200106030809
200106030811
200109020807
200109020810
200108030108
200103010105
200108030102
200108030104
200105020102
200108030109
200105020104
200105020103
200105020101
200103010109
200105020108
200105020109
200108030110
200105020106
200108030101
200108030103
200105020112
200103010104
200108030105
200108030112
200103010110
200105020107
200108030106
200103010101
200103010103
200103010102
200103010108
200103010111
200105020105
200103010107
200108030107
200105020110
200103010106
200105020111
200108030111
200103010112
200108030203
200108030211
200105020203
200103010206
200108030202
200103010207
200108030201
200105020207
200103010208
200108030212
200103010209
200103010205
200108030208
200103010204
200108030210
200103010203
200105020209
200103010211
200103010201
200105020204
200105020201
200105020211
200108030204
200108030205
200105020202
200108030206
200105020205
200108030207
200105020206
200108030209
200103010212
200105020212
200105020208
200103010210
200105020210
200103010202
200108030311
200103010309
200105020309
200103010305
200105020301
200105020302
200108030301
200103010306
200108030309
200105020303
200108030305
200108030312
200108030307
200103010310
200103010311
200105020304
200108030308
200108030310
200108030303
200103010307
200103010301
200108030304
200105020305
200105020311
200103010308
200103010302
200103010304
200103010312
200105020310
200108030302
200105020307
200105020308
200105020306
200105020312
200108030306
200103010303
200105020411
200103010410
200103010412
200108030402
200108030410
200108030405
200105020405
200105020403
200108030407
200103010403
200105020412
200108030403
200108030408
200108030404
200103010404
200105020408
200105020409
200103010405
200105020402
200103010409
200103010401
200108030406
200105020401
200105020404
200103010411
200105020407
200108030409
200108030401
200108030411
200103010406
200105020406
200103010407
200108030412
200105020410
200103010402
200103010408
200108030504
200103010511
200103010507
200103010509
200108030510
200105020507
200105020503
200108030503
200103010508
200105020504
200108030511
200108030502
200108030501
200105020501
200105020512
200108030512
200105020511
200103010512
200103010501
200108030505
200103010502
200103010506
200105020505
200108030506
200105020510
200105020506
200108030509
200105020508
200103010503
200108030507
200103010505
200103010510
200103010504
200105020509
200108030508
200105020502
200105020608
200103010607
200108030601
200108030609
200108030603
200105020601
200105020606
200103010605
200103010606
200105020604
200105020609
200103010608
200108030602
200105020610
200108030612
200108030604
200103010603
200108030606
200108030611
200108030605
200103010612
200108030607
200103010610
200108030610
200105020603
200103010609
200108030608
200105020602
200103010602
200105020611
200105020607
200103010601
200105020605
200103010611
200105020612
200103010604
200105020711
200103010703
200108030703
200103010701
200105020710
200108030706
200105020704
200105020712
200103010705
200105020701
200105020707
200103010709
200108030707
200105020706
200103010712
200108030704
200105020703
200105020709
200108030710
200108030705
200103010702
200108030712
200105020705
200103010710
200103010711
200103010704
200105020702
200108030711
200103010706
200108030702
200103010707
200105020708
200108030701
200103010708
200108030708
200108030709
200105020808
200108030803
200108030801
200108030808
200105020805
200103010811
200103010805
200108030812
200103010806
200108030809
200108030802
200103010803
200105020801
200108030804
200103010809
200105020806
200108030811
200103010801
200103010810
200105020807
200105020809
200105020802
200105020804
200108030807
200108030810
200103010807
200103010802
200103010804
200105020803
200103010808
200105020812
200105020811
200108030805
200105020810
200103010812
200108030806
200105030112
200105030106
200107020112
200107020108
200105030102
200107020103
200105030108
200105030109
200107020110
200105030105
200107020104
200107020101
200105030104
200107020102
200105030110
200105030107
200107020111
200107020109
200105030101
200107020107
200105030103
200105030111
200107020106
200107020105
200107020201
200107020210
200105030205
200107020212
200105030207
200107020206
200107020204
200107020205
200105030201
200105030209
200107020202
200107020209
200107020207
200107020203
200105030211
200105030208
200105030206
200105030210
200107020208
200107020211
200105030203
200105030212
200105030202
200105030204
200107020304
200105030310
200105030309
200107020301
200107020308
200107020312
200105030302
200105030306
200107020310
200107020309
200105030304
200107020303
200107020305
200105030305
200107020306
200105030303
200105030312
200107020302
200105030308
200107020311
200107020307
200105030301
200105030307
200105030311
200107020405
200105030406
200107020408
200105030407
200105030409
200105030402
200107020411
200107020404
200105030404
200105030410
200107020412
200105030403
200107020409
200105030401
200107020407
200107020410
200107020403
200105030405
200107020401
200107020406
200107020402
200105030408
200105030509
200105030508
200107020509
200105030502
200107020504
200105030512
200105030510
200105030503
200107020507
200105030511
200105030506
200107020506
200107020512
200105030507
200107020502
200107020501
200105030505
200107020511
200105030504
200107020505
200105030501
200107020503
200107020508
200107020510
200105030605
200105030612
200105030607
200105030611
200105030609
200107020601
200105030608
200107020607
200105030610
200107020605
200107020603
200105030601
200105030603
200105030604
200107020611
200107020612
200107020606
200107020602
200107020604
200107020609
200105030602
200105030606
200107020610
200107020608
200105030704
200102010108
200102010112
200102010111
200105030709
200102010107
200105030705
200107020709
200107020707
200105030708
200107020705
200107020710
200105030703
200107020701
200102010104
200105030706
200102010103
200107020712
200102010110
200107020708
200105030707
200102010106
200107020703
200107020704
200107020711
200102010105
200107020702
200102010102
200105030712
200105030710
200102010109
200105030702
200107020706
200105030711
200102010101
200105030701
200102010201
200107020811
200107020805
200102010208
200107020806
200105030803
200107020803
200102010204
200105030801
200105030802
200105030808
200105030812
200107020807
200105030804
200107020810
200107020808
200102010202
200107020801
200102010207
200107020809
200105030807
200105030805
200102010206
200102010212
200105030811
200102010203
200102010209
200107020802
200105030809
200105030810
200102010210
200102010205
200107020812
200102010211
200107020804
200105030806
200103020103
200109030110
200109030101
200102010311
200102010306
200109030107
200102010307
200103020105
200103020108
200103020107
200102010308
200102010309
200109030112
200102010303
200109030105
200109030111
200102010302
200103020101
200109030103
200102010304
200109030104
200103020104
200103020111
200102010310
200103020102
200102010305
200109030109
200109030108
200102010301
200109030106
200103020109
200103020112
200103020110
200103020106
200109030102
200102010312
200109030202
200109030205
200109030211
200102010403
200102010404
200109030201
200109030206
200102010402
200102010412
200103020209
200103020207
200109030204
200102010410
200103020202
200102010406
200102010405
200102010411
200102010408
200103020208
200103020211
200103020212
200103020206
200109030209
200109030210
200109030203
200103020210
200103020203
200102010409
200102010407
200103020204
200103020201
200102010401
200103020205
200109030207
200109030208
200109030212
200103020308
200109030308
200109030301
200102010507
200102010510
200102010502
200103020305
200109030305
200102010512
200109030309
200102010506
200109030304
200102010504
200103020301
200103020310
200103020302
200109030307
200109030312
200102010508
200109030302
200103020312
200102010509
200109030310
200103020309
200102010503
200102010501
200102010505
200103020306
200109030303
200109030311
200102010511
200103020304
200109030306
200103020307
200103020311
200103020303
200103020411
200103020401
200102010609
200103020408
200103020412
200103020403
200109030405
200109030409
200102010603
200109030406
200102010608
200109030407
200102010607
200103020406
200109030402
200102010601
200103020404
200103020402
200102010612
200109030410
200109030404
200109030412
200103020409
200102010606
200102010605
200102010602
200109030403
200109030411
200103020410
200109030408
200103020405
200102010611
200102010604
200103020407
200109030401
200102010610
200109030506
200103020508
200109030504
200103020501
200102010712
200109030512
200109030510
200109030503
200102010708
200102010710
200109030501
200103020505
200109030502
200109030509
200103020509
200103020506
200103020510
200109030507
200103020502
200103020504
200102010702
200103020512
200103020507
200102010701
200102010705
200102010711
200103020503
200102010704
200102010709
200102010703
200109030511
200103020511
200102010707
200109030505
200109030508
200102010706
200102010811
200103020609
200109030601
200102010805
200109030608
200102010808
200103020602
200103020607
200109030605
200103020601
200109030610
200109030612
200103020611
200102010807
200103020603
200102010812
200103020606
200109030606
200109030602
200102010801
200102010804
200109030603
200102010803
200102010810
200109030604
200102010809
200103020604
200109030611
200103020608
200103020605
200103020612
200102010802
200109030607
200103020610
200102010806
200109030609
200102020108
200103020701
200103020702
200102020101
200109030701
200103020712
200109030711
200102020105
200102020104
200109030705
200103020707
200103020706
200109030707
200109030710
200109030703
200103020708
200102020106
200102020112
200102020111
200103020709
200109030708
200109030704
200102020109
200102020110
200109030712
200103020705
200109030709
200102020103
200109030702
200103020711
200103020704
200102020107
200102020102
200109030706
200103020710
200103020703
200109030806
200103020805
200102020205
200102020203
200109030801
200109030810
200109030809
200109030812
200102020202
200102020208
200102020201
200102020210
200103020806
200103020812
200109030807
200102020207
200109030802
200103020809
200109030803
200102020209
200109030811
200102020212
200103020810
200103020811
200102020204
200109030808
200103020802
200103020808
200103020804
200109030805
200102020211
200109030804
200103020801
200103020807
200102020206
200103020803
200110020112
200102020303
200110020104
200102020305
200110020108
200104010107
200110020107
200110020103
200110020109
200110020101
200102020311
200102020304
200102020309
200104010106
200104010108
200104010112
200102020306
200110020106
200102020302
200102020307
200110020110
200102020301
200110020102
200104010110
200102020310
200104010102
200104010105
200104010109
200102020308
200104010111
200104010104
200110020105
200110020111
200102020312
200104010103
200104010101
200104010207
200110020210
200104010212
200102020404
200102020402
200102020410
200102020409
200110020204
200104010206
200110020208
200110020205
200104010211
200102020408
200110020207
200102020405
200110020203
200110020206
200102020406
200102020401
200110020212
200104010210
200110020211
200102020403
200104010203
200104010204
200104010205
200102020412
200102020411
200104010202
200110020202
200104010201
200110020209
200104010209
200104010208
200110020201
200102020407
200102020510
200110020301
200110020303
200110020309
200110020311
200104010303
200104010304
200110020308
200102020502
200110020304
200102020506
200104010307
200104010312
200110020305
200102020501
200104010311
200104010306
200104010302
200110020307
200102020512
200104010310
200102020504
200102020505
200104010309
200102020507
200102020511
200110020310
200104010308
200102020509
200110020306
200104010305
200110020312
200102020503
200102020508
200104010301
200110020302
200104010407
200110020408
200110020405
200104010406
200102020601
200110020410
200104010405
200104010408
200104010402
200102020604
200102020610
200102020602
200104010409
200102020612
200104010404
200102020606
200102020609
200102020611
200102020603
200104010410
200102020607
200104010412
200110020407
200110020411
200104010401
200110020402
200102020605
200110020401
200110020412
200102020608
200110020403
200110020406
200104010411
200110020409
200104010403
200110020404
200102020701
200110020511
200110020508
200104010502
200104010511
200104010509
200104010503
200110020507
200110020505
200102020709
200102020708
200102020710
200110020512
200110020502
200104010512
200104010504
200104010501
200102020707
200104010507
200110020504
200110020501
200104010510
200102020702
200102020705
200110020503
200102020712
200104010508
200102020711
200104010505
200102020703
200102020704
200110020509
200102020706
200110020506
200110020510
200104010506
200102020810
200102020807
200102020803
200104010611
200104010608
200104010610
200104010602
200102020812
200104010601
200102020805
200110020606
200110020611
200104010605
200104010612
200110020605
200102020802
200102020809
200110020612
200110020610
200102020811
200110020602
200110020601
200102020808
200104010607
200110020604
200110020608
200104010606
200110020609
200104010604
200104010609
200110020607
200110020603
200102020804
200102020801
200102020806
200104010603
200101010106
200101010102
200101010112
200101010111
200101010105
200104010707
200110020702
200110020701
200101010109
200104010706
200101010110
200104010712
200110020707
200110020708
200101010103
200104010704
200101010107
200104010711
200110020705
200110020706
200104010708
200104010705
200104010702
200104010710
200101010104
200104010703
200110020703
200101010101
200110020704
200104010701
200104010709
200110020709
200110020710
200110020711
200101010108
200110020712
200101010206
200101010211
200110020802
200101010201
200104010807
200104010803
200110020803
200110020808
200104010805
200101010205
200110020805
200101010212
200110020811
200110020801
200104010809
200104010810
200101010202
200104010812
200110020807
200104010808
200110020812
200110020809
200110020806
200101010204
200101010203
200110020804
200101010207
200104010811
200101010209
200110020810
200104010801
200104010806
200104010802
200104010804
200101010210
200101010208
200101010301
200101010304
200110030107
200110030105
200104020112
200110030111
200101010309
200110030108
200110030112
200110030109
200110030102
200110030103
200110030106
200110030101
200104020106
200101010303
200101010308
200104020101
200101010311
200104020110
200104020102
200104020107
200104020109
200104020104
200104020103
200104020108
200101010312
200104020105
200101010305
200101010302
200101010310
200110030104
200104020111
200101010306
200110030110
200101010307
200110030212
200101010406
200104020206
200110030201
200104020204
200104020210
200101010405
200104020203
200110030206
200104020212
200110030204
200101010410
200104020208
200101010407
200101010411
200104020211
200101010401
200101010404
200110030202
200110030205
200110030208
200104020205
200104020207
200101010409
200110030203
200110030210
200101010412
200110030209
200110030211
200101010403
200104020209
200104020202
200101010408
200104020201
200110030207
200101010402
200101010508
200110030309
200104020307
200110030302
200101010507
200101010505
200110030301
200110030310
200110030307
200101010504
200101010509
200101010503
200110030308
200104020308
200104020311
200104020310
200104020304
200110030306
200110030303
200104020303
200104020301
200101010510
200110030311
200101010512
200110030312
200104020302
200101010511
200104020309
200104020312
200101010501
200110030305
200101010506
200110030304
200104020305
200101010502
200104020306
200104020408
200101010601
200104020406
200101010602
200101010611
200104020409
200110030403
200110030402
200101010605
200101010608
200110030412
200104020410
200104020402
200110030408
200110030404
200110030410
200104020405
200110030407
200101010610
200110030405
200110030411
200101010612
200104020403
200101010609
200104020412
200101010607
200110030409
200101010606
200104020404
200101010603
200104020411
200101010604
200104020407
200110030401
200104020401
200110030406
200101010705
200110030503
200101010711
200110030504
200104020511
200104020506
200110030506
200110030505
200101010703
200104020502
200101010704
200104020508
200110030512
200110030507
200110030501
200110030510
200101010701
200101010708
200110030511
200101010702
200110030502
200110030508
200101010710
200104020504
200104020501
200104020503
200101010706
200104020509
200104020507
200101010707
200101010709
200101010712
200110030509
200104020512
200104020510
200104020505
200104020603
200101010801
200104020608
200104020612
200101010808
200110030603
200110030605
200101010802
200104020605
200104020611
200101010803
200110030602
200101010805
200110030611
200104020602
200110030610
200110030601
200101010809
200104020609
200101010806
200104020604
200101010810
200110030608
200104020606
200110030607
200104020601
200101010804
200110030606
200101010811
200110030609
200110030604
200104020607
200110030612
200101010812
200101010807
200104020610
200110030707
200104020704
200101020103
200104020709
200104020703
200110030706
200110030701
200104020712
200101020111
200101020104
200101020107
200104020711
200110030708
200101020101
200104020708
200101020109
200104020705
200110030705
200110030709
200110030704
200101020105
200101020108
200101020102
200110030702
200110030711
200101020110
200110030710
200104020706
200101020106
200110030712
200101020112
200104020710
200104020701
200104020707
200104020702
200110030703
200110030806
200101020203
200104020807
200101020204
200101020207
200110030807
200110030810
200101020212
200104020812
200110030804
200104020803
200104020804
200104020806
200110030811
200110030805
200104020809
200110030812
200110030803
200101020208
200101020209
200101020211
200110030801
200104020805
200101020201
200104020808
200101020202
200101020205
200110030802
200104020801
200104020811
200101020206
200104020802
200110030809
200101020210
200104020810
200110030808
200101020304
200109040104
200106040103
200101020310
200109040106
200109040105
200101020306
200101020303
200109040110
200101020307
200101020308
200101020309
200106040101
200106040104
200109040101
200101020302
200109040109
200101020312
200109040111
200109040108
200106040109
200101020305
200106040111
200109040107
200106040106
200101020301
200106040105
200106040110
200106040108
200106040107
200106040112
200109040102
200109040103
200109040112
200101020311
200106040102
200101020409
200109040208
200109040212
200106040204
200101020405
200101020402
200101020406
200109040205
200106040202
200106040209
200109040201
200106040210
200101020412
200101020410
200109040211
200101020407
200106040208
200106040201
200109040204
200109040210
200101020403
200109040209
200101020408
200109040207
200109040206
200101020401
200109040203
200101020404
200106040212
200106040203
200106040207
200106040206
200106040211
200109040202
200106040205
200101020411
200101020501
200101020505
200106040304
200106040309
200109040302
200101020506
200106040308
200109040308
200109040307
200101020502
200109040305
200109040310
200109040304
200109040303
200101020503
200109040312
200106040305
200109040306
200101020509
200109040309
200106040302
200106040301
200101020508
200106040310
200106040307
200106040306
200106040311
200109040301
200101020504
200109040311
200101020510
200106040312
200101020507
200101020511
200106040303
200101020512
200109040412
200101020604
200106040409
200101020606
200106040410
200109040409
200101020603
200101020607
200101020605
200106040412
200101020609
200106040408
200101020602
200109040407
200109040408
200106040401
200106040411
200106040403
200109040401
200101020612
200101020601
200106040405
200109040403
200101020608
200109040406
200109040402
200101020611
200106040402
200106040406
200109040405
200109040411
200109040404
200106040404
200101020610
200109040410
200106040407
200109040505
200106040504
200101020711
200106040510
200106040503
200101020712
200109040501
200106040505
200106040508
200109040511
200109040510
200106040511
200109040512
200101020710
200109040506
200101020705
200109040504
200109040503
200109040508
200101020709
200101020703
200109040507
200101020707
200106040509
200106040512
200109040502
200106040507
200101020704
200106040502
200101020702
200101020701
200106040501
200101020708
200109040509
200106040506
200101020706
200106040601
200106040603
200109040611
200101020803
200101020809
200106040609
200106040602
200101020808
200109040612
200109040604
200101020807
200106040610
200101020806
200101020802
200109040607
200109040603
200109040606
200106040604
200106040611
200101020810
200101020805
200109040610
200106040606
200106040612
200109040608
200109040601
200109040602
200106040608
200109040605
200106040607
200101020804
200101020801
200101020812
200109040609
200101020811
200106040605
200106040701
200109040711
200104030109
200106040706
200104030105
200106040707
200104030107
200106040708
200106040703
200109040704
200104030104
200104030102
200104030103
200109040702
200109040712
200109040703
200109040706
200106040712
200106040709
200106040711
200104030112
200106040705
200109040708
200104030106
200109040705
200109040701
200104030110
200106040704
200109040709
200106040710
200109040707
200104030111
200104030101
200106040702
200104030108
200109040710
200109040811
200104030211
200106040812
200106040808
200109040804
200106040803
200109040805
200104030210
200106040810
200104030209
200104030204
200106040804
200104030203
200106040809
200109040809
200109040812
200104030208
200109040802
200109040808
200104030202
200109040810
200104030205
200106040806
200109040801
200109040803
200104030207
200106040801
200109040806
200104030206
200104030201
200106040807
200106040805
200106040802
200106040811
200104030212
200109040807
200108040107
200108040102
200108040108
200105040107
200104030308
200104030304
200105040109
200105040101
200104030305
200105040106
200104030309
200108040111
200105040110
200108040112
200108040103
200105040111
200108040101
200105040104
200104030307
200105040112
200104030302
200104030312
200108040106
200104030301
200105040102
200108040104
200104030310
200105040103
200105040105
200104030306
200108040109
200104030311
200108040110
200108040105
200104030303
200105040108
200108040209
200105040202
200104030407
200105040210
200108040201
200105040201
200108040207
200104030402
200105040208
200104030405
200104030412
200108040210
200104030410
200105040207
200108040208
200108040202
200104030401
200105040206
200108040212
200105040209
200108040205
200108040204
200104030406
200105040211
200104030403
200108040206
200104030404
200104030411
200105040205
200105040203
200108040203
200105040204
200104030409
200108040211
200105040212
200104030408
200108040309
200104030501
200108040304
200105040305
200105040310
200105040306
200104030508
200108040305
200105040311
200108040307
200105040301
200105040312
200108040310
200104030502
200105040308
200104030510
200108040312
200104030512
200104030503
200108040301
200108040311
200108040308
200105040302
200104030509
200105040304
200108040303
200108040306
200105040307
200108040302
200104030505
200104030511
200104030506
200105040309
200105040303
200104030504
200104030507
200105040410
200108040410
200108040405
200104030606
200108040402
200105040404
200108040403
200105040403
200104030611
200105040409
200108040409
200104030607
200104030610
200105040412
200108040412
200108040406
200108040408
200104030609
200105040401
200104030603
200105040407
200108040411
200105040411
200108040401
200104030608
200105040406
200108040404
200104030602
200105040402
200108040407
200104030605
200104030612
200104030604
200105040405
200104030601
200105040408
200108040508
200105040511
200108040502
200105040504
200105040508
200104030712
200108040509
200108040512
200105040505
200108040507
200108040501
200108040504
200104030701
200104030702
200104030709
200105040503
200108040505
200104030708
200104030706
200104030707
200105040507
200105040509
200104030703
200104030710
200105040512
200104030704
200108040503
200105040501
200105040506
200108040511
200108040506
200105040510
200105040502
200104030711
200108040510
200104030705
200105040611
200105040609
200108040610
200105040607
200105040604
200108040605
200108040607
200108040611
200104030801
200104030806
200105040601
200105040602
200105040610
200104030808
200108040602
200108040603
200104030812
200108040609
200108040606
200105040606
200108040612
200104030807
200104030809
200105040608
200104030803
200105040603
200108040601
200105040605
200104030805
200104030811
200104030804
200108040608
200104030802
200108040604
200105040612
200104030810
200105040701
200103030101
200105040707
200103030103
200108040703
200105040709
200108040712
200105040708
200108040706
200103030105
200105040705
200103030108
200103030109
200108040705
200108040708
200108040702
200105040710
200103030102
200103030111
200108040701
200103030106
200103030107
200105040711
200108040710
200108040704
200105040702
200105040712
200103030112
200108040709
200105040706
200105040703
200105040704
200103030110
200103030104
200108040711
200108040707
200103030208
200103030207
200105040806
200108040802
200103030212
200105040803
200103030206
200103030205
200108040805
200105040811
200103030203
200103030202
200103030204
200108040806
200105040805
200105040802
200105040812
200103030211
200103030209
200105040804
200108040801
200105040808
200108040808
200108040811
200103030210
200108040809
200108040810
200105040810
200103030201
200105040801
200105040809
200108040803
200108040807
200108040804
200108040812
200105040807
200105050101
200108050110
200103030302
200105050108
200105050110
200108050106
200103030308
200105050112
200105050106
200105050103
200105050109
200108050108
200103030301
200103030305
200108050101
200108050112
200108050107
200108050109
200105050104
200105050102
200103030310
200108050102
200103030304
200105050111
200103030312
200103030311
200103030303
200108050104
200103030307
200105050105
200108050105
200105050107
200108050103
200108050111
200103030306
200103030309
200103030403
200105050211
200108050211
200108050203
200108050209
200103030408
200105050205
200105050210
200105050201
200105050203
200108050202
200103030401
200103030402
200103030404
200105050207
200108050204
200108050210
200105050209
200105050206
200105050212
200103030406
200108050206
200105050204
200108050208
200103030407
200108050205
200103030411
200103030410
200108050207
200103030405
200108050201
200103030412
200105050208
200105050202
200103030409
200108050212
200103030512
200105050310
200108050301
200108050307
200103030506
200105050303
200108050305
200105050305
200103030504
200103030501
200103030508
200108050303
200108050312
200108050302
200108050310
200105050309
200105050302
200108050308
200105050312
200105050301
200103030502
200105050311
200103030510
200108050304
200108050306
200108050311
200105050307
200105050306
200103030505
200103030503
200108050309
200105050304
200103030507
200103030511
200105050308
200103030509
200103030612
200103030604
200108050405
200105050410
200103030610
200103030607
200103030603
200108050407
200108050403
200105050411
200103030601
200108050406
200108050409
200105050403
200105050408
200103030608
200103030611
200103030605
200108050408
200108050402
200105050401
200105050404
200105050412
200108050412
200108050401
200103030609
200105050409
200103030602
200105050405
200108050411
200108050404
200108050410
200105050402
200105050407
200103030606
200105050406
200108050512
200105050505
200103030701
200108050506
200105050511
200103030707
200105050510
200103030708
200103030710
200108050510
200108050502
200108050503
200108050511
200105050506
200103030705
200103030711
200103030709
200103030704
200105050501
200108050509
200103030706
200105050512
200105050508
200108050501
200105050507
200105050503
200108050508
200105050509
200105050502
200103030712
200108050507
200103030703
200105050504
200103030702
200108050505
200108050504
200103030810
200103030807
200105050601
200108050607
200105050604
200108050612
200105050608
200108050609
200105050605
200103030809
200105050612
200108050606
200105050610
200103030803
200103030805
200103030801
200103030812
200108050601
200103030802
200105050603
200108050604
200105050611
200103030804
200103030806
200108050605
200108050608
200105050606
200103030811
200108050603
200103030808
200105050607
200105050609
200108050610
200108050611
200108050602
200105050602
200105050702
200105050711
200108050701
200105050706
200108050702
200107030101
200107030110
200107030109
200108050712
200107030105
200107030102
200108050707
200107030112
200105050701
200107030103
200108050703
200108050711
200108050709
200108050706
200105050709
200105050705
200108050705
200107030107
200105050708
200105050712
200105050703
200108050704
200108050710
200108050708
200107030106
200107030104
200105050710
200105050704
200105050707
200107030108
200107030111
200108050807
200105050811
200108050806
200105050806
200108050808
200107030206
200105050808
200108050810
200105050810
200105050803
200108050811
200108050803
200105050802
200105050804
200108050812
200108050801
200107030204
200107030209
200107030212
200108050804
200105050807
200107030202
200108050809
200105050805
200107030205
200107030208
200107030207
200105050809
200107030203
200108050805
200108050802
200107030201
200107030211
200105050801
200107030210
200109050105
200107030312
200106050101
200106050110
200107030308
200109050109
200109050110
200106050104
200109050108
200106050107
200106050102
200107030306
200109050103
200109050104
200106050105
200106050106
200109050107
200106050112
200107030311
200109050112
200107030310
200109050111
200107030305
200107030301
200109050101
200106050103
200109050102
200106050111
200107030304
200106050108
200107030303
200107030309
200107030302
200109050106
200107030307
200106050109
200107030402
200106050202
200107030401
200106050212
200107030407
200106050211
200109050204
200106050205
200106050207
200107030404
200106050208
200109050209
200106050201
200106050204
200109050208
200107030412
200109050210
200109050202
200107030408
200107030409
200109050206
200107030406
200109050212
200109050201
200109050205
200109050207
200109050211
200106050206
200106050203
200106050209
200107030410
200107030405
200107030411
200109050203
200106050210
200107030403
200106050303
200107030508
200109050311
200107030512
200109050302
200109050305
200107030509
200109050301
200107030506
200107030503
200107030505
200107030510
200106050305
200109050303
200106050302
200106050307
200106050312
200109050310
200107030501
200106050306
200106050301
200109050307
200106050308
200109050309
200106050311
200109050308
200109050304
200107030504
200106050310
200109050312
200107030502
200109050306
200107030511
200106050309
200107030507
200106050304
200106050405
200109050401
200107030601
200106050406
200107030610
200107030606
200106050401
200106050410
200106050403
200109050410
200109050405
200106050408
200107030602
200109050407
200107030608
200107030604
200107030607
200109050402
200106050409
200107030611
200109050403
200109050404
200106050404
200109050412
200106050412
200107030612
200106050407
200107030603
200109050406
200109050408
200106050411
200109050409
200109050411
200107030605
200107030609
200106050402
200107030705
200107030710
200106050510
200107030701
200107030709
200109050508
200107030712
200106050512
200109050504
200107030711
200106050511
200109050506
200107030703
200109050512
200109050510
200109050503
200107030704
200106050503
200109050511
200106050504
200109050509
200109050507
200107030708
200106050507
200109050505
200106050508
200107030707
200106050505
200109050501
200106050502
200109050502
200106050509
200106050501
200107030702
200107030706
200106050506
200107030802
200106050612
200106050603
200106050608
200109050612
200107030812
200109050603
200109050609
200106050605
200106050610
200107030807
200109050608
200106050602
200109050604
200107030804
200107030811
200106050609
200106050611
200107030806
200107030810
200109050606
200107030808
200106050606
200109050602
200107030809
200107030803
200107030805
200109050601
200106050601
200107030801
200106050604
200109050605
200109050610
200106050607
200109050607
200109050611
200106050703
200106050701
200109050701
200106050707
200109050710
200109050705
200106050709
200109050703
200109050704
200109050711
200109050708
200109050702
200106050706
200106050708
200109050707
200106050710
200106050712
200106050705
200109050712
200106050702
200109050709
200106050704
200106050711
200109050706
200106050803
200106050807
200106050805
200109050809
200109050810
200106050810
200109050806
200106050802
200106050804
200109050804
200106050801
200109050805
200106050809
200106050808
200109050808
200109050812
200109050811
200106050806
200109050803
200109050802
200109050801
200109050807
