200306010102
200306010110
200308010107
200308010110
200306010107
200308010105
200306010101
200308010101
200306010112
200308010103
200308010106
200308010102
200306010105
200308010112
200306010103
200306010106
200308010109
200306010111
200308010108
200306010108
200308010111
200308010104
200306010104
200306010109
200306010207
200306010208
200306010209
200306010211
200308010210
200308010211
200306010210
200306010201
200308010202
200306010212
200306010204
200308010203
200306010206
200308010205
200308010204
200308010207
200308010209
200308010201
200306010203
200308010208
200306010202
200308010212
200306010205
200308010206
200306010301
200306010302
200308010306
200306010307
200308010307
200308010301
200308010311
200306010310
200306010304
200308010304
200308010308
200308010305
200308010302
200308010312
200308010310
200306010303
200308010303
200306010311
200306010306
200306010312
200306010305
200306010308
200306010309
200308010309
200306010411
200306010406
200306010405
200308010407
200306010404
200308010411
200308010403
200306010412
200306010407
200306010401
200306010402
200306010403
200306010410
200308010402
200308010405
200308010410
200308010406
200308010408
200306010409
200308010412
200308010404
200306010408
200308010409
200308010401
200310010103
200306010507
200306010511
200308010503
200310010112
200310010102
200310010104
200306010502
200310010106
200308010506
200306010512
200308010508
200306010504
200310010107
200306010506
200310010108
200306010510
200308010504
200308010511
200308010505
200308010509
200308010501
200306010505
200308010507
200308010502
200306010501
200306010503
200310010111
200308010512
200310010109
200310010105
200310010101
200306010509
200310010110
200306010508
200308010510
200308010612
200306010605
200306010601
200306010612
200310010206
200306010607
200308010601
200308010608
200306010602
200306010609
200310010203
200310010204
200308010604
200306010611
200306010604
200310010209
200310010211
200310010208
200310010207
200308010605
200310010205
200306010603
200306010606
200306010608
200308010611
200310010201
200310010210
200308010607
200308010603
200310010212
200308010610
200310010202
200308010609
200306010610
200308010606
200308010602
200308010708
200308010711
200306010709
200306010704
200306010710
200310010308
200308010709
200310010310
200310010307
200308010712
200308010702
200308010705
200310010311
200308010701
200308010710
200306010705
200308010703
200306010708
200306010701
200306010707
200310010301
200306010706
200310010302
200308010707
200308010706
200306010711
200310010305
200310010304
200306010703
200306010702
200310010303
200308010704
200310010312
200310010309
200310010306
200306010712
200308010803
200306010804
200306010803
200308010802
200308010804
200308010811
200310010409
200308010806
200306010805
200306010812
200310010407
200306010802
200308010809
200310010405
200310010410
200306010809
200310010412
200306010807
200310010402
200308010801
200310010401
200310010408
200306010810
200306010801
200306010808
200310010406
200308010807
200308010810
200310010404
200310010411
200310010403
200306010806
200308010805
200308010808
200306010811
200308010812
200308020101
200306020112
200308020103
200310010504
200310010509
200310010508
200310010510
200308020111
200310010507
200310010512
200308020102
200308020107
200306020104
200308020105
200308020106
200306020106
200306020108
200306020111
200308020108
200306020109
200310010506
200306020101
200310010503
200308020110
200306020107
200306020110
200310010511
200310010505
200306020105
200306020102
200310010502
200308020109
200306020103
200308020112
200308020104
200310010501
200306020210
200306020207
200310010601
200306020209
200308020205
200306020205
200308020202
200308020210
200306020212
200306020201
200306020208
200310010611
200306020202
200308020206
200308020208
200308020211
200310010607
200310010612
200306020203
200306020211
200308020201
200308020212
200310010610
200306020204
200308020207
200310010602
200310010604
200310010603
200308020204
200306020206
200308020203
200308020209
200310010609
200310010605
200310010606
200310010608
200308020308
200306020306
200308020301
200306020308
200308020304
200306020309
200308020302
200308020306
200308020311
200306020310
200310010703
200310010704
200306020304
200310010702
200310010709
200308020303
200308020312
200310010712
200310010708
200306020303
200310010710
200308020305
200308020309
200306020301
200306020312
200310010706
200310010707
200306020302
200310010701
200308020307
200306020307
200308020310
200310010711
200306020305
200306020311
200310010705
200308020401
200308020404
200306020406
200308020409
200310010807
200308020411
200306020401
200310010812
200310010810
200310010806
200308020407
200306020411
200308020403
200308020406
200310010804
200306020403
200306020405
200306020402
200306020408
200310010808
200310010801
200310010809
200308020402
200306020412
200310010811
200308020408
200310010802
200306020404
200308020405
200310010803
200306020407
200308020412
200310010805
200306020409
200306020410
200308020410
200308020509
200306020510
200308020512
200306020506
200308020505
200308020504
200308020502
200306020511
200306020508
200306020503
200308020501
200308020508
200306020501
200306020505
200306020509
200306020512
200306020504
200308020506
200306020502
200308020511
200306020507
200308020510
200308020503
200308020507
200308020605
200308020604
200306020605
200306020602
200306020604
200308020602
200306020612
200308020606
200306020610
200308020607
200308020608
200306020608
200308020601
200306020606
200308020610
200306020603
200308020603
200306020607
200308020611
200308020612
200306020609
200308020609
200306020611
200306020601
200306020702
200308020706
200306020708
200306020706
200306020703
200308020708
200308020710
200306020712
200306020705
200308020703
200308020701
200306020704
200308020705
200306020711
200308020707
200308020712
200308020711
200306020707
200306020710
200308020709
200306020709
200308020702
200308020704
200306020701
200306020811
200306020812
200308020809
200308020803
200308020804
200308020807
200306020805
200308020810
200308020812
200306020807
200308020806
200306020803
200308020802
200306020808
200308020808
200308020805
200306020801
200306020804
200308020811
200306020809
200308020801
200306020806
200306020802
200306020810
200309010101
200309010108
200309010103
200306030109
200306030108
200306030111
200309010112
200306030103
200309010105
200309010106
200306030102
200306030106
200309010102
200306030105
200306030101
200309010107
200309010111
200306030110
200306030112
200309010109
200306030104
200309010110
200309010104
200306030107
200306030201
200306030205
200306030208
200306030209
200309010212
200309010204
200309010209
200306030202
200306030203
200306030210
200309010211
200306030211
200309010205
200306030204
200309010202
200309010208
200309010206
200306030207
200306030212
200309010210
200309010207
200306030206
200309010201
200309010203
200307010104
200306030310
200306030308
200306030307
200306030309
200309010310
200309010312
200306030305
200309010305
200307010105
200307010111
200307010109
200307010108
200307010103
200309010308
200306030306
200306030312
200307010102
200306030301
200309010306
200306030311
200306030303
200307010101
200307010110
200309010301
200309010307
200307010106
200307010112
200306030302
200309010302
200309010311
200309010303
200307010107
200309010304
200309010309
200306030304
200309010404
200306030410
200309010402
200307010211
200307010201
200307010207
200307010208
200309010401
200309010410
200309010406
200309010412
200307010206
200306030412
200309010403
200306030408
200307010202
200306030402
200309010411
200306030406
200309010409
200306030411
200307010205
200307010212
200306030404
200306030405
200306030407
200307010210
200309010408
200306030403
200307010203
200309010407
200309010405
200307010204
200306030409
200307010209
200306030401
200306030507
200307010302
200307010305
200307010312
200306030508
200306030512
200309010503
200309010508
200309010509
200309010510
200309010506
200306030510
200306030501
200307010310
200309010504
200307010309
200307010308
200307010311
200307010303
200309010511
200307010301
200306030506
200306030511
200309010502
200309010505
200306030505
200307010307
200307010306
200309010507
200306030504
200306030509
200306030503
200309010501
200309010512
200306030502
200307010304
200309010609
200309010603
200307010405
200309010601
200307010402
200307010411
200307010412
200309010610
200307010401
200309010604
200306030605
200309010608
200306030604
200306030608
200309010611
200307010406
200306030607
200306030612
200309010606
200306030602
200306030603
200306030606
200309010612
200307010409
200307010410
200307010407
200306030611
200306030601
200306030609
200306030610
200307010408
200309010605
200309010607
200307010403
200309010602
200307010404
200306030704
200309010704
200309010706
200307010505
200309010709
200309010711
200307010503
200307010504
200307010509
200307010507
200307010510
200306030709
200306030710
200309010703
200306030705
200309010710
200309010707
200307010501
200307010506
200306030711
200307010511
200307010502
200306030703
200309010701
200306030708
200306030707
200306030712
200309010708
200306030701
200309010702
200307010512
200306030706
200309010705
200307010508
200306030702
200309010712
200306030805
200309010808
200307010604
200307010612
200306030810
200307010609
200309010811
200307010608
200306030812
200306030806
200309010803
200309010806
200306030808
200306030807
200307010601
200309010802
200307010603
200307010610
200307010602
200307010611
200309010804
200306030802
200306030804
200309010809
200309010812
200307010606
200306030803
200306030811
200307010605
200309010801
200306030809
200309010805
200309010810
200309010807
200307010607
200306030801
200309020104
200306040106
200306040109
200307010708
200307010701
200309020105
200306040104
200306040105
200306040112
200307010707
200307010704
200306040107
200306040108
200309020108
200307010712
200309020103
200309020102
200306040110
200309020110
200307010711
200306040103
200309020107
200307010710
200309020106
200307010703
200309020101
200307010709
200306040101
200306040111
200307010702
200309020112
200309020109
200309020111
200307010705
200307010706
200306040102
200307010812
200307010809
200307010811
200306040208
200306040209
200306040201
200307010808
200309020201
200307010803
200309020209
200306040210
200307010805
200306040206
200309020203
200309020211
200306040202
200307010810
200309020207
200309020208
200309020210
200309020212
200306040203
200307010804
200309020202
200307010802
200307010801
200309020205
200306040211
200306040204
200307010806
200309020204
200309020206
200306040212
200306040205
200307010807
200306040207
200306040311
200309020304
200306040309
200306040304
200306040306
200303010109
200309020303
200303010103
200303010112
200306040310
200309020302
200303010108
200303010110
200306040302
200309020301
200309020311
200309020308
200306040303
200306040312
200309020306
200309020309
200309020307
200309020310
200306040301
200303010111
200303010106
200303010104
200309020312
200303010102
200303010105
200306040308
200303010107
200309020305
200303010101
200306040305
200306040307
200306040408
200306040401
200303010203
200303010206
200306040412
200303010211
200303010208
200309020411
200306040405
200309020407
200303010207
200303010201
200306040407
200306040406
200309020405
200309020406
200309020401
200303010204
200309020412
200303010209
200306040409
200309020409
200306040402
200303010202
200303010210
200306040404
200309020403
200309020404
200306040411
200309020410
200309020408
200306040403
200309020402
200303010212
200303010205
200306040410
200309020504
200303010303
200303010304
200309020503
200306040504
200309020506
200309020510
200306040507
200309020505
200306040510
200309020512
200303010310
200306040511
200303010309
200303010301
200309020501
200309020502
200309020508
200303010302
200306040502
200306040505
200303010305
200306040512
200309020507
200303010311
200309020511
200306040501
200303010312
200306040506
200306040508
200303010307
200303010306
200303010308
200309020509
200306040509
200306040503
200309020607
200306040602
200309020603
200306040612
200309020602
200309020606
200303010408
200309020612
200303010405
200306040603
200303010409
200306040609
200306040610
200303010412
200303010407
200306040608
200303010402
200303010403
200303010411
200309020609
200303010404
200303010406
200309020604
200306040607
200306040601
200306040605
200309020608
200309020610
200303010410
200306040611
200306040606
200303010401
200309020601
200309020605
200306040604
200309020611
200303010508
200306040703
200303010511
200309020702
200303010512
200303010506
200309020712
200303010507
200306040708
200306040704
200303010509
200306040706
200303010510
200306040712
200303010505
200303010501
200309020706
200309020710
200306040711
200306040709
200303010502
200309020707
200309020711
200306040701
200306040705
200309020701
200306040710
200309020709
200306040707
200303010503
200309020704
200303010504
200309020705
200306040702
200309020708
200309020703
200306040811
200309020812
200306040809
200309020807
200309020803
200303010608
200306040807
200309020806
200306040801
200306040812
200303010609
200306040804
200309020810
200306040805
200309020805
200303010602
200309020809
200303010611
200309020801
200309020811
200306040802
200309020804
200303010607
200306040810
200303010601
200303010612
200306040806
200309020808
200303010603
200303010604
200303010606
200306040808
200309020802
200306040803
200303010605
200303010610
200303010703
200303010709
200308030101
200305010110
200303010708
200305010101
200303010707
200308030105
200308030112
200305010106
200303010706
200303010712
200303010705
200308030107
200305010102
200303010701
200305010112
200308030111
200303010704
200305010107
200308030102
200308030104
200303010710
200308030103
200308030106
200308030109
200303010711
200305010111
200303010702
200305010109
200305010103
200305010105
200305010104
200308030110
200308030108
200305010108
200305010203
200308030209
200308030206
200308030207
200305010212
200305010205
200305010207
200303010809
200308030208
200305010202
200305010201
200308030204
200308030203
200305010209
200303010803
200303010802
200303010810
200305010210
200305010204
200308030211
200303010805
200305010208
200308030212
200308030202
200303010806
200303010812
200305010211
200303010801
200308030210
200308030201
200303010808
200303010807
200308030205
200303010811
200305010206
200303010804
200304010107
200304010103
200305010309
200308030308
200304010110
200305010310
200304010101
200304010106
200304010105
200308030302
200308030309
200305010304
200305010308
200305010303
200304010111
200305010311
200304010102
200304010112
200305010307
200305010301
200304010104
200308030311
200308030307
200308030301
200308030310
200305010302
200305010312
200308030305
200308030306
200304010108
200305010305
200308030304
200304010109
200305010306
200308030303
200308030312
200304010202
200304010205
200308030403
200305010409
200304010208
200305010405
200308030407
200308030408
200308030401
200305010402
200305010410
200304010206
200304010209
200304010201
200305010408
200308030411
200304010212
200304010211
200304010203
200308030409
200305010412
200308030405
200308030402
200304010204
200308030412
200308030404
200308030410
200304010207
200305010406
200305010401
200305010411
200308030406
200304010210
200305010403
200305010407
200305010404
200305010510
200304010301
200304010309
200308030511
200308030507
200304010307
200304010305
200304010312
200305010506
200304010311
200305010503
200308030502
200304010304
200308030503
200305010508
200305010509
200308030504
200305010507
200305010501
200305010512
200308030505
200304010310
200304010302
200308030501
200308030508
200308030510
200305010505
200305010511
200304010308
200304010303
200308030512
200308030509
200305010502
200308030506
200305010504
200304010306
200308030604
200305010602
200305010609
200304010402
200305010604
200305010603
200308030610
200308030601
200305010601
200304010404
200304010411
200305010611
200304010407
200308030607
200308030602
200308030606
200304010408
200304010412
200304010405
200305010608
200308030612
200304010403
200304010409
200304010410
200304010401
200308030605
200304010406
200308030608
200305010610
200305010605
200308030609
200305010612
200305010606
200305010607
200308030611
200308030603
200305010705
200305010710
200304010501
200305010709
200305010702
200308030712
200308030702
200304010502
200308030710
200308030708
200308030701
200308030703
200305010704
200305010712
200305010707
200305010711
200304010507
200305010706
200304010503
200304010508
200304010510
200308030709
200304010511
200308030704
200308030711
200308030707
200308030706
200304010509
200304010506
200308030705
200305010701
200304010504
200304010505
200305010708
200304010512
200305010703
200308030806
200304010605
200308030802
200308030803
200305010805
200308030812
200304010601
200305010809
200305010803
200304010602
200305010808
200308030805
200308030810
200308030801
200305010804
200304010604
200304010608
200304010610
200304010612
200308030811
200304010603
200304010607
200308030808
200305010811
200304010611
200304010606
200305010806
200305010812
200308030807
200304010609
200305010810
200305010801
200308030809
200308030804
200305010802
200305010807
200307020106
200305020101
200304010702
200307020110
200304010701
200307020108
200305020102
200307020109
200305020109
200304010710
200305020110
200305020104
200304010705
200307020101
200307020104
200304010712
200304010703
200304010704
200307020107
200307020111
200305020112
200304010706
200307020103
200305020111
200307020105
200305020107
200305020106
200304010708
200307020112
200305020103
200304010709
200304010711
200304010707
200305020108
200307020102
200305020105
200307020208
200305020210
200304010807
200307020205
200307020201
200305020209
200304010801
200304010803
200305020205
200304010808
200305020203
200307020206
200304010804
200304010806
200305020204
200304010811
200307020203
200305020201
200304010802
200305020206
200305020202
200305020207
200304010812
200305020212
200307020211
200304010805
200307020202
200307020207
200307020204
200307020210
200305020208
200304010809
200305020211
200304010810
200307020212
200307020209
200305020312
200305020302
200307020306
200305020308
200307020302
200307020301
200305020310
200305020305
200307020311
200307020307
200307020303
200307020304
200305020306
200305020311
200307020310
200307020305
200305020304
200307020312
200307020309
200305020303
200307020308
200305020309
200305020307
200305020301
200307020410
200305020404
200305020405
200305020406
200305020408
200307020402
200305020401
200305020403
200307020408
200307020412
200307020406
200307020403
200305020411
200307020407
200305020409
200307020411
200307020401
200305020402
200305020407
200305020410
200307020404
200307020409
200307020405
200307020501
200305020512
200307020506
200307020510
200305020506
200305020511
200307020502
200307020507
200307020511
200305020509
200305020503
200305020501
200305020507
200305020504
200305020508
200307020505
200307020503
200307020509
200307020508
200307020504
200305020502
200307020512
200305020510
200305020505
200307020606
200307020601
200305020603
200305020602
200305020609
200307020604
200307020603
200307020611
200307020605
200307020609
200305020601
200307020610
200307020608
200305020610
200307020607
200305020608
200307020602
200305020611
200305020607
200305020612
200305020605
200307020612
200305020604
200305020606
200305020706
200307020706
200305020708
200305020702
200305020704
200305020703
200307020707
200307020711
200307020702
200305020711
200307020709
200305020705
200307020710
200305020707
200305020709
200307020703
200307020712
200305020712
200307020708
200305020710
200305020701
200307020705
200307020704
200307020701
200307020808
200307020804
200307020809
200307020812
200305020803
200305020812
200305020808
200305020805
200305020802
200305020811
200305020809
200307020802
200305020801
200305020807
200307020805
200307020810
200307020806
200305020806
200305020810
200307020801
200307020803
200307020807
200305020804
200307020811
200303020112
200309030106
200309030110
200302010106
200303020104
200303020103
200303020107
200309030101
200309030112
200302010104
200302010110
200302010112
200309030102
200309030103
200303020111
200302010108
200302010101
200302010107
200302010105
200309030107
200302010111
200302010103
200303020106
200303020109
200302010102
200309030105
200309030104
200303020101
200303020110
200309030109
200309030108
200303020108
200303020105
200302010109
200309030111
200303020102
200302010210
200303020206
200303020210
200309030212
200302010209
200302010203
200309030208
200309030209
200309030210
200303020209
200302010204
200309030204
200303020203
200302010212
200303020211
200302010205
200303020207
200302010202
200303020201
200303020212
200302010201
200309030202
200303020205
200302010211
200309030206
200302010208
200303020208
200309030207
200302010207
200309030205
200303020204
200303020202
200309030203
200309030211
200309030201
200302010206
200303020312
200309030311
200309030301
200302010311
200302010306
200303020308
200309030302
200302010307
200309030304
200303020311
200302010305
200309030312
200302010302
200303020303
200302010303
200303020301
200309030310
200303020310
200302010308
200303020307
200303020304
200302010301
200302010312
200303020305
200303020309
200303020302
200309030309
200309030306
200309030308
200309030303
200302010309
200302010304
200309030305
200302010310
200309030307
200303020306
200309030410
200303020406
200303020405
200302010404
200309030401
200303020402
200302010406
200303020412
200302010407
200303020401
200309030412
200309030409
200302010411
200302010410
200309030406
200302010412
200302010402
200302010403
200302010405
200303020407
200303020403
200303020409
200309030404
200303020411
200303020408
200302010401
200302010409
200309030402
200309030403
200309030411
200309030408
200309030405
200309030407
200302010408
200303020404
200303020410
200303020501
200302010505
200309030501
200303020506
200309030510
200302010508
200309030507
200302010502
200309030502
200302010504
200302010506
200309030511
200303020503
200302010507
200302010503
200303020511
200303020504
200309030512
200302010512
200303020507
200303020508
200309030505
200309030503
200303020502
200302010511
200303020509
200309030509
200309030506
200309030508
200309030504
200302010501
200303020510
200303020512
200302010510
200302010509
200303020505
200302010612
200302010601
200303020601
200309030602
200309030603
200303020611
200309030612
200302010604
200302010611
200302010602
200302010606
200302010605
200303020612
200309030604
200309030606
200309030611
200302010608
200302010607
200303020607
200309030601
200303020609
200309030610
200302010609
200303020610
200309030607
200303020608
200309030608
200303020605
200302010610
200309030605
200302010603
200303020604
200309030609
200303020606
200303020602
200303020603
200302010702
200309030707
200303020703
200302010706
200302010707
200302010703
200309030706
200302010709
200302010711
200302010704
200303020705
200303020701
200303020704
200309030705
200303020707
200303020702
200309030712
200309030703
200309030702
200303020708
200309030704
200302010705
200302010708
200309030710
200302010712
200303020706
200309030711
200303020709
200303020711
200309030701
200309030708
200309030709
200302010701
200303020710
200303020712
200302010710
200303020805
200303020809
200309030812
200309030801
200303020812
200303020808
200309030809
200302010808
200303020803
200309030811
200302010803
200302010809
200309030805
200309030806
200302010807
200303020801
200309030803
200309030804
200303020806
200303020804
200302010802
200309030807
200309030810
200303020811
200309030802
200302010804
200303020810
200302010801
200302010805
200303020807
200302010812
200303020802
200309030808
200302010806
200302010810
200302010811
200302020111
200304020102
200302020102
200302020112
200310020103
200302020110
200304020101
200302020106
200304020105
200304020111
200302020101
200310020111
200310020105
200310020112
200310020108
200304020106
200302020103
200304020104
200310020104
200310020102
200310020110
200302020109
200310020109
200302020108
200304020103
200304020107
200302020107
200304020108
200304020109
200302020105
200310020107
200304020110
200310020101
200302020104
200310020106
200304020112
200302020204
200302020205
200302020211
200304020205
200302020208
200310020205
200304020212
200304020207
200304020202
200310020208
200310020210
200302020206
200302020209
200310020202
200310020204
200310020211
200310020207
200302020207
200304020201
200304020208
200302020203
200302020210
200304020206
200310020212
200302020202
200304020210
200310020201
200302020212
200302020201
200310020206
200310020209
200304020204
200304020203
200304020209
200310020203
200304020211
200310020310
200302020302
200310020301
200304020308
200302020301
200302020308
200304020301
200310020305
200304020307
200304020303
200304020304
200302020307
200302020311
200310020306
200310020307
200304020306
200310020308
200304020302
200302020306
200302020305
200302020303
200310020311
200310020303
200304020310
200302020310
200304020312
200304020311
200310020309
200304020309
200304020305
200310020312
200302020304
200302020312
200310020302
200310020304
200302020309
200310020407
200304020410
200310020402
200302020402
200302020411
200304020408
200310020411
200304020407
200304020402
200304020405
200310020410
200310020403
200302020410
200302020407
200302020412
200304020409
200310020404
200302020403
200302020401
200304020412
200310020405
200302020409
200304020411
200302020405
200304020401
200304020404
200304020406
200302020408
200310020409
200310020401
200302020404
200310020408
200302020406
200310020406
200310020412
200304020403
200304020502
200304020506
200302020506
200304020509
200302020511
200310020510
200310020508
200302020508
200304020512
200302020509
200310020503
200304020510
200310020504
200302020507
200304020507
200310020502
200302020505
200302020504
200304020503
200302020510
200302020501
200304020508
200310020507
200302020503
200304020505
200310020511
200310020505
200302020512
200304020511
200310020512
200310020506
200302020502
200310020509
200304020501
200310020501
200304020504
200304020607
200310020606
200310020609
200304020606
200310020607
200302020610
200302020602
200304020601
200304020605
200304020611
200302020605
200302020606
200302020612
200304020609
200304020612
200310020604
200310020608
200302020603
200302020601
200310020605
200310020601
200304020610
200302020609
200302020604
200304020602
200304020608
200310020603
200310020611
200302020607
200302020608
200310020602
200310020610
200302020611
200304020603
200310020612
200304020604
200310020711
200310020712
200302020706
200310020708
200302020701
200310020703
200302020704
200310020704
200310020702
200302020709
200310020701
200302020705
200310020706
200302020711
200302020712
200302020703
200302020702
200310020705
200310020710
200310020709
200302020708
200302020707
200302020710
200310020707
200304020809
200304020807
200310020812
200302020803
200302020809
200304020812
200302020810
200302020801
200302020804
200302020802
200304020811
200310020808
200302020805
200304020802
200310020809
200310020803
200304020808
200310020810
200304020803
200304020810
200310020801
200310020804
200302020812
200310020802
200304020806
200310020807
200304020801
200302020808
200304020804
200302020807
200302020811
200304020805
200310020805
200310020806
200302020806
200310020811
200304020710
200304020711
200304020702
200304020712
200304020705
200304020704
200304020701
200304020703
200304020706
200304020707
200304020708
200304020709
200310030101
200310030103
200304030112
200310030105
200301010102
200304030111
200301010108
200301010111
200310030107
200304030104
200301010101
200301010112
200310030104
200310030106
200301010107
200304030102
200301010109
200304030108
200310030112
200310030108
200301010110
200304030103
200310030102
200310030110
200304030109
200304030110
200301010105
200304030105
200304030106
200304030101
200301010103
200310030111
200310030109
200301010104
200304030107
200301010106
200301010212
200301010207
200310030211
200304030201
200310030208
200304030202
200301010205
200304030207
200304030212
200301010202
200310030205
200301010210
200310030209
200310030206
200310030203
200304030203
200301010203
200304030206
200310030212
200304030210
200310030202
200310030204
200304030211
200304030208
200310030210
200304030204
200304030205
200301010209
200304030209
200310030201
200310030207
200301010206
200301010211
200301010208
200301010201
200301010204
200310030306
200304030308
200310030308
200304030311
200304030303
200310030305
200304030304
200310030309
200304030306
200304030309
200304030312
200310030304
200301010305
200301010302
200301010311
200304030310
200301010312
200310030302
200304030307
200301010310
200301010307
200310030311
200301010304
200304030302
200301010309
200310030303
200301010306
200304030301
200301010308
200310030307
200301010303
200310030310
200310030312
200304030305
200301010301
200310030301
200301010403
200304030405
200304030404
200304030412
200310030410
200304030407
200310030409
200310030403
200304030403
200310030401
200301010405
200301010404
200304030406
200310030407
200301010410
200301010412
200301010406
200304030410
200310030404
200301010411
200304030401
200310030402
200304030402
200301010402
200301010401
200310030406
200301010408
200310030411
200304030411
200301010407
200310030405
200310030412
200310030408
200301010409
200304030409
200304030408
200304030504
200301010511
200301010505
200310030505
200304030506
200304030501
200310030504
200304030503
200301010510
200310030512
200301010506
200301010501
200301010509
200310030510
200304030508
200304030510
200310030503
200304030507
200310030508
200310030506
200301010503
200310030502
200301010504
200301010502
200310030501
200301010507
200304030509
200301010512
200304030511
200310030507
200304030505
200310030509
200304030512
200301010508
200304030502
200310030511
200301010605
200301010606
200301010603
200301010602
200301010611
200301010601
200310030601
200310030609
200304030604
200301010604
200301010612
200304030603
200304030606
200310030612
200304030602
200304030610
200301010607
200304030605
200301010608
200301010609
200301010610
200304030607
200304030612
200310030602
200310030611
200310030604
200310030605
200310030606
200310030610
200310030603
200304030608
200310030608
200304030601
200310030607
200304030611
200304030609
200310030712
200310030702
200301010704
200304030712
200310030709
200301010702
200304030701
200304030711
200304030705
200301010707
200304030708
200310030706
200310030710
200310030703
200304030706
200304030702
200301010711
200304030707
200310030701
200304030704
200301010701
200304030709
200310030711
200301010712
200301010706
200301010705
200310030708
200310030705
200301010703
200301010710
200310030704
200301010709
200310030707
200304030703
200304030710
200301010708
200310030804
200310030807
200304030803
200304030808
200301010811
200304030809
200301010809
200301010810
200304030804
200304030811
200310030806
200310030805
200301010808
200301010805
200310030802
200301010801
200301010802
200301010807
200304030812
200301010803
200304030802
200301010806
200304030805
200310030811
200310030812
200301010812
200310030803
200310030809
200304030806
200310030808
200304030810
200301010804
200304030801
200310030801
200310030810
200304030807
200309040110
200309040107
200309040106
200306050107
200301020102
200301020105
200306050108
200301020103
200306050112
200306050110
200301020107
200309040109
200301020111
200306050102
200301020108
200306050111
200309040111
200306050109
200309040103
200309040101
200306050104
200306050101
200306050106
200306050105
200309040108
200309040104
200301020112
200301020109
200309040112
200309040102
200301020104
200301020110
200301020101
200309040105
200306050103
200301020106
200301020207
200309040212
200301020211
200309040208
200301020210
200301020202
200306050202
200301020209
200309040206
200309040205
200309040202
200301020206
200301020212
200309040211
200306050212
200306050203
200306050201
200306050205
200309040204
200309040201
200309040207
200309040203
200306050206
200306050211
200301020204
200301020201
200309040210
200301020208
200309040209
200301020203
200306050207
200301020205
200306050210
200306050208
200306050204
200306050209
200306050306
200306050307
200306050310
200309040306
200306050302
200309040305
200309040309
200301020305
200306050311
200306050301
200309040310
200301020303
200306050305
200301020308
200301020302
200301020306
200306050303
200309040308
200301020307
200306050309
200306050312
200309040302
200301020309
200309040303
200309040307
200301020301
200306050304
200301020310
200309040312
200309040301
200301020312
200306050308
200309040304
200301020311
200309040311
200301020304
200306050405
200301020402
200306050406
200309040401
200301020403
200306050407
200306050412
200306050404
200306050401
200306050411
200309040411
200309040412
200301020411
200301020410
200306050402
200309040402
200309040410
200309040404
200309040403
200301020407
200301020408
200306050403
200309040405
200309040406
200306050409
200309040407
200301020406
200301020405
200309040408
200309040409
200301020412
200301020404
200301020409
200306050410
200301020401
200306050408
200309040506
200306050505
200309040504
200301020512
200309040502
200309040507
200301020504
200306050504
200306050502
200301020507
200301020502
200309040503
200301020506
200306050503
200306050512
200309040510
200309040512
200306050510
200301020503
200306050506
200306050508
200301020509
200301020510
200309040508
200306050507
200309040505
200306050511
200309040501
200309040511
200306050501
200301020505
200301020508
200301020501
200306050509
200301020511
200309040509
200306050605
200301020612
200306050602
200306050611
200309040604
200301020603
200301020604
200309040611
200309040609
200301020601
200306050610
200309040605
200301020611
200301020602
200309040603
200306050601
200301020610
200309040606
200306050603
200306050609
200309040608
200301020605
200301020608
200301020606
200306050612
200309040601
200309040602
200306050606
200309040610
200301020607
200301020609
200306050604
200306050607
200306050608
200309040607
200309040612
200301020706
200306050702
200306050708
200301020709
200309040703
200301020702
200301020704
200306050706
200309040705
200301020711
200306050707
200309040701
200301020703
200309040707
200306050703
200309040712
200301020701
200309040711
200301020710
200306050709
200301020708
200306050711
200306050705
200301020707
200309040704
200306050710
200306050701
200309040708
200306050704
200309040702
200309040706
200309040709
200301020705
200306050712
200301020712
200309040710
200301020806
200306050807
200306050812
200301020808
200309040810
200309040803
200301020802
200309040812
200301020810
200309040801
200309040804
200306050804
200309040809
200301020803
200309040802
200306050809
200306050805
200301020805
200301020811
200309040805
200306050806
200301020809
200301020812
200301020807
200306050810
200309040806
200301020801
200301020804
200306050801
200306050811
200309040808
200306050808
200306050803
200309040807
200309040811
200306050802
200305030110
200305030111
200305030101
200308040106
200305030112
200308040105
200308040109
200305030109
200308040101
200308040111
200308040112
200305030102
200305030105
200308040104
200308040110
200305030107
200308040103
200305030108
200305030106
200308040107
200308040102
200308040108
200305030103
200305030104
200308040208
200305030203
200305030209
200305030210
200305030206
200308040206
200305030202
200308040212
200308040203
200305030207
200308040201
200308040202
200308040207
200308040211
200305030212
200305030201
200308040205
200305030211
200305030205
200308040209
200305030204
200308040204
200305030208
200308040210
200308040308
200305030306
200308040309
200308040303
200305030311
200305030302
200308040302
200305030301
200308040304
200308040305
200308040306
200305030309
200308040311
200308040312
200305030312
200305030304
200305030307
200305030303
200305030308
200308040301
200308040307
200308040310
200305030305
200305030310
200305030411
200308040404
200308040412
200305030405
200305030402
200308040408
200308040411
200305030410
200305030403
200308040402
200308040406
200308040407
200305030404
200308040401
200305030408
200305030401
200308040410
200305030406
200308040405
200308040403
200305030412
200308040409
200305030407
200305030409
200303030107
200308040505
200303030111
200305030504
200305030505
200305030511
200308040512
200303030108
200303030110
200303030104
200305030510
200303030102
200305030507
200308040506
200303030105
200303030106
200308040504
200308040507
200303030101
200308040502
200308040503
200303030109
200308040508
200305030506
200303030112
200308040510
200305030503
200305030502
200305030512
200308040511
200305030508
200305030509
200303030103
200305030501
200308040501
200308040509
200308040610
200303030207
200305030608
200303030210
200303030203
200303030205
200303030209
200308040603
200305030609
200305030607
200305030610
200305030606
200305030601
200308040604
200308040608
200303030201
200308040612
200303030211
200308040601
200308040611
200303030212
200308040606
200303030204
200305030612
200303030202
200308040609
200305030605
200305030603
200303030206
200308040607
200305030611
200303030208
200305030604
200308040602
200308040605
200305030602
200308040709
200308040711
200308040707
200308040708
200305030711
200305030708
200308040712
200308040703
200305030701
200308040704
200305030706
200305030702
200305030703
200305030712
200305030710
200305030705
200305030704
200308040705
200308040706
200305030707
200308040702
200305030709
200308040701
200308040710
200303030304
200308040803
200308040804
200305030811
200308040801
200308040808
200303030302
200305030805
200305030809
200305030804
200303030306
200308040805
200308040811
200303030303
200303030311
200308040807
200303030305
200305030803
200308040812
200305030810
200305030802
200305030808
200305030807
200303030301
200305030801
200303030308
200308040806
200303030312
200303030307
200308040810
200308040809
200303030309
200305030812
200303030310
200305030806
200308040802
200303030411
200303030402
200303030403
200303030407
200303030406
200303030404
200303030412
200303030408
200303030405
200303030401
200303030409
200303030410
200305040107
200308050111
200308050105
200303030512
200303030508
200303030505
200308050106
200308050104
200305040103
200305040101
200308050109
200305040109
200303030510
200308050102
200305040105
200305040108
200308050112
200308050108
200303030501
200308050103
200308050110
200305040104
200303030506
200308050107
200303030502
200305040106
200305040111
200305040110
200303030509
200303030503
200305040112
200303030504
200303030511
200303030507
200305040102
200308050101
200305040201
200308050203
200303030612
200305040206
200308050206
200305040207
200305040211
200303030603
200308050210
200308050205
200308050211
200305040208
200305040202
200308050204
200303030602
200303030609
200305040210
200305040205
200308050207
200308050208
200308050212
200303030606
200308050202
200303030607
200303030604
200303030608
200303030611
200308050209
200305040204
200308050201
200303030610
200305040203
200303030605
200305040209
200303030601
200305040212
200303030704
200308050302
200303030703
200303030705
200308050307
200308050309
200308050312
200305040302
200305040307
200303030711
200305040312
200303030701
200303030707
200305040301
200303030712
200305040304
200308050310
200305040308
200308050306
200305040310
200303030709
200303030702
200305040306
200305040311
200305040309
200303030708
200308050311
200308050308
200305040303
200308050305
200305040305
200303030710
200308050301
200308050303
200308050304
200303030706
200303030812
200303030807
200305040407
200308050402
200303030805
200308050409
200308050411
200303030809
200308050403
200308050412
200305040401
200308050407
200305040404
200305040406
200308050404
200303030810
200308050406
200305040411
200303030804
200303030802
200303030806
200303030808
200305040410
200305040405
200308050401
200305040402
200305040403
200308050405
200305040408
200303030803
200303030811
200303030801
200305040409
200308050408
200308050410
200305040412
200308050506
200305040502
200308050511
200305040507
200308050501
200305040505
200305040506
200308050503
200305040508
200305040504
200308050509
200308050510
200308050502
200308050507
200308050504
200305040512
200305040510
200305040509
200305040503
200305040511
200308050505
200308050508
200308050512
200305040501
200305040611
200308050608
200308050610
200305040603
200308050609
200305040612
200308050611
200308050604
200305040608
200308050601
200308050606
200305040609
200305040601
200308050605
200308050607
200308050603
200305040607
200305040610
200305040606
200305040605
200305040604
200305040602
200308050602
200308050612
200308050705
200305040705
200305040709
200308050707
200305040710
200305040707
200305040706
200308050701
200308050704
200308050703
200308050712
200308050706
200305040702
200308050711
200308050702
200308050710
200308050709
200305040711
200308050708
200305040708
200305040712
200305040703
200305040704
200305040701
200308050804
200308050809
200308050810
200305040808
200305040805
200308050807
200308050808
200305040804
200308050805
200305040802
200308050801
200305040809
200305040806
200305040801
200308050802
200305040807
200308050811
200308050812
200308050806
200308050803
200305040803
200305040810
200305040811
200309050101
200306060101
200307030108
200309050103
200307030112
200306060109
200306060111
200307030103
200306060108
200306060105
200309050107
200306060103
200306060106
200307030111
200309050105
200307030106
200309050102
200306060107
200309050110
200306060110
200307030101
200307030109
200309050111
200309050112
200306060102
200306060104
200307030102
200309050104
200309050108
200309050109
200306060112
200307030105
200307030104
200307030110
200309050106
200307030107
200309050212
200307030201
200309050208
200309050206
200307030204
200306060202
200306060203
200306060201
200309050204
200307030205
200307030203
200306060208
200307030212
200306060210
200306060211
200306060204
200309050210
200307030206
200307030209
200309050207
200306060206
200309050201
200306060212
200307030208
200307030207
200309050209
200306060209
200309050205
200309050202
200306060205
200309050203
200307030202
200306060207
200309050211
200307030210
200307030211
200307030304
200309050305
200307030306
200307030307
200306060305
200306060301
200306060302
200309050304
200309050303
200306060304
200306060310
200307030309
200309050311
200306060311
200307030312
200307030303
200309050302
200309050308
200306060303
200309050309
200306060312
200309050312
200306060308
200307030301
200306060307
200306060309
200306060306
200309050306
200309050307
200307030310
200309050310
200307030305
200309050301
200307030308
200307030311
200307030302
200306060406
200306060402
200306060410
200307030406
200306060407
200307030412
200306060409
200309050407
200307030405
200307030409
200306060404
200307030402
200307030401
200309050411
200306060403
200307030410
200309050409
200307030407
200309050401
200309050404
200306060411
200307030404
200309050410
200307030403
200306060401
200309050412
200309050405
200309050403
200307030408
200306060412
200306060405
200309050408
200306060408
200309050406
200307030411
200309050402
200307030512
200309050507
200309050511
200309050502
200309050505
200306060510
200306060511
200307030501
200306060506
200307030507
200307030503
200307030506
200306060503
200306060501
200306060508
200307030508
200306060509
200307030511
200309050503
200309050506
200306060502
200309050512
200309050509
200309050504
200309050508
200309050501
200307030504
200307030505
200309050510
200306060512
200307030502
200307030510
200306060505
200307030509
200306060507
200306060504
200309050608
200306060603
200307030610
200306060610
200307030612
200306060607
200309050609
200306060601
200307030608
200309050612
200306060612
200306060602
200309050606
200307030601
200309050601
200307030602
200306060605
200309050602
200309050603
200307030604
200307030611
200309050611
200307030609
200309050610
200307030603
200306060608
200306060611
200309050607
200307030605
200306060604
200306060606
200307030607
200307030606
200309050604
200309050605
200306060609
200306060709
200306060701
200307030707
200307030709
200307030706
200307030712
200309050707
200306060705
200306060711
200307030710
200307030711
200307030705
200306060712
200309050711
200307030702
200309050701
200309050708
200309050704
200307030704
200306060708
200307030708
200306060704
200309050706
200306060702
200306060707
200306060703
200309050712
200309050702
200307030701
200309050710
200309050709
200307030703
200309050705
200306060706
200309050703
200307030809
200309050802
200307030801
200307030807
200309050803
200307030804
200309050805
200309050812
200309050801
200307030806
200306060801
200306060810
200307030805
200306060805
200306060807
200307030810
200309050804
200309050807
200306060803
200307030803
200307030808
200307030811
200307030812
200306060804
200309050811
200309050808
200306060808
200309050809
200306060806
200306060802
200307030802
200309050806
200309050810
200306060809
