200406010105
200406010101
200406010102
200408010109
200408010103
200408010101
200408010110
200408010107
200408010104
200408010112
200406010104
200406010103
200408010106
200408010111
200406010108
200408010105
200406010109
200406010106
200408010102
200406010107
200406010111
200406010110
200406010112
200408010108
200408010202
200406010206
200408010212
200408010210
200406010208
200406010203
200408010206
200408010204
200408010211
200406010204
200406010201
200408010203
200408010207
200406010209
200406010210
200406010202
200408010201
200408010208
200408010209
200406010205
200406010211
200408010205
200406010207
200406010212
200406010305
200406010312
200408010312
200406010311
200408010306
200406010309
200408010311
200408010305
200406010301
200406010302
200408010302
200408010307
200408010309
200406010308
200406010310
200408010304
200408010303
200408010301
200406010307
200406010303
200406010304
200408010310
200406010306
200408010308
200406010407
200408010411
200408010409
200408010401
200408010405
200406010409
200406010404
200406010402
200406010406
200408010402
200406010412
200406010403
200408010403
200406010408
200408010406
200408010412
200406010411
200408010408
200406010405
200408010410
200406010410
200408010407
200408010404
200406010401
200410010102
200410010107
200410010106
200406010508
200408010511
200410010105
200406010511
200408010504
200410010104
200406010512
200406010509
200408010502
200406010503
200406010501
200406010502
200408010508
200406010506
200408010505
200408010512
200408010509
200410010109
200410010108
200408010501
200408010506
200410010101
200408010510
200406010504
200406010505
200408010507
200408010503
200406010507
200410010112
200410010110
200410010111
200410010103
200406010510
200408010604
200408010602
200406010609
200408010611
200408010607
200410010209
200406010604
200410010201
200410010207
200406010601
200408010612
200410010203
200410010205
200410010211
200410010212
200408010606
200406010611
200410010204
200408010610
200410010210
200406010602
200406010603
200408010603
200410010202
200406010606
200406010608
200408010601
200408010605
200408010609
200410010208
200406010605
200406010612
200406010607
200410010206
200406010610
200408010608
200410010302
200408010702
200410010311
200408010712
200406010704
200406010703
200408010709
200406010709
200408010701
200408010704
200410010306
200406010708
200406010711
200410010303
200406010712
200410010305
200406010710
200410010301
200406010705
200410010310
200408010703
200408010711
200410010309
200408010705
200406010701
200410010304
200408010707
200408010710
200406010707
200406010702
200410010307
200410010312
200408010706
200406010706
200408010708
200410010308
200408010803
200410010403
200408010801
200406010811
200406010801
200410010409
200410010412
200408010812
200408010811
200406010804
200406010802
200406010807
200408010806
200410010404
200410010407
200410010405
200408010810
200408010804
200406010806
200408010808
200408010802
200408010809
200410010401
200410010410
200408010805
200406010808
200410010406
200410010402
200406010809
200406010805
200410010411
200406010810
200408010807
200410010408
200406010812
200406010803
200408020104
200408020112
200410010509
200410010512
200408020108
200408020103
200405010102
200405010109
200408020111
200410010506
200410010501
200405010108
200405010104
200408020106
200405010106
200405010103
200410010507
200410010508
200405010111
200405010112
200408020102
200410010510
200408020105
200410010504
200408020107
200405010110
200405010101
200408020109
200410010511
200405010105
200405010107
200408020101
200410010502
200410010505
200410010503
200408020110
200408020202
200405010208
200405010204
200405010203
200405010211
200405010207
200408020207
200410010611
200410010609
200410010612
200405010212
200410010610
200408020203
200408020210
200408020208
200410010604
200405010205
200410010603
200408020206
200410010601
200405010209
200408020205
200405010206
200408020209
200410010606
200405010210
200408020201
200405010201
200410010602
200410010608
200405010202
200410010607
200410010605
200408020212
200408020211
200408020204
200408020301
200410010708
200410010712
200408020305
200410010711
200408020311
200405010312
200405010305
200405010302
200405010310
200408020302
200408020309
200405010306
200408020312
200408020308
200410010706
200405010301
200410010701
200408020304
200410010704
200405010303
200405010307
200405010304
200408020306
200410010703
200408020310
200408020307
200410010710
200405010308
200410010702
200405010309
200408020303
200410010707
200410010705
200410010709
200405010311
200410010805
200408020411
200408020402
200405010406
200408020406
200410010801
200408020401
200408020404
200405010411
200410010808
200410010812
200410010806
200410010809
200405010402
200408020407
200405010409
200408020408
200405010412
200405010410
200410010804
200410010811
200408020412
200410010810
200405010408
200408020410
200408020409
200405010405
200405010403
200408020403
200410010803
200408020405
200410010807
200405010401
200405010407
200405010404
200410010802
200408020507
200408020508
200405010504
200405010512
200408020503
200405010501
200405010509
200405010510
200408020509
200408020504
200408020512
200405010503
200405010506
200405010511
200408020501
200408020510
200405010508
200408020505
200405010505
200405010507
200405010502
200408020502
200408020506
200408020511
200405010612
200408020610
200405010611
200408020602
200408020612
200408020603
200405010601
200405010602
200408020608
200405010607
200408020607
200408020604
200408020601
200405010606
200405010603
200405010610
200405010604
200408020606
200405010609
200408020609
200408020605
200408020611
200405010605
200405010608
200405010702
200408020710
200405010704
200405010708
200408020705
200408020709
200405010706
200408020702
200408020708
200408020712
200405010703
200408020707
200408020704
200405010710
200408020711
200408020703
200408020701
200405010712
200405010701
200405010705
200405010711
200408020706
200405010709
200405010707
200408020803
200408020810
200408020802
200405010812
200408020801
200405010802
200408020809
200405010805
200405010809
200408020805
200405010803
200405010806
200405010804
200408020812
200405010801
200408020811
200405010811
200408020804
200405010808
200405010807
200408020806
200405010810
200408020808
200408020807
200406020102
200409010111
200406020111
200409010107
200409010105
200406020101
200409010112
200409010103
200406020105
200409010109
200409010108
200409010101
200409010106
200409010104
200406020112
200409010110
200409010102
200406020108
200406020106
200406020109
200406020104
200406020110
200406020107
200406020103
200406020206
200409010204
200406020211
200409010202
200406020202
200406020208
200406020210
200406020207
200409010201
200409010210
200406020212
200409010203
200409010211
200406020205
200409010205
200406020203
200406020209
200409010206
200409010212
200409010207
200406020201
200409010208
200409010209
200406020204
200407010111
200407010107
200406020304
200407010102
200409010301
200409010304
200407010104
200406020310
200407010112
200406020302
200409010307
200409010312
200407010101
200409010311
200407010110
200407010105
200406020311
200409010305
200409010306
200407010106
200407010103
200406020301
200409010308
200406020303
200409010310
200406020308
200407010108
200406020309
200409010302
200409010303
200409010309
200406020307
200407010109
200406020312
200406020305
200406020306
200409010410
200406020403
200409010402
200407010203
200407010208
200409010403
200406020407
200409010409
200409010411
200407010202
200406020402
200406020412
200409010406
200407010211
200409010412
200407010204
200406020404
200407010205
200407010210
200406020409
200406020408
200409010404
200406020406
200406020411
200406020401
200407010201
200409010408
200407010212
200406020410
200409010401
200406020405
200407010209
200409010407
200409010405
200407010206
200407010207
200407010310
200409010503
200406020504
200406020511
200407010303
200409010511
200407010308
200409010509
200406020506
200407010311
200409010506
200409010502
200407010306
200406020507
200407010301
200406020508
200409010501
200409010507
200409010508
200409010510
200406020502
200406020505
200407010309
200409010505
200409010504
200406020503
200406020501
200406020510
200407010312
200409010512
200407010307
200406020512
200407010302
200406020509
200407010304
200407010305
200406020606
200407010406
200409010605
200407010411
200406020607
200407010410
200406020605
200407010409
200406020602
200409010603
200409010607
200409010601
200409010608
200406020608
200406020603
200406020604
200406020601
200409010609
200409010610
200406020609
200406020610
200407010401
200406020611
200407010402
200409010606
200407010407
200409010602
200407010404
200409010611
200409010604
200406020612
200407010412
200409010612
200407010408
200407010405
200407010403
200406020709
200407010510
200409010712
200406020712
200409010710
200407010508
200407010503
200409010706
200407010509
200409010703
200407010507
200409010711
200409010709
200409010707
200407010502
200409010702
200407010501
200406020706
200409010705
200406020711
200406020701
200409010708
200406020705
200407010506
200406020704
200407010505
200409010701
200406020710
200406020702
200406020708
200407010504
200407010511
200407010512
200409010704
200406020707
200406020703
200406020807
200406020808
200406020804
200406020812
200406020805
200406020802
200409010802
200409010801
200409010808
200409010811
200407010610
200407010603
200406020811
200407010602
200406020810
200407010607
200407010605
200406020806
200409010807
200409010803
200409010806
200409010812
200407010606
200407010601
200409010804
200407010604
200406020801
200407010611
200407010612
200409010810
200407010609
200409010809
200406020809
200409010805
200406020803
200407010608
200407010701
200406030104
200406030105
200406030111
200409020105
200406030106
200409020101
200409020106
200406030107
200409020110
200407010711
200409020107
200407010703
200406030102
200407010705
200407010710
200409020102
200407010708
200407010707
200409020104
200407010706
200406030112
200409020103
200406030108
200409020109
200407010702
200409020111
200406030109
200406030110
200409020108
200406030103
200407010704
200407010712
200407010709
200406030101
200409020112
200406030207
200409020205
200406030211
200409020201
200406030208
200406030203
200406030205
200409020207
200409020212
200409020209
200407010801
200407010808
200409020210
200406030209
200406030212
200407010812
200407010810
200406030202
200407010805
200409020202
200406030206
200409020203
200409020206
200407010802
200409020211
200407010807
200407010811
200407010809
200406030201
200407010804
200407010803
200409020208
200409020204
200406030210
200407010806
200406030204
200409020304
200403010106
200403010112
200409020307
200406030301
200409020301
200406030305
200406030311
200406030307
200403010102
200406030309
200406030303
200409020305
200409020311
200406030310
200403010109
200409020309
200403010108
200409020308
200409020312
200406030302
200403010111
200406030304
200403010105
200406030312
200403010101
200409020310
200409020306
200403010104
200409020303
200409020302
200403010110
200403010103
200406030306
200403010107
200406030308
200406030403
200406030401
200409020409
200409020411
200403010206
200409020412
200406030402
200406030405
200403010208
200403010202
200409020406
200409020404
200406030410
200403010209
200406030411
200403010212
200406030412
200403010204
200403010210
200409020408
200406030404
200403010211
200409020401
200409020407
200406030408
200403010207
200409020405
200409020410
200403010203
200403010205
200406030409
200406030406
200406030407
200409020403
200409020402
200403010201
200403010304
200403010309
200409020504
200403010302
200406030501
200406030503
200409020510
200406030504
200406030506
200409020511
200406030512
200409020506
200403010303
200409020501
200403010305
200406030509
200406030510
200403010310
200409020509
200403010312
200403010311
200406030502
200403010308
200403010306
200406030507
200406030508
200406030511
200409020512
200403010307
200409020502
200409020503
200409020507
200403010301
200409020505
200409020508
200406030505
200406030606
200403010404
200409020605
200406030610
200403010402
200403010405
200406030605
200409020607
200403010408
200403010406
200406030603
200403010407
200409020603
200406030601
200406030602
200406030609
200406030607
200409020612
200406030611
200403010412
200403010403
200409020604
200409020601
200406030612
200409020608
200403010411
200406030604
200409020610
200409020609
200409020602
200403010410
200409020611
200403010409
200409020606
200403010401
200406030608
200403010511
200406030703
200409020707
200406030711
200409020701
200406030704
200403010502
200409020711
200406030706
200403010506
200403010503
200406030710
200409020706
200406030712
200406030702
200409020708
200403010510
200406030705
200409020703
200406030707
200406030709
200403010508
200406030701
200403010505
200409020704
200406030708
200403010507
200403010504
200403010501
200403010512
200409020709
200409020710
200403010509
200409020712
200409020705
200409020702
200409020803
200406030802
200406030803
200406030805
200403010610
200403010609
200406030804
200406030809
200409020811
200403010604
200409020807
200406030812
200406030806
200403010607
200403010608
200406030808
200403010602
200406030801
200403010605
200406030810
200409020805
200409020806
200409020802
200406030807
200403010612
200409020812
200406030811
200409020810
200409020809
200409020808
200403010606
200403010603
200403010611
200403010601
200409020804
200409020801
200408030103
200405020111
200403010704
200405020108
200403010701
200405020110
200403010706
200403010710
200408030110
200408030112
200408030101
200405020101
200405020105
200408030105
200405020112
200403010708
200405020109
200405020107
200403010705
200408030109
200408030111
200408030102
200405020106
200403010712
200403010703
200405020103
200405020104
200408030107
200403010707
200403010702
200408030104
200408030106
200403010709
200405020102
200408030108
200403010711
200403010812
200403010801
200403010808
200403010804
200405020206
200408030211
200403010802
200405020211
200408030207
200408030212
200405020212
200405020208
200408030209
200403010809
200403010807
200405020205
200408030205
200403010811
200403010810
200405020209
200408030203
200403010803
200408030202
200405020204
200408030206
200405020201
200405020202
200408030210
200403010806
200408030204
200403010805
200405020207
200408030208
200408030201
200405020203
200405020210
200404010109
200405020305
200404010101
200405020308
200408030306
200404010105
200404010102
200405020301
200408030302
200405020311
200404010108
200405020310
200408030303
200404010103
200405020302
200405020303
200404010106
200408030305
200408030304
200404010111
200408030310
200408030309
200404010107
200408030308
200408030307
200404010110
200408030301
200404010112
200405020306
200405020304
200405020307
200405020312
200404010104
200408030312
200405020309
200408030311
200408030401
200404010211
200408030405
200408030411
200404010201
200404010203
200408030410
200405020406
200408030406
200405020412
200405020405
200408030408
200405020403
200408030412
200404010212
200405020409
200404010204
200405020402
200404010208
200408030407
200408030403
200405020411
200405020404
200408030409
200408030404
200404010209
200404010206
200404010207
200405020410
200404010202
200404010205
200404010210
200405020401
200408030402
200405020408
200405020407
200405020507
200404010312
200408030510
200404010302
200405020503
200405020505
200405020508
200408030509
200408030504
200408030512
200404010306
200408030505
200405020501
200405020509
200404010311
200408030508
200408030506
200404010305
200404010301
200408030503
200405020502
200404010308
200404010307
200405020510
200408030502
200404010310
200404010303
200408030507
200405020506
200405020504
200404010309
200408030501
200405020511
200405020512
200404010304
200408030511
200408030610
200405020602
200408030603
200408030606
200404010402
200404010412
200404010401
200404010409
200405020612
200408030608
200404010405
200405020611
200405020601
200408030612
200405020606
200408030602
200404010406
200405020609
200408030605
200408030604
200405020610
200404010407
200405020603
200405020608
200405020605
200404010404
200408030607
200404010408
200408030609
200405020607
200405020604
200408030611
200404010403
200404010410
200408030601
200404010411
200404010501
200408030704
200408030709
200405020709
200405020711
200405020706
200405020702
200408030706
200405020707
200404010505
200408030702
200408030705
200405020704
200404010510
200404010503
200405020710
200405020705
200404010502
200408030711
200408030707
200408030712
200408030708
200405020708
200404010511
200404010506
200405020703
200404010504
200404010509
200408030703
200404010507
200404010508
200405020712
200408030701
200408030710
200404010512
200405020701
200405020808
200404010603
200404010604
200405020807
200408030806
200404010609
200408030809
200404010605
200408030805
200405020802
200404010612
200405020803
200405020801
200404010601
200405020805
200405020809
200404010610
200404010611
200408030810
200408030811
200408030802
200408030807
200404010608
200404010602
200408030801
200404010607
200405020804
200408030812
200408030804
200408030808
200405020810
200405020811
200404010606
200408030803
200405020806
200405020812
200405030102
200405030103
200405030106
200404010704
200407020104
200404010705
200407020108
200405030109
200405030108
200407020110
200405030101
200404010707
200407020101
200404010712
200407020105
200405030105
200407020106
200407020103
200404010711
200405030112
200404010706
200404010709
200407020111
200407020102
200405030104
200405030110
200404010702
200405030111
200407020107
200407020109
200404010703
200404010701
200404010708
200404010710
200405030107
200407020112
200404010808
200407020210
200404010803
200404010812
200405030206
200407020211
200405030207
200407020203
200405030202
200404010810
200404010802
200404010809
200404010806
200405030209
200407020209
200405030203
200405030211
200404010811
200405030201
200405030204
200407020204
200407020212
200407020202
200404010805
200404010807
200407020206
200407020208
200404010804
200405030205
200405030210
200404010801
200407020201
200407020207
200405030212
200407020205
200405030208
200405030310
200405030302
200405030301
200405030308
200407020309
200405030312
200405030309
200405030304
200407020304
200405030303
200407020306
200405030311
200407020307
200405030305
200407020311
200407020302
200407020312
200405030307
200407020305
200405030306
200407020310
200407020308
200407020303
200407020301
200407020404
200405030408
200405030407
200405030401
200407020407
200407020410
200405030411
200405030405
200407020408
200407020411
200405030410
200407020405
200407020402
200405030404
200407020412
200407020406
200405030402
200405030409
200405030403
200407020403
200407020401
200405030406
200407020409
200405030512
200407020504
200407020506
200407020511
200407020510
200407020509
200407020508
200407020505
200405030509
200407020502
200405030502
200405030508
200405030505
200407020501
200405030501
200407020512
200405030507
200405030511
200405030503
200405030510
200407020503
200405030506
200407020507
200405030504
200407020605
200405030612
200407020610
200407020602
200407020609
200405030602
200405030607
200407020612
200405030603
200407020601
200407020607
200405030611
200407020606
200407020611
200407020608
200407020604
200405030604
200405030605
200405030608
200405030610
200405030609
200405030606
200407020603
200405030601
200407020707
200405030711
200405030702
200405030707
200405030703
200405030712
200405030710
200407020703
200405030706
200407020711
200407020712
200407020706
200407020708
200407020701
200405030708
200405030709
200405030701
200405030704
200407020704
200407020710
200407020709
200407020702
200405030705
200407020705
200407020802
200407020806
200405030811
200405030807
200407020810
200405030805
200407020809
200405030804
200407020801
200405030801
200405030812
200407020805
200405030803
200405030808
200407020811
200407020812
200405030806
200407020803
200405030810
200407020807
200405030802
200405030809
200407020808
200407020804
200402010110
200403020109
200403020101
200403020111
200403020107
200403020112
200402010104
200409030104
200403020103
200403020105
200409030106
200409030102
200409030101
200409030111
200403020110
200402010106
200409030105
200409030108
200409030110
200402010103
200409030107
200402010105
200402010111
200402010109
200402010112
200403020104
200402010101
200402010102
200403020106
200409030103
200409030112
200402010107
200403020108
200402010108
200403020102
200409030109
200409030212
200409030210
200403020206
200402010204
200403020208
200403020210
200409030203
200402010209
200409030204
200402010205
200402010203
200402010207
200402010206
200403020201
200409030208
200403020202
200402010208
200409030211
200409030207
200403020204
200409030205
200402010212
200403020203
200409030206
200402010210
200403020211
200409030209
200402010211
200402010202
200403020205
200402010201
200409030202
200409030201
200403020207
200403020212
200403020209
200403020302
200402010312
200403020305
200402010308
200402010309
200403020311
200402010306
200409030312
200409030301
200402010302
200403020303
200409030311
200403020301
200402010310
200409030307
200402010303
200402010307
200403020310
200409030310
200409030305
200402010304
200409030308
200402010305
200409030302
200409030306
200402010311
200403020306
200409030304
200403020309
200403020307
200403020308
200409030309
200403020312
200403020304
200409030303
200402010301
200402010410
200403020409
200403020408
200402010407
200403020404
200403020403
200409030403
200402010403
200403020412
200402010404
200402010402
200403020411
200409030410
200402010408
200403020410
200409030405
200402010411
200402010405
200409030408
200403020407
200409030402
200402010409
200409030411
200402010406
200403020402
200409030406
200409030409
200403020401
200403020405
200409030407
200403020406
200409030412
200409030404
200409030401
200402010401
200402010412
200403020509
200409030501
200402010512
200402010506
200409030512
200403020504
200402010502
200409030511
200402010505
200402010504
200409030502
200402010511
200403020503
200409030503
200403020507
200409030506
200409030504
200402010507
200403020501
200409030510
200403020506
200402010509
200403020505
200403020508
200409030507
200409030509
200403020512
200409030508
200402010501
200403020510
200403020502
200403020511
200409030505
200402010510
200402010508
200402010503
200403020605
200403020607
200409030610
200409030604
200409030611
200403020611
200409030605
200402010604
200403020604
200402010607
200402010606
200402010610
200403020609
200402010612
200409030601
200402010602
200409030603
200409030612
200403020601
200403020603
200409030606
200409030609
200403020610
200402010609
200402010603
200403020608
200409030608
200403020602
200409030607
200402010601
200402010608
200402010605
200409030602
200403020606
200403020612
200402010611
200403020709
200409030710
200409030708
200409030705
200403020710
200403020702
200403020711
200403020708
200402010709
200409030711
200403020706
200403020705
200403020707
200409030707
200403020703
200402010702
200409030709
200409030706
200403020712
200402010704
200402010708
200402010703
200409030701
200409030712
200402010701
200403020704
200402010711
200402010706
200402010712
200402010710
200409030702
200403020701
200402010707
200402010705
200409030704
200409030703
200409030801
200402010812
200409030812
200402010805
200409030805
200403020802
200409030802
200402010808
200409030809
200402010810
200403020806
200409030810
200403020807
200402010806
200403020811
200403020812
200409030808
200402010811
200402010804
200402010809
200403020810
200409030804
200402010803
200403020805
200402010807
200409030806
200403020809
200403020804
200409030811
200402010801
200403020808
200409030807
200403020801
200409030803
200402010802
200403020803
200404020105
200402020107
200410020105
200402020111
200402020112
200404020103
200402020103
200410020104
200410020106
200404020112
200402020108
200410020109
200404020102
200402020101
200402020106
200404020101
200410020112
200404020108
200402020110
200410020101
200402020109
200402020102
200404020106
200404020107
200404020109
200410020102
200410020110
200410020103
200410020108
200404020110
200410020111
200404020111
200402020105
200402020104
200410020107
200404020104
200404020212
200402020207
200404020207
200402020211
200402020205
200410020201
200404020208
200404020203
200402020206
200410020204
200410020208
200410020210
200410020207
200404020210
200404020209
200402020204
200404020205
200404020206
200402020212
200402020210
200410020205
200410020202
200410020212
200404020204
200402020209
200402020203
200404020202
200404020201
200402020208
200402020202
200410020206
200404020211
200402020201
200410020203
200410020211
200410020209
200402020305
200404020305
200410020307
200404020301
200410020306
200402020309
200410020310
200404020311
200410020309
200410020312
200402020303
200410020304
200404020304
200404020308
200404020309
200402020302
200404020306
200404020307
200404020303
200410020301
200402020310
200404020312
200410020308
200404020302
200402020308
200402020312
200402020306
200402020307
200402020304
200410020303
200402020301
200402020311
200410020311
200404020310
200410020305
200410020302
200410020405
200402020402
200410020401
200404020405
200402020404
200404020409
200402020411
200402020405
200402020407
200404020404
200404020410
200402020406
200402020401
200402020403
200402020412
200410020404
200402020408
200410020408
200410020402
200410020411
200402020409
200404020402
200404020406
200404020412
200404020403
200404020401
200410020409
200404020408
200404020407
200402020410
200410020410
200410020403
200410020406
200410020412
200410020407
200404020411
200402020506
200402020508
200410020508
200402020505
200410020511
200404020507
200404020512
200410020512
200404020505
200404020503
200410020509
200404020508
200404020502
200402020504
200402020509
200404020506
200410020510
200402020501
200410020501
200410020506
200410020507
200404020501
200404020511
200410020503
200410020504
200402020502
200404020504
200404020509
200402020510
200404020510
200402020503
200402020507
200402020511
200410020505
200402020512
200410020502
200410020605
200404020612
200402020612
200404020601
200410020601
200404020609
200404020608
200410020604
200410020612
200402020601
200402020606
200404020606
200402020610
200410020610
200410020606
200402020605
200402020602
200404020603
200402020604
200404020604
200402020609
200402020611
200402020603
200410020607
200410020608
200404020607
200404020602
200410020609
200402020607
200410020611
200404020611
200410020602
200402020608
200404020610
200404020605
200410020603
200402020706
200404020712
200402020711
200402020710
200410020708
200402020703
200404020703
200402020705
200410020702
200410020710
200402020704
200404020701
200410020709
200404020708
200410020701
200410020704
200404020702
200410020703
200402020702
200404020705
200410020707
200402020708
200402020701
200402020712
200410020712
200410020706
200404020710
200404020704
200410020705
200404020707
200404020706
200410020711
200404020711
200402020707
200402020709
200404020709
200410020804
200404020811
200402020801
200404020801
200410020808
200404020805
200410020806
200402020811
200404020807
200410020802
200402020803
200410020801
200402020810
200404020808
200410020810
200410020809
200404020809
200402020806
200404020802
200410020807
200402020805
200404020810
200402020807
200402020809
200402020808
200410020812
200402020802
200404020806
200402020804
200404020812
200410020811
200410020803
200404020804
200402020812
200404020803
200410020805
200410030105
200401010109
200404030102
200404030109
200410030104
200410030101
200410030102
200410030107
200410030109
200410030112
200401010103
200401010110
200410030111
200404030103
200410030110
200404030108
200410030103
200404030106
200410030108
200401010105
200404030104
200404030110
200404030101
200401010111
200401010102
200401010101
200401010107
200404030105
200404030107
200401010112
200401010106
200404030111
200401010108
200410030106
200404030112
200401010104
200410030210
200401010210
200401010208
200401010201
200401010206
200404030212
200410030208
200404030209
200410030204
200404030203
200404030205
200410030207
200401010209
200404030207
200404030206
200401010212
200410030206
200410030202
200404030210
200404030211
200410030211
200401010207
200401010204
200401010205
200401010211
200404030208
200410030203
200410030212
200404030202
200410030209
200404030201
200410030201
200401010203
200401010202
200404030204
200410030205
200404030310
200401010309
200401010306
200401010307
200410030311
200401010302
200410030301
200410030312
200404030308
200404030312
200410030302
200401010311
200404030304
200401010310
200401010305
200401010303
200410030307
200401010304
200404030305
200410030310
200404030303
200404030302
200404030311
200410030305
200410030306
200410030309
200401010301
200410030304
200404030309
200410030303
200404030306
200401010308
200404030307
200404030301
200410030308
200401010312
200410030411
200404030405
200404030407
200410030407
200404030401
200404030412
200410030402
200410030403
200401010405
200401010412
200401010409
200404030403
200410030409
200410030406
200410030401
200404030408
200401010408
200404030402
200401010407
200401010406
200404030409
200401010411
200410030410
200404030410
200410030404
200401010403
200401010410
200401010404
200404030404
200410030405
200410030412
200401010402
200404030406
200410030408
200401010401
200404030411
200410030503
200410030506
200404030503
200401010502
200401010506
200401010507
200410030511
200410030504
200410030510
200401010505
200404030506
200410030501
200410030505
200404030507
200401010504
200401010511
200410030502
200404030505
200404030511
200401010503
200404030501
200404030502
200410030509
200404030510
200401010501
200401010509
200401010510
200410030507
200404030504
200404030509
200410030512
200410030508
200404030512
200401010508
200401010512
200404030508
200404030609
200401010604
200401010603
200410030610
200401010612
200410030607
200404030606
200410030612
200410030605
200404030603
200401010610
200404030601
200401010601
200410030611
200410030602
200404030605
200401010602
200404030612
200401010607
200404030602
200401010605
200401010609
200401010611
200410030608
200401010606
200404030611
200410030603
200404030604
200410030609
200404030608
200410030606
200410030601
200404030607
200410030604
200401010608
200404030610
200401010705
200401010706
200410030704
200401010701
200410030706
200401010709
200404030702
200410030708
200404030705
200404030712
200401010703
200401010708
200401010712
200410030702
200410030711
200410030705
200410030712
200404030704
200401010710
200401010704
200404030703
200410030703
200410030709
200410030701
200404030701
200404030710
200404030709
200410030707
200404030706
200401010711
200401010707
200401010702
200404030708
200410030710
200404030711
200404030707
200404030807
200410030809
200401010802
200410030807
200404030801
200401010809
200410030804
200404030805
200404030808
200401010804
200410030808
200401010806
200410030810
200401010807
200404030810
200410030803
200401010801
200410030802
200404030811
200410030805
200410030801
200410030812
200401010805
200401010810
200404030804
200401010812
200410030806
200401010803
200404030803
200401010808
200410030811
200404030809
200404030806
200404030802
200401010811
200404030812
200401020101
200401020108
200401020109
200409040105
200409040109
200406040112
200409040106
200406040105
200401020107
200401020105
200406040109
200409040112
200406040108
200406040111
200401020106
200401020103
200409040107
200409040110
200409040111
200401020112
200409040103
200409040101
200406040110
200409040102
200406040103
200401020104
200401020110
200401020111
200406040107
200406040106
200401020102
200409040104
200406040102
200406040101
200406040104
200409040108
200406040201
200406040204
200409040201
200401020209
200401020201
200406040210
200409040209
200409040202
200406040212
200406040207
200409040203
200406040205
200406040208
200401020203
200401020211
200401020205
200409040210
200406040206
200406040211
200409040204
200409040211
200401020206
200401020202
200406040203
200409040208
200406040209
200401020208
200406040202
200409040207
200401020204
200409040206
200409040205
200409040212
200401020207
200401020212
200401020210
200401020302
200406040304
200401020310
200406040302
200406040312
200401020308
200401020303
200401020306
200401020307
200401020312
200406040305
200406040301
200406040306
200401020301
200406040307
200401020305
200406040303
200406040311
200401020311
200406040309
200401020304
200401020309
200406040310
200406040308
200409040309
200406040404
200409040307
200406040406
200406040410
200406040411
200406040407
200409040305
200406040408
200406040402
200409040303
200409040306
200406040409
200409040312
200409040311
200409040304
200406040401
200406040412
200406040403
200409040302
200406040405
200409040310
200409040308
200409040301
200401020401
200401020406
200409040411
200401020409
200409040401
200401020407
200401020412
200409040403
200401020410
200401020403
200401020402
200401020404
200409040405
200409040406
200409040408
200401020405
200409040402
200409040404
200409040410
200409040409
200409040412
200401020408
200409040407
200401020411
200409040511
200409040512
200409040503
200406040502
200401020502
200406040501
200406040506
200406040507
200406040508
200401020501
200409040505
200409040507
200401020509
200406040512
200409040510
200401020510
200401020508
200409040508
200406040509
200406040503
200409040502
200406040511
200406040505
200409040501
200406040504
200406040510
200401020503
200409040506
200401020504
200401020511
200401020512
200409040504
200401020506
200401020507
200401020505
200409040509
200406040602
200401020602
200401020611
200406040601
200409040604
200406040603
200409040611
200409040602
200401020606
200401020607
200401020605
200406040611
200409040605
200401020609
200409040606
200406040604
200406040607
200409040601
200409040607
200406040608
200401020601
200406040612
200401020610
200409040610
200406040606
200406040605
200406040609
200401020612
200401020603
200409040609
200401020608
200409040603
200406040610
200401020604
200409040612
200409040608
200401020707
200401020701
200406040702
200406040708
200406040704
200409040706
200401020702
200409040709
200409040707
200401020709
200401020708
200406040712
200401020705
200406040705
200406040701
200409040704
200401020706
200409040705
200409040712
200401020712
200401020703
200406040710
200409040702
200409040710
200401020711
200406040711
200409040711
200406040709
200409040703
200406040707
200409040708
200401020710
200401020704
200409040701
200406040703
200406040706
200401020804
200406040811
200406040808
200406040801
200409040812
200406040804
200401020805
200406040809
200409040802
200409040803
200409040810
200401020809
200401020801
200409040804
200409040809
200409040806
200406040802
200401020806
200409040805
200401020808
200401020807
200409040801
200406040812
200406040803
200406040805
200409040807
200409040811
200406040806
200406040810
200401020810
200401020802
200406040807
200409040808
200401020812
200401020803
200401020811
200408040106
200408040102
200408040109
200408040112
200408040110
200408040103
200408040105
200408040101
200408040107
200408040111
200408040104
200408040108
200405040212
200408040205
200408040210
200405040206
200405040211
200408040211
200408040206
200405040209
200408040207
200405040204
200408040208
200405040210
200405040202
200405040207
200405040203
200408040203
200408040201
200405040201
200408040204
200405040208
200408040212
200405040205
200408040202
200408040209
200405040102
200405040109
200405040103
200405040106
200405040110
200405040101
200405040111
200405040105
200405040112
200405040107
200405040108
200405040104
200408040305
200405040306
200405040308
200408040301
200405040311
200405040309
200408040311
200408040308
200408040307
200405040303
200408040310
200408040304
200408040309
200405040312
200408040303
200408040312
200405040304
200405040305
200405040310
200405040301
200408040302
200408040306
200405040307
200405040302
200408040401
200408040409
200405040412
200408040407
200408040406
200405040402
200408040402
200408040411
200408040403
200405040409
200405040404
200405040407
200408040408
200405040408
200408040412
200405040405
200405040406
200405040401
200408040405
200405040410
200405040403
200405040411
200408040410
200408040404
200405040507
200408040510
200403030104
200403030107
200403030102
200405040504
200405040505
200408040507
200408040503
200405040508
200405040512
200405040510
200408040506
200408040505
200403030112
200405040511
200403030103
200408040501
200403030108
200405040506
200403030105
200408040509
200405040502
200408040511
200405040509
200403030110
200408040502
200408040504
200408040508
200403030106
200405040501
200405040503
200403030111
200403030109
200403030101
200408040512
200403030201
200405040611
200408040604
200408040608
200403030204
200405040605
200405040608
200403030205
200408040602
200403030210
200408040607
200405040609
200403030203
200403030202
200408040612
200405040606
200405040601
200403030208
200408040609
200405040603
200405040604
200405040607
200405040610
200408040606
200408040601
200408040603
200408040605
200405040602
200408040610
200403030207
200403030212
200403030211
200403030209
200408040611
200403030206
200405040612
200408040706
200408040712
200405040701
200405040708
200403030303
200408040701
200403030307
200403030308
200405040711
200403030310
200403030309
200403030311
200408040709
200408040704
200403030301
200408040708
200408040711
200405040703
200408040707
200405040704
200405040710
200408040705
200405040705
200408040703
200403030302
200403030312
200405040712
200408040702
200405040706
200403030304
200405040702
200408040710
200405040709
200405040707
200403030306
200403030305
200405040803
200403030411
200403030408
200405040802
200403030405
200408040810
200403030401
200403030403
200405040811
200408040807
200403030404
200408040801
200408040804
200408040806
200405040801
200403030410
200405040808
200405040805
200405040810
200408040809
200405040809
200403030409
200403030412
200408040802
200403030406
200408040803
200405040804
200403030407
200408040805
200403030402
200408040811
200405040812
200408040812
200408040808
200405040807
200405040806
200408050103
200408050108
200403030506
200408050111
200408050107
200403030505
200405050106
200405050111
200408050102
200408050104
200408050112
200405050105
200405050102
200405050108
200403030510
200408050110
200408050101
200405050110
200405050103
200405050109
200403030512
200403030511
200403030504
200405050112
200408050106
200408050109
200403030502
200403030507
200403030509
200405050101
200403030508
200405050104
200403030501
200403030503
200405050107
200408050105
200403030603
200408050204
200405050212
200403030611
200408050205
200408050207
200408050212
200403030602
200408050206
200408050211
200405050204
200408050203
200403030608
200405050206
200405050205
200405050208
200405050203
200408050209
200408050201
200403030604
200403030609
200403030607
200405050211
200403030606
200403030610
200405050210
200408050202
200405050207
200408050210
200403030601
200405050202
200403030612
200405050209
200408050208
200403030605
200405050201
200408050306
200403030706
200408050302
200405050311
200403030711
200403030704
200403030707
200405050310
200405050304
200405050306
200408050312
200408050310
200405050305
200408050307
200405050307
200408050305
200405050302
200403030709
200405050308
200405050301
200403030701
200403030705
200408050304
200408050309
200405050303
200405050312
200403030702
200403030703
200408050303
200408050308
200405050309
200403030708
200403030712
200408050311
200408050301
200403030710
200405050404
200403030809
200408050402
200403030805
200408050407
200408050411
200403030804
200405050410
200403030812
200408050409
200405050401
200405050402
200405050406
200405050408
200408050410
200403030803
200408050406
200408050408
200405050412
200405050409
200403030810
200403030807
200403030806
200408050412
200405050407
200403030811
200403030802
200408050405
200408050404
200403030801
200408050403
200405050405
200405050411
200403030808
200405050403
200408050401
200405050509
200405050511
200408050505
200405050512
200408050504
200408050511
200405050505
200405050504
200408050512
200405050502
200405050501
200405050506
200408050503
200405050510
200405050503
200405050507
200408050506
200408050502
200408050508
200408050510
200408050501
200405050508
200408050507
200408050509
200405050608
200408050609
200408050605
200405050601
200405050604
200405050609
200408050606
200405050611
200408050608
200408050612
200405050610
200405050607
200408050607
200408050602
200405050603
200405050612
200408050601
200408050610
200405050605
200405050606
200408050604
200408050603
200405050602
200408050611
200405050712
200408050712
200408050704
200408050705
200405050702
200405050711
200405050701
200405050708
200408050707
200408050708
200408050711
200408050702
200408050701
200405050705
200408050703
200405050710
200405050703
200405050707
200405050704
200408050710
200408050706
200405050706
200405050709
200408050709
200405050805
200405050809
200405050808
200408050801
200408050810
200408050812
200408050809
200408050803
200408050806
200408050805
200405050802
200408050808
200408050811
200405050807
200405050811
200405050810
200405050803
200408050807
200405050804
200408050802
200405050801
200405050806
200408050804
200407030105
200409050110
200409050104
200406050109
200406050102
200407030104
200407030106
200409050107
200406050106
200406050110
200407030107
200409050102
200407030110
200409050103
200406050101
200407030101
200409050111
200406050105
200407030103
200409050106
200409050101
200407030102
200409050108
200409050109
200406050107
200407030109
200406050111
200407030111
200406050112
200409050105
200407030108
200406050104
200407030112
200406050108
200406050103
200409050112
200406050202
200406050204
200406050212
200407030209
200407030204
200406050208
200409050206
200409050202
200407030212
200406050207
200409050208
200407030206
200409050203
200409050209
200407030203
200407030210
200406050206
200407030202
200406050211
200409050211
200406050205
200406050201
200407030211
200409050207
200409050204
200409050210
200406050209
200407030205
200406050210
200407030208
200409050212
200409050201
200406050203
200409050205
200407030207
200407030201
200407030301
200409050312
200407030311
200409050308
200409050310
200409050304
200409050302
200406050303
200406050308
200406050310
200409050307
200406050307
200409050305
200409050301
200409050309
200406050312
200406050301
200409050311
200406050304
200407030309
200407030307
200409050306
200407030304
200406050305
200406050309
200407030310
200407030305
200407030308
200407030302
200406050311
200407030306
200407030303
200409050303
200406050302
200407030312
200406050306
200407030409
200407030404
200409050402
200409050404
200406050404
200406050402
200409050403
200409050407
200409050405
200407030411
200406050401
200407030408
200407030402
200409050401
200406050403
200407030406
200409050409
200406050407
200409050412
200407030405
200406050412
200407030407
200406050405
200406050408
200406050406
200406050410
200406050411
200409050406
200406050409
200407030401
200409050411
200409050408
200409050410
200407030412
200407030410
200407030403
200409050510
200407030508
200407030511
200409050507
200407030503
200409050502
200407030510
200407030506
200409050506
200407030509
200407030512
200409050511
200406050506
200406050512
200407030504
200406050510
200409050504
200407030502
200407030505
200409050509
200409050503
200406050501
200406050509
200406050503
200406050504
200409050501
200407030507
200406050505
200409050512
200409050505
200406050502
200406050507
200407030501
200406050511
200406050508
200409050508
200409050610
200409050604
200407030606
200407030605
200409050607
200409050612
200407030610
200407030609
200409050601
200409050605
200409050608
200409050611
200406050603
200407030612
200406050608
200407030604
200406050601
200409050609
200407030602
200406050604
200406050610
200406050609
200406050605
200407030601
200406050611
200409050606
200407030608
200407030611
200407030607
200406050612
200406050607
200407030603
200409050603
200406050602
200406050606
200409050602
200409050710
200407030706
200409050707
200409050703
200409050709
200406050707
200409050708
200406050706
200409050712
200407030707
200407030705
200406050705
200407030711
200406050711
200406050712
200409050705
200407030704
200407030703
200409050704
200406050708
200406050704
200406050709
200406050701
200407030708
200409050702
200407030701
200406050703
200407030712
200409050706
200407030702
200406050702
200409050711
200407030710
200409050701
200406050710
200407030709
200407030803
200406050808
200406050809
200409050810
200409050811
200406050805
200407030804
200407030806
200407030805
200409050801
200407030802
200407030809
200409050803
200409050802
200406050807
200406050810
200407030807
200409050805
200409050809
200407030811
200406050803
200406050804
200409050812
200407030810
200409050806
200407030801
200409050807
200406050801
200406050806
200407030812
200406050802
200409050804
200409050808
200407030808
