200506010101
200508010110
200508010102
200508010107
200508010109
200506010111
200508010108
200508010104
200506010109
200506010103
200508010106
200506010107
200506010108
200508010112
200508010111
200506010106
200506010110
200508010103
200506010112
200506010102
200506010105
200506010104
200508010105
200508010101
200508010209
200506010208
200506010203
200508010204
200506010202
200506010210
200508010210
200506010204
200506010212
200506010209
200508010201
200506010201
200508010211
200508010206
200508010212
200508010203
200506010207
200506010206
200506010205
200508010208
200508010205
200508010202
200506010211
200508010207
200506010312
200506010302
200506010306
200506010305
200506010311
200508010304
200508010308
200508010306
200506010309
200508010311
200508010303
200508010305
200508010307
200508010310
200506010308
200506010301
200508010302
200508010312
200506010303
200508010309
200506010310
200506010307
200508010301
200506010304
200508010405
200506010410
200508010409
200508010401
200506010407
200508010403
200508010407
200506010406
200506010408
200506010403
200506010402
200508010402
200506010401
200506010404
200508010408
200508010404
200508010411
200508010412
200506010411
200506010412
200506010409
200508010410
200508010406
200506010405
200506010506
200508010501
200508010506
200508010505
200506010502
200506010504
200508010502
200506010511
200506010512
200508010504
200508010503
200508010509
200506010507
200508010507
200506010501
200506010509
200508010512
200506010508
200508010508
200508010511
200506010505
200506010503
200508010510
200506010510
200506010609
200508010607
200508010609
200506010610
200508010612
200506010605
200506010611
200508010603
200508010611
200506010608
200508010608
200508010606
200508010601
200506010612
200506010606
200506010604
200506010603
200508010610
200506010607
200506010601
200506010602
200508010605
200508010602
200508010604
200510010104
200510010101
200506010708
200510010103
200510010110
200506010711
200506010709
200506010704
200510010112
200510010106
200508010701
200508010705
200508010709
200506010702
200508010707
200506010701
200506010712
200508010704
200510010111
200506010710
200510010102
200508010711
200508010708
200508010703
200508010710
200506010707
200508010712
200506010703
200510010109
200510010107
200506010705
200510010108
200508010706
200510010105
200506010706
200508010702
200508010801
200510010212
200508010806
200510010207
200506010812
200506010808
200510010206
200508010809
200506010811
200506010804
200508010807
200510010208
200508010810
200510010204
200508010812
200510010203
200510010201
200506010810
200508010804
200506010805
200510010205
200506010809
200508010802
200510010211
200506010801
200508010803
200506010802
200506010803
200506010806
200510010210
200510010209
200508010811
200510010202
200506010807
200508010805
200508010808
200510010301
200508020102
200510010303
200508020106
200508020109
200505010112
200508020107
200505010109
200510010302
200508020104
200508020105
200510010307
200505010104
200510010305
200505010102
200505010106
200505010111
200510010310
200510010309
200505010103
200505010105
200508020101
200505010108
200510010312
200510010311
200508020108
200508020111
200505010107
200508020103
200505010101
200508020110
200510010306
200510010308
200508020112
200510010304
200505010110
200505010208
200508020209
200505010207
200508020207
200508020204
200505010202
200510010411
200505010210
200508020211
200505010203
200505010212
200505010201
200508020212
200508020201
200510010406
200510010412
200505010204
200510010407
200510010408
200510010410
200505010209
200510010409
200510010403
200508020205
200505010211
200508020203
200505010206
200508020202
200510010404
200510010405
200508020206
200505010205
200508020208
200508020210
200510010402
200510010401
200508020307
200510010507
200508020312
200510010508
200505010308
200505010312
200510010512
200510010506
200508020302
200510010510
200510010501
200508020306
200508020308
200505010310
200508020311
200505010309
200510010502
200505010311
200508020309
200510010509
200510010503
200505010303
200510010504
200505010305
200505010302
200508020304
200505010306
200508020305
200510010511
200508020303
200505010307
200510010505
200508020301
200505010301
200508020310
200505010304
200510010601
200505010409
200505010402
200508020406
200510010612
200508020403
200508020407
200508020404
200505010403
200508020405
200508020410
200508020408
200505010401
200505010404
200510010609
200510010610
200505010405
200505010407
200505010412
200508020412
200510010605
200510010603
200510010608
200505010410
200505010411
200508020409
200505010408
200510010604
200510010606
200510010607
200508020411
200510010611
200508020402
200505010406
200510010602
200508020401
200508020504
200510010703
200510010711
200508020511
200510010710
200508020508
200508020512
200510010704
200510010702
200508020506
200508020503
200510010706
200510010712
200508020510
200505010511
200510010707
200508020507
200508020509
200505010502
200505010505
200508020502
200505010509
200510010708
200505010503
200505010501
200510010701
200508020501
200510010709
200505010504
200505010507
200505010506
200505010508
200510010705
200505010510
200508020505
200505010512
200505010606
200510010809
200505010601
200510010811
200510010803
200505010609
200505010611
200510010805
200505010603
200510010801
200505010610
200508020611
200508020603
200510010807
200510010812
200508020605
200508020608
200505010604
200508020604
200505010602
200510010810
200508020602
200505010607
200505010612
200508020609
200508020607
200510010802
200510010806
200508020601
200508020606
200505010608
200508020610
200508020612
200505010605
200510010804
200510010808
200505010701
200505010707
200508020703
200508020704
200508020712
200505010705
200508020708
200508020702
200508020709
200505010712
200505010702
200505010708
200505010703
200505010706
200508020701
200505010711
200508020710
200508020707
200508020711
200508020705
200505010709
200505010710
200508020706
200508020801
200508020802
200505010807
200505010802
200505010804
200508020803
200508020810
200505010805
200508020811
200505010808
200505010803
200508020805
200505010812
200508020806
200505010810
200508020804
200508020809
200505010806
200508020812
200508020807
200508020808
200505010809
200505010811
200505010801
200506020101
200506020109
200509010101
200506020107
200506020108
200509010111
200506020112
200509010104
200506020110
200509010109
200506020105
200509010106
200509010103
200506020102
200506020111
200509010112
200506020103
200506020106
200509010108
200509010110
200509010102
200509010107
200509010105
200506020104
200506020212
200506020206
200509010201
200506020203
200509010211
200506020205
200509010212
200506020211
200509010204
200509010207
200509010202
200506020209
200509010208
200506020201
200506020207
200506020210
200506020204
200506020208
200509010206
200509010203
200509010210
200509010205
200506020202
200509010209
200509010306
200506020301
200509010308
200506020308
200507010105
200509010303
200507010101
200506020309
200506020306
200506020305
200509010307
200507010102
200509010301
200507010108
200506020312
200509010311
200507010112
200506020304
200507010110
200506020311
200507010106
200509010310
200507010104
200506020307
200506020302
200509010302
200509010309
200509010304
200506020310
200509010305
200507010111
200509010312
200506020303
200507010109
200507010107
200507010103
200507010202
200507010206
200509010401
200509010412
200507010212
200509010406
200507010211
200507010201
200506020401
200506020412
200507010204
200507010208
200506020405
200509010403
200509010408
200507010210
200506020402
200506020411
200509010402
200509010411
200506020404
200507010205
200509010410
200507010207
200507010209
200509010404
200509010409
200506020410
200509010407
200509010405
200506020409
200506020408
200507010203
200506020403
200506020407
200506020406
200509010506
200506020511
200509010507
200506020512
200507010309
200506020504
200506020509
200509010512
200509010502
200506020508
200509010510
200507010303
200506020510
200507010310
200506020505
200507010306
200506020507
200509010509
200507010305
200507010312
200507010308
200509010505
200507010311
200506020506
200506020503
200507010304
200509010503
200509010504
200509010511
200509010501
200507010307
200506020501
200506020502
200507010301
200507010302
200509010508
200507010411
200509010603
200509010612
200506020601
200506020607
200507010409
200507010407
200507010402
200509010605
200506020605
200507010406
200506020604
200506020609
200509010607
200509010609
200509010610
200509010602
200506020608
200509010604
200506020606
200507010403
200507010405
200506020602
200509010601
200507010401
200507010408
200506020612
200506020611
200507010412
200509010608
200509010611
200506020610
200509010606
200506020603
200507010404
200507010410
200509010708
200509010706
200506020701
200507010506
200509010701
200509010712
200509010703
200506020711
200507010503
200507010502
200507010507
200507010504
200506020705
200506020710
200507010509
200509010709
200509010710
200507010511
200506020703
200509010704
200506020706
200509010702
200507010512
200507010510
200506020702
200509010711
200506020707
200506020708
200506020704
200509010705
200507010508
200506020712
200506020709
200507010501
200507010505
200509010707
200506020801
200506020805
200507010603
200506020810
200509010803
200509010801
200507010605
200509010812
200509010805
200506020811
200509010804
200507010606
200507010609
200507010611
200509010811
200507010608
200507010602
200506020807
200509010807
200507010607
200506020808
200507010601
200507010612
200506020802
200506020812
200507010604
200509010806
200506020803
200509010808
200509010809
200509010810
200506020804
200506020809
200506020806
200507010610
200509010802
200507010701
200507010704
200509020107
200506030102
200507010708
200506030109
200509020101
200507010706
200509020111
200506030101
200507010705
200506030111
200507010712
200506030103
200509020109
200506030108
200509020105
200506030107
200509020106
200506030105
200506030104
200506030110
200507010709
200507010711
200507010707
200507010710
200509020110
200506030112
200506030106
200509020102
200509020104
200507010702
200509020108
200509020112
200507010703
200509020103
200506030210
200507010808
200507010806
200507010801
200507010810
200507010803
200509020209
200509020201
200506030206
200509020211
200509020206
200507010807
200507010805
200507010804
200507010812
200506030209
200507010811
200506030207
200509020207
200509020208
200509020204
200509020212
200506030202
200506030211
200509020205
200507010809
200509020202
200506030212
200506030201
200509020203
200506030208
200507010802
200509020210
200506030203
200506030204
200506030205
200503010104
200509020304
200509020301
200509020308
200506030305
200509020307
200503010112
200503010106
200503010110
200509020312
200503010108
200509020311
200509020302
200506030301
200509020310
200503010107
200506030306
200509020309
200509020305
200503010105
200506030304
200506030308
200503010102
200506030303
200503010101
200503010103
200506030312
200506030307
200509020303
200506030311
200506030309
200506030302
200503010109
200503010111
200506030310
200509020306
200509020404
200509020410
200503010208
200506030401
200506030403
200509020412
200506030409
200506030412
200506030411
200503010207
200506030408
200503010203
200503010204
200506030406
200509020407
200506030402
200506030405
200509020406
200509020402
200509020409
200503010209
200503010212
200503010210
200503010205
200503010206
200509020411
200506030410
200503010201
200509020408
200503010202
200506030404
200509020403
200509020401
200503010211
200506030407
200509020405
200503010309
200503010307
200503010310
200509020512
200509020507
200509020505
200506030502
200506030512
200503010312
200506030508
200509020504
200506030510
200503010303
200506030503
200506030501
200509020509
200506030504
200503010304
200509020508
200509020510
200509020503
200503010306
200506030509
200503010305
200509020511
200509020502
200506030505
200509020506
200506030511
200503010311
200503010302
200506030507
200503010308
200506030506
200509020501
200503010301
200503010404
200509020610
200503010409
200506030603
200506030608
200506030605
200503010411
200506030606
200506030611
200506030610
200509020603
200503010407
200506030612
200503010408
200509020609
200509020607
200509020612
200503010412
200503010403
200503010405
200509020605
200506030607
200503010410
200506030602
200506030609
200509020606
200506030601
200509020611
200503010402
200509020602
200509020608
200506030604
200503010401
200509020601
200503010406
200509020604
200506030705
200503010509
200509020702
200509020705
200506030702
200503010501
200509020709
200506030707
200506030708
200509020707
200509020703
200506030704
200509020708
200509020706
200503010508
200509020712
200506030711
200509020701
200503010502
200509020710
200509020711
200503010506
200503010507
200503010510
200503010505
200506030706
200506030709
200503010503
200506030701
200503010504
200506030712
200506030710
200509020704
200503010511
200506030703
200503010512
200503010603
200503010602
200506030808
200503010608
200506030809
200506030810
200509020806
200503010612
200509020812
200509020803
200503010606
200509020802
200509020810
200509020805
200503010609
200509020809
200506030811
200506030801
200509020804
200509020808
200503010601
200506030805
200503010610
200509020801
200506030807
200506030803
200506030804
200509020811
200503010605
200506030802
200509020807
200506030806
200506030812
200503010604
200503010611
200503010607
200503010701
200508030105
200505020107
200503010704
200503010706
200508030108
200505020105
200503010702
200503010710
200505020103
200503010709
200508030107
200508030104
200505020110
200505020111
200508030112
200503010708
200505020102
200503010711
200505020112
200505020106
200505020109
200508030102
200508030103
200505020108
200508030106
200503010703
200503010712
200505020101
200503010705
200508030109
200503010707
200508030110
200505020104
200508030111
200508030101
200503010809
200508030212
200505020209
200508030207
200505020205
200505020201
200508030204
200503010805
200505020202
200503010807
200505020210
200505020206
200508030211
200505020211
200503010810
200508030205
200508030202
200508030206
200503010811
200505020203
200505020212
200503010803
200503010806
200508030201
200508030208
200503010812
200508030203
200508030210
200503010801
200505020204
200503010808
200505020207
200503010802
200505020208
200508030209
200503010804
200504010107
200508030303
200504010105
200504010106
200508030312
200504010108
200505020311
200508030305
200508030302
200504010101
200504010103
200504010104
200505020304
200505020309
200505020312
200505020305
200505020308
200508030310
200508030311
200508030301
200505020301
200508030307
200505020303
200504010102
200508030304
200504010109
200505020307
200504010112
200505020306
200504010111
200505020310
200504010110
200508030306
200508030308
200508030309
200505020302
200505020411
200505020408
200504010202
200508030405
200504010201
200508030407
200508030404
200505020405
200505020412
200505020404
200504010205
200505020402
200508030411
200505020403
200508030401
200508030402
200504010212
200504010204
200508030412
200508030410
200504010203
200508030409
200508030408
200508030406
200505020410
200504010211
200505020409
200504010208
200504010207
200505020401
200505020406
200504010209
200505020407
200508030403
200504010206
200504010210
200504010306
200505020507
200508030509
200508030507
200505020501
200504010302
200504010307
200508030508
200508030511
200504010303
200508030501
200504010312
200508030510
200505020510
200508030512
200505020502
200505020506
200505020504
200505020509
200505020503
200504010311
200508030502
200504010309
200508030505
200504010304
200508030503
200504010308
200504010305
200505020511
200505020505
200508030506
200504010301
200504010310
200505020508
200505020512
200508030504
200504010408
200508030608
200504010412
200508030607
200505020612
200508030606
200505020611
200508030605
200504010403
200504010405
200504010410
200508030612
200505020610
200508030609
200505020608
200505020606
200505020603
200505020605
200504010411
200508030601
200508030611
200508030610
200504010402
200504010407
200505020601
200505020609
200504010409
200504010404
200504010406
200504010401
200505020604
200508030603
200505020607
200505020602
200508030604
200508030602
200504010505
200504010510
200505020703
200505020707
200508030703
200504010502
200508030709
200505020709
200508030710
200508030706
200505020704
200505020711
200504010506
200505020708
200508030711
200508030702
200505020710
200505020702
200504010504
200508030707
200504010503
200508030701
200505020712
200504010507
200504010511
200504010508
200505020706
200504010509
200504010512
200505020701
200505020705
200508030705
200508030708
200508030712
200508030704
200504010501
200504010604
200505020805
200504010612
200508030801
200508030812
200508030804
200504010605
200505020811
200505020804
200504010610
200505020802
200504010607
200504010601
200504010611
200508030807
200504010602
200508030802
200505020801
200504010608
200505020812
200505020808
200508030811
200508030806
200505020807
200505020806
200505020810
200508030803
200505020809
200505020803
200508030808
200504010603
200504010606
200508030805
200504010609
200508030810
200508030809
200507020104
200505030111
200507020108
200504010711
200504010702
200504010705
200505030101
200504010703
200504010704
200507020107
200505030112
200504010707
200507020101
200507020110
200505030105
200504010701
200505030102
200507020105
200507020111
200507020112
200504010706
200504010708
200505030109
200505030104
200504010710
200505030103
200504010712
200507020102
200507020103
200505030106
200505030107
200505030108
200505030110
200507020106
200504010709
200507020109
200504010811
200505030209
200507020206
200504010806
200505030208
200505030203
200504010803
200507020204
200505030204
200507020202
200505030212
200504010807
200505030210
200504010805
200507020212
200504010804
200507020210
200504010801
200504010812
200507020201
200507020205
200505030206
200504010810
200505030211
200505030205
200507020211
200505030207
200505030202
200507020208
200504010809
200507020203
200507020207
200504010802
200507020209
200505030201
200504010808
200505030311
200505030303
200507020312
200505030309
200507020308
200505030304
200507020306
200507020310
200507020302
200505030312
200507020307
200505030302
200507020304
200505030307
200505030306
200507020303
200505030308
200505030310
200507020311
200505030301
200507020305
200507020301
200505030305
200507020309
200507020411
200505030402
200505030403
200507020401
200507020407
200505030408
200507020403
200507020405
200507020402
200507020412
200507020408
200505030406
200505030410
200507020410
200507020406
200505030404
200505030401
200505030411
200505030407
200505030405
200507020409
200505030409
200507020404
200505030511
200505030509
200507020509
200507020507
200505030506
200507020501
200507020506
200507020503
200507020512
200505030505
200507020508
200505030502
200505030504
200505030501
200505030510
200507020510
200505030507
200505030503
200507020504
200505030512
200507020505
200505030508
200507020511
200507020502
200505030612
200507020602
200507020609
200507020604
200507020610
200505030611
200505030604
200507020605
200505030607
200505030605
200507020603
200507020612
200507020607
200507020608
200505030609
200505030603
200507020601
200505030606
200505030601
200505030608
200505030610
200507020606
200507020611
200505030602
200507020705
200507020710
200507020711
200505030707
200505030710
200507020704
200507020708
200507020702
200507020706
200505030701
200507020707
200505030705
200505030709
200505030711
200507020703
200505030712
200507020712
200505030704
200505030708
200507020701
200505030703
200505030706
200507020709
200505030702
200505030801
200507020810
200505030808
200507020809
200505030807
200505030802
200505030805
200507020811
200507020803
200505030804
200505030810
200507020808
200505030809
200507020806
200505030803
200505030812
200507020812
200507020801
200507020807
200505030811
200505030806
200507020805
200507020804
200507020802
200503020111
200509030107
200503020107
200503020105
200502010108
200502010102
200502010104
200509030106
200503020106
200503020109
200509030104
200509030111
200502010107
200509030102
200509030101
200509030109
200509030108
200509030103
200503020104
200503020108
200502010105
200509030105
200502010109
200502010103
200502010111
200502010106
200509030112
200503020112
200503020102
200502010101
200503020110
200509030110
200502010112
200503020103
200502010110
200503020101
200509030212
200502010203
200503020209
200509030207
200502010204
200503020210
200509030211
200502010206
200509030208
200509030204
200502010209
200502010207
200509030202
200503020201
200502010202
200502010208
200502010210
200509030201
200509030209
200503020211
200509030210
200509030206
200509030205
200502010201
200503020204
200503020206
200502010211
200503020202
200503020203
200503020212
200509030203
200502010212
200503020205
200503020208
200502010205
200503020207
200509030305
200503020301
200502010311
200503020312
200509030304
200509030303
200509030309
200502010307
200502010309
200503020302
200502010305
200509030306
200503020306
200503020304
200509030312
200503020310
200502010306
200502010303
200502010301
200502010308
200503020305
200503020308
200502010304
200509030308
200509030302
200503020309
200503020303
200502010302
200509030311
200502010312
200503020307
200509030301
200509030310
200503020311
200509030307
200502010310
200502010409
200509030408
200502010404
200509030409
200502010411
200502010403
200502010405
200509030402
200509030412
200502010412
200509030404
200503020412
200503020402
200503020409
200503020403
200509030410
200509030403
200503020406
200503020410
200503020404
200503020408
200509030405
200502010406
200502010402
200502010410
200502010407
200509030406
200503020407
200509030411
200503020405
200509030407
200509030401
200502010401
200503020401
200503020411
200502010408
200509030505
200509030512
200502010511
200502010510
200503020507
200503020511
200503020506
200503020509
200502010509
200503020512
200509030510
200502010505
200509030502
200502010502
200502010507
200503020503
200503020504
200509030508
200509030507
200502010504
200502010508
200502010512
200503020510
200503020501
200502010501
200509030503
200502010503
200509030506
200503020508
200503020502
200509030511
200503020505
200509030509
200509030501
200502010506
200509030504
200503020609
200503020604
200502010601
200503020603
200503020608
200503020601
200509030610
200502010607
200503020602
200509030611
200503020606
200502010604
200509030608
200502010611
200502010612
200502010606
200503020610
200509030604
200502010603
200503020611
200502010608
200502010609
200503020605
200502010610
200509030612
200509030607
200509030606
200509030602
200509030601
200509030603
200502010605
200509030605
200503020607
200503020612
200502010602
200509030609
200502010703
200509030712
200503020706
200502010707
200502010708
200503020703
200502010706
200503020704
200502010702
200509030702
200503020705
200509030701
200502010701
200503020702
200509030710
200509030705
200509030706
200509030707
200509030704
200509030708
200503020707
200503020701
200502010709
200503020712
200509030703
200509030709
200509030711
200503020709
200502010704
200502010711
200503020711
200503020710
200502010710
200503020708
200502010705
200502010712
200509030804
200503020803
200503020806
200502010812
200502010807
200509030810
200502010802
200503020809
200503020810
200503020811
200502010811
200502010809
200509030806
200502010808
200509030805
200503020801
200503020812
200509030811
200509030807
200509030808
200509030809
200503020808
200502010806
200509030812
200502010804
200503020805
200502010803
200502010810
200509030801
200509030802
200503020804
200503020802
200502010801
200502010805
200509030803
200503020807
200504020112
200504020104
200502020103
200510020102
200510020106
200504020107
200502020106
200510020111
200504020105
200502020108
200504020101
200504020103
200504020111
200504020110
200510020107
200502020112
200504020109
200510020110
200510020103
200502020110
200502020107
200510020104
200510020108
200502020109
200510020105
200504020106
200502020104
200502020111
200510020112
200504020108
200510020109
200502020102
200504020102
200502020101
200510020101
200502020105
200504020201
200504020203
200510020209
200504020212
200502020210
200510020201
200502020206
200502020212
200510020212
200504020205
200504020206
200502020207
200502020203
200502020211
200502020209
200504020207
200510020202
200502020201
200504020202
200504020208
200504020211
200510020204
200510020206
200510020211
200510020203
200504020209
200502020202
200510020205
200510020208
200510020210
200502020205
200502020208
200502020204
200504020210
200510020207
200504020204
200502020305
200502020309
200504020303
200504020307
200510020302
200510020303
200510020301
200504020310
200510020305
200504020304
200510020309
200502020303
200504020311
200502020306
200510020306
200502020310
200504020305
200502020308
200504020312
200510020308
200502020307
200502020304
200510020304
200504020301
200510020312
200504020308
200504020306
200502020302
200510020310
200502020312
200502020301
200510020307
200502020311
200504020302
200504020309
200510020311
200502020407
200510020410
200502020401
200502020405
200502020410
200510020404
200502020402
200504020406
200502020411
200510020408
200510020405
200504020408
200504020401
200510020409
200504020403
200510020403
200510020412
200502020412
200504020412
200504020405
200510020402
200510020407
200502020406
200504020404
200504020402
200510020406
200504020409
200504020410
200502020404
200502020409
200504020411
200502020408
200510020401
200504020407
200510020411
200502020403
200510020501
200504020503
200510020507
200510020510
200510020508
200502020507
200510020503
200510020504
200510020505
200504020505
200504020504
200502020504
200502020505
200502020509
200502020501
200502020510
200504020512
200510020512
200510020506
200502020506
200502020502
200504020510
200504020506
200510020502
200502020511
200504020502
200504020501
200502020508
200504020511
200502020512
200504020507
200504020508
200504020509
200510020509
200510020511
200502020503
200510020604
200502020612
200510020610
200502020607
200502020602
200502020608
200510020608
200504020609
200502020605
200510020603
200502020611
200510020607
200502020610
200504020607
200504020612
200510020606
200502020604
200504020605
200510020602
200504020611
200510020605
200504020603
200502020601
200504020608
200504020602
200510020601
200502020606
200510020611
200510020612
200502020609
200504020601
200510020609
200504020606
200504020604
200504020610
200502020603
200510020705
200504020708
200510020707
200510020712
200504020701
200502020701
200510020703
200504020704
200510020711
200510020706
200510020702
200504020707
200504020712
200502020709
200502020708
200510020710
200510020701
200510020704
200510020709
200504020706
200504020711
200502020710
200502020706
200502020707
200502020704
200504020705
200502020705
200502020711
200502020712
200510020708
200502020702
200504020702
200502020703
200504020710
200504020709
200504020703
200510020810
200510020812
200510020808
200510020801
200510020802
200504020804
200502020812
200502020809
200504020807
200502020810
200504020809
200510020805
200502020804
200502020805
200510020807
200510020809
200502020802
200502020801
200504020812
200504020803
200504020811
200504020805
200510020811
200504020801
200502020806
200502020811
200502020807
200502020808
200510020804
200504020802
200504020808
200504020810
200510020803
200502020803
200504020806
200510020806
200504030101
200504030102
200504030105
200504030110
200510030101
200501010108
200510030105
200510030108
200501010101
200501010106
200501010102
200501010107
200501010110
200504030103
200504030108
200510030102
200501010104
200501010111
200504030109
200504030104
200504030106
200510030111
200501010109
200501010105
200510030110
200501010112
200504030111
200510030103
200510030107
200510030112
200510030109
200504030107
200504030112
200510030106
200510030104
200501010103
200504030209
200504030212
200504030202
200504030203
200504030205
200501010206
200504030201
200504030207
200510030201
200501010210
200510030207
200501010208
200504030204
200510030204
200510030203
200501010205
200510030202
200510030205
200510030212
200510030211
200501010207
200501010211
200504030208
200510030206
200501010202
200501010209
200504030211
200501010204
200510030208
200510030209
200504030210
200510030210
200501010212
200501010201
200501010203
200504030206
200504030303
200510030312
200504030302
200510030311
200501010308
200510030305
200510030307
200501010302
200501010305
200504030306
200504030310
200504030311
200504030309
200510030306
200504030304
200510030310
200501010303
200501010304
200501010310
200501010309
200501010311
200510030303
200504030308
200504030301
200510030308
200504030312
200510030301
200504030307
200510030302
200501010306
200504030305
200501010301
200501010307
200510030304
200501010312
200510030309
200501010408
200501010411
200504030412
200504030403
200510030402
200510030403
200501010409
200501010404
200501010405
200504030401
200510030401
200510030408
200504030408
200501010410
200510030405
200501010403
200504030407
200501010401
200504030405
200501010412
200504030406
200504030410
200504030411
200510030411
200504030402
200510030410
200510030406
200510030409
200501010406
200510030412
200501010407
200510030404
200501010402
200504030404
200504030409
200510030407
200504030505
200510030503
200504030512
200510030507
200501010510
200510030501
200504030510
200510030502
200501010506
200504030503
200510030510
200510030511
200501010504
200510030508
200504030508
200501010509
200504030511
200510030505
200504030502
200504030506
200510030512
200510030504
200510030506
200501010502
200504030504
200504030507
200504030509
200510030509
200501010503
200501010511
200501010508
200504030501
200501010507
200501010505
200501010512
200501010501
200501010601
200501010604
200501010605
200501010609
200510030606
200501010606
200501010607
200504030602
200510030611
200504030604
200510030610
200501010602
200510030612
200510030609
200504030606
200501010603
200510030602
200501010610
200501010608
200501010611
200510030607
200504030603
200501010612
200510030601
200504030611
200504030607
200504030608
200510030603
200504030605
200504030610
200504030612
200504030609
200510030605
200510030608
200504030601
200510030604
200504030708
200501010703
200510030708
200504030706
200510030709
200504030707
200504030711
200510030703
200510030711
200501010701
200510030707
200504030702
200501010705
200501010708
200510030702
200501010707
200504030704
200504030701
200504030712
200501010710
200501010712
200501010709
200510030701
200501010711
200510030712
200510030710
200501010702
200510030704
200504030705
200510030706
200501010704
200501010706
200504030709
200510030705
200504030710
200504030703
200510030806
200501010807
200504030812
200504030804
200510030811
200501010811
200501010803
200504030808
200510030812
200501010802
200504030803
200501010804
200510030808
200504030807
200501010810
200501010812
200510030809
200510030802
200504030801
200504030811
200501010805
200510030810
200510030801
200510030803
200501010806
200504030806
200504030809
200501010808
200510030807
200501010801
200510030804
200504030805
200504030802
200510030805
200504030810
200501010809
200501020101
200506040105
200509040112
200506040103
200501020105
200501020104
200509040105
200506040108
200509040104
200506040106
200501020107
200506040110
200506040109
200506040112
200501020102
200509040111
200506040107
200506040111
200509040109
200509040106
200506040102
200509040102
200501020106
200501020109
200506040101
200501020103
200509040101
200509040108
200509040103
200509040107
200501020112
200501020111
200501020110
200501020108
200506040104
200509040110
200501020201
200509040209
200506040208
200509040206
200509040207
200506040211
200506040201
200501020205
200501020206
200509040205
200501020202
200506040210
200506040204
200506040205
200509040212
200501020207
200509040211
200506040202
200509040204
200501020209
200506040209
200501020203
200509040210
200506040207
200506040203
200509040202
200509040203
200501020208
200501020210
200501020204
200506040212
200501020211
200509040201
200509040208
200506040206
200501020212
200506040309
200506040301
200506040312
200501020303
200506040308
200506040305
200501020304
200506040303
200506040311
200501020305
200501020310
200501020309
200506040302
200506040310
200501020301
200501020308
200501020312
200501020311
200501020306
200506040307
200501020302
200506040306
200501020307
200506040304
200506040407
200506040410
200509040308
200509040312
200506040402
200506040411
200506040408
200506040406
200506040409
200509040309
200509040304
200509040307
200506040401
200509040305
200506040403
200506040405
200509040303
200509040302
200509040306
200506040412
200509040311
200509040301
200506040404
200509040310
200509040409
200509040402
200501020410
200501020408
200509040401
200509040410
200501020402
200509040404
200501020407
200501020404
200509040406
200501020401
200501020412
200509040405
200509040403
200501020405
200501020406
200501020403
200509040407
200509040408
200501020411
200509040411
200509040412
200501020409
200501020512
200506040512
200501020503
200506040510
200506040501
200501020504
200509040511
200506040503
200509040503
200509040504
200509040506
200509040509
200501020511
200501020501
200501020508
200501020507
200506040505
200506040511
200509040505
200506040506
200509040510
200509040502
200509040512
200501020509
200501020502
200506040504
200506040507
200501020510
200501020506
200509040508
200506040509
200509040501
200509040507
200506040508
200506040502
200501020505
200509040608
200509040605
200509040610
200501020605
200506040606
200501020606
200506040611
200506040601
200506040607
200506040603
200509040606
200509040611
200506040604
200509040602
200509040607
200501020603
200501020601
200509040603
200509040609
200501020610
200509040601
200501020604
200509040604
200501020612
200506040602
200501020609
200506040612
200501020611
200506040609
200509040612
200501020602
200506040605
200501020607
200506040608
200501020608
200506040610
200501020707
200501020711
200506040712
200506040709
200506040708
200506040702
200509040711
200501020712
200501020706
200509040709
200509040703
200509040706
200506040705
200506040706
200501020709
200509040701
200506040707
200501020708
200501020710
200501020705
200501020702
200506040704
200509040710
200501020704
200509040712
200506040701
200506040710
200509040705
200509040702
200509040704
200509040708
200509040707
200506040711
200501020701
200501020703
200506040703
200509040809
200501020811
200509040803
200501020803
200509040807
200509040808
200506040801
200506040807
200506040804
200501020804
200501020802
200509040805
200506040806
200501020808
200501020809
200506040809
200506040803
200501020806
200506040802
200501020812
200506040811
200509040810
200506040805
200509040801
200501020807
200506040810
200509040811
200501020810
200509040812
200506040812
200501020805
200509040802
200509040806
200506040808
200509040804
200501020801
200508040106
200505040101
200508040111
200505040110
200508040105
200505040112
200505040103
200508040112
200508040110
200508040108
200508040109
200508040101
200505040105
200505040107
200505040102
200505040108
200508040104
200505040104
200508040107
200505040111
200505040109
200505040106
200508040103
200508040102
200505040206
200505040210
200505040203
200508040205
200508040212
200505040205
200508040201
200505040209
200505040207
200508040211
200505040211
200508040202
200505040212
200505040201
200508040209
200505040204
200508040208
200508040203
200508040204
200508040206
200505040208
200508040210
200505040202
200508040207
200505040308
200508040306
200508040302
200508040307
200505040307
200508040310
200505040309
200508040308
200505040304
200508040311
200505040310
200508040309
200505040301
200505040303
200505040311
200505040306
200505040305
200508040303
200508040312
200508040301
200508040305
200505040302
200508040304
200505040312
200505040410
200505040401
200505040405
200508040402
200508040403
200505040402
200508040408
200505040403
200508040404
200505040412
200508040410
200508040401
200508040412
200508040405
200505040411
200508040409
200505040407
200508040406
200508040407
200508040411
200505040408
200505040404
200505040409
200505040406
200503030109
200508040502
200503030111
200503030101
200505040508
200505040507
200505040510
200505040505
200503030102
200503030107
200505040501
200505040506
200503030110
200508040503
200503030105
200505040504
200503030103
200508040511
200508040501
200503030104
200505040503
200508040504
200508040508
200503030106
200503030112
200505040512
200503030108
200508040505
200508040506
200508040507
200505040502
200508040510
200508040512
200508040509
200505040509
200505040511
200505040611
200503030210
200503030211
200503030204
200505040603
200505040610
200508040610
200505040607
200503030201
200503030205
200508040612
200508040608
200505040612
200508040609
200508040607
200508040611
200505040601
200503030208
200503030212
200508040603
200505040605
200505040602
200505040609
200508040606
200508040604
200503030207
200505040608
200503030209
200505040606
200503030202
200508040601
200503030206
200508040602
200505040604
200508040605
200503030203
200505040705
200503030311
200503030305
200503030303
200508040705
200508040711
200503030309
200505040702
200505040703
200508040702
200508040709
200508040710
200508040701
200505040708
200505040707
200503030306
200503030304
200508040708
200505040711
200503030307
200503030301
200508040706
200505040706
200505040710
200503030308
200508040712
200505040712
200503030302
200508040703
200505040709
200508040707
200505040701
200508040704
200503030310
200505040704
200503030312
200508040809
200505040811
200505040810
200503030410
200505040805
200505040808
200503030401
200508040805
200503030407
200503030406
200505040803
200505040807
200503030404
200508040802
200508040812
200503030411
200505040806
200503030412
200503030402
200508040810
200503030408
200503030405
200508040803
200505040804
200505040801
200508040811
200505040809
200508040806
200508040808
200505040802
200508040807
200508040804
200508040801
200503030409
200503030403
200503030501
200503030505
200508050106
200505050109
200505050110
200508050109
200508050101
200505050106
200505050105
200508050110
200505050102
200503030509
200505050107
200508050111
200505050112
200505050104
200503030503
200505050111
200503030508
200508050104
200508050102
200508050105
200508050112
200503030511
200503030506
200508050108
200503030507
200503030510
200503030512
200505050103
200508050107
200503030502
200505050101
200505050108
200508050103
200503030504
200508050212
200505050210
200503030612
200503030611
200508050210
200505050206
200508050201
200505050201
200503030607
200508050207
200508050204
200503030603
200505050211
200505050205
200503030608
200505050212
200503030605
200508050206
200505050203
200508050203
200505050204
200505050209
200508050211
200503030610
200508050209
200505050202
200503030604
200503030601
200503030609
200505050208
200508050205
200505050207
200508050208
200508050202
200503030602
200503030606
200503030709
200503030701
200508050308
200505050302
200503030704
200505050304
200508050310
200508050301
200505050311
200505050312
200503030703
200508050306
200503030702
200508050312
200505050309
200505050310
200508050309
200503030707
200503030706
200508050302
200503030711
200503030710
200503030712
200508050303
200505050307
200508050304
200503030708
200505050305
200508050311
200505050303
200503030705
200508050307
200505050308
200508050305
200505050301
200505050306
200503030804
200503030812
200508050410
200508050411
200505050404
200503030809
200508050402
200505050407
200503030806
200505050401
200505050403
200503030802
200508050409
200503030810
200508050408
200505050405
200503030801
200508050405
200508050412
200505050402
200505050408
200505050411
200505050409
200508050404
200508050406
200503030807
200503030808
200508050403
200503030803
200505050406
200503030805
200508050407
200505050412
200503030811
200508050401
200505050410
200505050504
200505050507
200505050511
200508050504
200508050502
200505050510
200505050501
200505050509
200508050505
200508050503
200508050506
200508050509
200505050508
200505050502
200508050507
200505050505
200505050503
200508050512
200508050511
200508050510
200508050501
200505050512
200505050506
200508050508
200505050610
200508050604
200505050601
200508050605
200505050603
200505050604
200508050612
200505050607
200505050608
200508050601
200505050612
200508050606
200508050609
200505050611
200508050608
200508050603
200505050609
200508050611
200505050605
200508050610
200508050602
200508050607
200505050602
200505050606
200505050706
200508050711
200508050709
200508050712
200505050705
200505050701
200505050702
200508050706
200505050707
200508050703
200508050705
200508050707
200505050712
200508050708
200508050704
200508050710
200508050701
200505050703
200505050711
200505050704
200505050708
200505050709
200508050702
200505050710
200505050808
200508050807
200505050809
200505050806
200508050804
200505050801
200508050808
200508050803
200508050801
200505050807
200505050804
200505050811
200505050802
200508050811
200508050809
200505050810
200508050810
200508050805
200508050812
200505050805
200505050803
200508050802
200508050806
200509050105
200507030102
200507030104
200509050108
200507030110
200509050107
200506050104
200509050104
200507030106
200506050112
200506050109
200509050106
200506050110
200507030107
200507030103
200506050111
200506050101
200507030111
200509050109
200509050103
200506050105
200509050111
200506050106
200507030105
200509050102
200509050101
200506050103
200507030108
200507030112
200506050107
200506050102
200509050110
200509050112
200506050108
200507030101
200507030109
200509050208
200507030204
200506050209
200507030208
200506050202
200507030207
200507030206
200507030210
200506050211
200507030209
200507030211
200509050209
200506050212
200507030203
200509050201
200509050203
200506050208
200507030205
200509050207
200509050206
200509050211
200509050205
200506050206
200506050201
200509050210
200507030201
200507030212
200506050210
200506050203
200506050204
200506050207
200509050204
200509050202
200506050205
200507030202
200509050212
200506050309
200506050308
200509050302
200509050308
200506050304
200506050307
200509050306
200506050312
200507030307
200509050305
200507030305
200507030301
200507030311
200507030304
200506050303
200506050302
200507030310
200507030309
200509050307
200509050312
200506050305
200509050310
200509050303
200506050310
200509050309
200507030302
200507030306
200509050304
200506050311
200506050306
200507030303
200509050301
200506050301
200509050311
200507030312
200507030308
200507030406
200506050412
200507030409
200506050404
200507030404
200506050401
200506050402
200509050405
200506050410
200506050406
200506050411
200506050405
200506050409
200509050403
200507030403
200509050406
200507030405
200506050408
200507030411
200509050401
200507030401
200509050409
200506050403
200507030410
200509050408
200509050402
200506050407
200509050412
200509050407
200507030407
200509050411
200507030408
200507030402
200509050404
200507030412
200509050410
200507030511
200507030508
200506050503
200506050504
200507030501
200506050505
200509050501
200507030504
200509050504
200507030503
200507030509
200509050503
200509050511
200507030502
200506050508
200509050508
200506050501
200506050509
200507030507
200509050509
200509050510
200506050512
200507030505
200509050507
200507030512
200509050505
200509050512
200509050502
200506050502
200506050506
200506050507
200506050510
200506050511
200507030510
200509050506
200507030506
200506050607
200509050602
200509050604
200509050606
200506050606
200506050601
200509050609
200507030601
200509050611
200507030605
200507030606
200509050610
200509050601
200509050605
200509050608
200507030602
200507030607
200509050612
200506050608
200506050611
200507030603
200506050610
200507030608
200509050603
200506050605
200506050603
200509050607
200506050604
200506050609
200506050612
200506050602
200507030604
200506050701
200506050711
200506050704
200509050701
200506050706
200507030702
200509050702
200507030701
200507030705
200506050702
200507030704
200506050710
200507030712
200507030711
200509050709
200509050712
200509050708
200509050703
200507030710
200509050706
200506050705
200506050708
200506050703
200509050707
200507030706
200509050705
200507030708
200509050704
200506050709
200509050711
200507030703
200507030709
200506050707
200507030707
200506050712
200509050710
200507030803
200507030804
200509050806
200509050804
200507030812
200506050810
200507030807
200507030809
200509050803
200509050811
200506050802
200509050809
200509050801
200507030811
200509050812
200507030805
200506050805
200506050804
200506050803
200507030801
200506050809
200509050805
200506050801
200509050810
200506050806
200506050808
200507030806
200507030810
200509050802
200507030802
200509050808
200509050807
200506050807
200507030808
