200606010101
200608010101
200608010112
200606010104
200608010111
200608010110
200606010107
200608010108
200608010106
200608010104
200606010112
200606010109
200608010105
200608010103
200606010106
200606010102
200606010105
200606010108
200608010109
200606010111
200606010103
200606010110
200608010102
200608010107
200606010208
200606010207
200608010211
200608010212
200606010211
200606010204
200608010206
200606010210
200606010203
200608010209
200608010210
200608010201
200606010206
200608010202
200606010202
200606010201
200606010205
200608010208
200608010205
200606010212
200608010207
200608010203
200608010204
200606010209
200608010308
200608010312
200606010307
200608010311
200608010306
200608010305
200606010312
200608010310
200606010304
200608010301
200606010310
200606010305
200606010308
200606010303
200608010302
200606010309
200608010304
200606010311
200608010307
200606010302
200608010303
200608010309
200606010301
200606010306
200606010408
200608010404
200608010410
200606010403
200606010405
200606010407
200608010403
200608010407
200606010401
200606010410
200608010401
200608010402
200608010411
200606010404
200608010408
200606010412
200606010406
200608010412
200608010409
200606010409
200606010411
200608010405
200608010406
200606010402
200606010511
200606010501
200606010509
200608010504
200608010502
200606010504
200608010505
200608010512
200606010505
200608010511
200606010508
200606010506
200606010502
200606010512
200608010510
200606010507
200606010503
200606010510
200608010503
200608010509
200608010501
200608010506
200608010508
200608010507
200606010607
200608010611
200606010612
200606010601
200608010603
200606010602
200608010605
200608010610
200608010608
200608010607
200606010608
200606010610
200606010609
200606010603
200608010606
200608010602
200606010606
200606010611
200606010604
200606010605
200608010612
200608010604
200608010609
200608010601
200608010703
200608010701
200610010107
200610010110
200608010702
200610010104
200608010712
200608010709
200608010706
200610010111
200610010108
200608010710
200610010103
200608010705
200610010109
200610010101
200608010708
200608010711
200610010105
200610010112
200610010102
200608010704
200608010707
200610010106
200610010212
200608010806
200610010206
200610010208
200606010807
200606010802
200606010810
200608010807
200610010209
200608010803
200610010207
200606010803
200606010806
200608010805
200608010811
200610010210
200610010211
200606010812
200608010801
200610010205
200608010802
200606010805
200610010202
200608010809
200610010204
200608010808
200606010801
200606010804
200608010804
200610010201
200608010810
200606010811
200608010812
200610010203
200606010808
200606010809
200606010704
200606010706
200606010711
200606010703
200606010709
200606010712
200606010701
200606010710
200606010707
200606010702
200606010708
200606010705
200605010103
200605010102
200605010104
200605010106
200610010308
200605010105
200605010112
200608020109
200605010101
200608020108
200608020105
200610010310
200605010109
200608020112
200608020101
200610010304
200610010309
200608020104
200605010111
200608020102
200610010307
200608020103
200610010311
200610010303
200610010312
200608020111
200610010305
200610010302
200605010107
200605010110
200608020106
200608020110
200610010306
200608020107
200610010301
200605010108
200608020202
200608020207
200610010403
200610010408
200605010202
200608020206
200610010405
200610010407
200608020203
200610010401
200610010412
200608020204
200605010205
200610010406
200608020208
200608020211
200608020210
200610010402
200605010212
200605010201
200608020209
200605010211
200608020205
200605010209
200610010404
200605010206
200610010409
200605010208
200605010203
200610010411
200605010210
200605010204
200610010410
200608020201
200608020212
200605010207
200610010505
200610010506
200608020308
200608020306
200605010301
200605010312
200610010507
200610010501
200605010304
200608020309
200608020307
200610010503
200608020312
200610010512
200605010306
200610010511
200608020303
200605010309
200608020311
200605010308
200605010311
200610010502
200605010307
200605010305
200605010310
200610010509
200610010504
200610010508
200608020310
200608020305
200605010302
200610010510
200608020301
200608020304
200605010303
200608020302
200608020404
200605010407
200608020411
200605010404
200605010410
200608020403
200610010607
200605010406
200610010606
200605010411
200610010604
200610010612
200610010603
200608020406
200610010601
200605010405
200610010609
200605010403
200605010401
200605010408
200608020405
200605010402
200605010409
200608020412
200610010605
200610010608
200608020407
200608020410
200608020409
200610010611
200608020408
200610010610
200608020402
200605010412
200610010602
200608020401
200608020507
200608020512
200610010702
200605010501
200608020504
200610010706
200605010502
200608020505
200610010705
200610010712
200605010511
200610010701
200605010505
200608020501
200605010506
200610010708
200605010512
200605010510
200605010509
200605010503
200608020510
200610010711
200610010703
200610010710
200608020509
200610010709
200608020506
200605010507
200605010504
200608020508
200610010704
200608020511
200605010508
200608020503
200610010707
200608020502
200608020601
200610010806
200608020605
200610010807
200608020608
200605010608
200610010803
200610010812
200610010804
200608020603
200605010605
200605010606
200605010603
200605010610
200605010612
200610010810
200608020602
200605010609
200605010602
200605010604
200608020607
200608020610
200610010805
200610010808
200605010611
200608020612
200608020606
200608020609
200610010802
200610010801
200605010601
200610010809
200605010607
200610010811
200608020611
200608020604
200605010710
200605010708
200605010709
200608020708
200608020710
200608020704
200605010706
200605010705
200608020712
200605010704
200608020709
200605010707
200605010702
200605010712
200605010701
200608020705
200608020706
200605010703
200608020703
200608020702
200605010711
200608020711
200608020707
200608020701
200605010804
200605010805
200608020810
200608020802
200608020807
200608020806
200605010801
200608020811
200608020809
200605010812
200605010808
200608020804
200608020805
200608020808
200605010809
200608020812
200605010806
200605010811
200605010802
200605010807
200608020801
200605010810
200605010803
200608020803
200609010109
200609010112
200606020105
200606020107
200609010104
200609010107
200606020104
200609010108
200606020108
200609010102
200606020102
200609010105
200609010106
200606020103
200609010103
200606020106
200606020111
200609010101
200609010110
200606020112
200609010111
200606020101
200606020109
200606020110
200606020203
200606020212
200606020201
200606020209
200606020205
200606020210
200609010209
200606020202
200609010208
200609010206
200606020208
200609010205
200609010201
200609010210
200606020207
200609010202
200609010207
200606020211
200609010204
200606020206
200606020204
200609010212
200609010203
200609010211
200609010308
200607010112
200607010110
200609010304
200609010311
200607010105
200609010302
200609010306
200606020303
200607010106
200609010301
200609010310
200606020310
200607010109
200606020306
200606020302
200606020307
200607010108
200607010102
200606020308
200607010103
200607010107
200607010111
200606020304
200609010312
200607010101
200609010305
200606020311
200609010309
200606020305
200606020301
200606020312
200607010104
200606020309
200609010303
200609010307
200606020401
200609010407
200607010206
200609010402
200609010411
200606020409
200609010409
200609010412
200607010208
200609010410
200606020402
200606020405
200607010211
200606020403
200607010201
200609010408
200609010403
200607010210
200609010404
200607010207
200606020412
200607010209
200607010205
200606020410
200609010401
200607010212
200609010406
200607010204
200606020404
200606020406
200607010202
200607010203
200609010405
200606020408
200606020407
200606020411
200606020504
200607010311
200607010302
200609010501
200609010502
200606020508
200609010512
200609010503
200606020501
200609010508
200607010306
200607010305
200607010308
200607010304
200609010511
200607010303
200607010312
200607010309
200607010310
200609010504
200606020512
200606020506
200606020511
200607010301
200609010510
200606020502
200606020503
200609010505
200606020510
200609010507
200606020509
200609010509
200606020507
200606020505
200609010506
200607010307
200609010604
200607010402
200607010410
200607010411
200606020609
200607010407
200607010408
200609010601
200606020604
200609010611
200607010405
200609010606
200606020608
200606020607
200609010609
200609010603
200606020611
200606020601
200607010406
200606020612
200606020603
200609010612
200609010605
200606020606
200606020610
200606020605
200609010608
200607010409
200607010403
200607010404
200609010607
200609010602
200607010401
200606020602
200607010412
200609010610
200609010710
200606020709
200606020706
200607010501
200607010507
200607010511
200607010510
200606020702
200609010701
200607010504
200609010711
200606020710
200609010707
200606020705
200606020701
200607010506
200606020704
200609010706
200607010505
200609010709
200607010502
200607010512
200609010705
200606020708
200606020711
200609010704
200609010708
200606020712
200607010509
200609010703
200606020703
200607010508
200606020707
200607010503
200609010702
200609010712
200606020811
200607010611
200609010805
200606020808
200609010811
200606020805
200609010802
200606020807
200606020806
200606020812
200609010806
200606020804
200607010609
200607010604
200607010608
200607010607
200609010810
200606020803
200607010601
200609010801
200609010803
200609010804
200607010605
200606020809
200606020802
200606020810
200609010808
200606020801
200607010602
200609010812
200607010612
200609010809
200607010606
200607010610
200609010807
200607010603
200607010703
200607010711
200609020105
200606030104
200609020102
200607010701
200606030111
200609020107
200609020106
200609020101
200609020112
200606030108
200609020110
200607010705
200607010710
200606030107
200606030106
200606030103
200607010707
200606030102
200609020111
200607010709
200607010706
200609020103
200609020109
200607010712
200607010704
200606030109
200606030105
200609020104
200607010708
200609020108
200606030110
200606030112
200606030101
200607010702
200607010802
200609020208
200607010809
200607010806
200606030201
200609020212
200607010805
200609020205
200609020209
200607010808
200606030212
200606030207
200609020210
200609020207
200609020201
200606030210
200606030202
200609020203
200607010810
200607010804
200609020204
200607010803
200609020206
200606030209
200607010812
200606030205
200606030203
200606030206
200606030208
200607010807
200606030204
200606030211
200609020202
200607010801
200607010811
200609020211
200609020302
200603010101
200606030307
200609020307
200606030311
200609020301
200603010106
200609020304
200603010103
200606030303
200609020305
200603010102
200606030312
200606030305
200609020309
200603010107
200603010109
200609020308
200606030306
200603010110
200603010108
200609020306
200606030310
200606030302
200606030308
200606030304
200609020311
200609020312
200603010111
200603010112
200603010105
200606030301
200609020303
200609020310
200606030309
200603010104
200609020411
200606030401
200606030404
200609020410
200603010211
200609020402
200606030403
200609020408
200606030412
200603010203
200603010212
200606030408
200603010205
200609020404
200603010201
200603010206
200606030411
200609020407
200603010210
200606030407
200603010209
200609020405
200609020412
200603010202
200603010204
200609020403
200603010207
200606030402
200606030409
200606030410
200606030405
200606030406
200609020409
200603010208
200609020401
200609020406
200606030509
200606030507
200606030512
200609020510
200609020507
200606030502
200609020502
200609020512
200603010312
200606030508
200603010303
200603010309
200603010310
200603010305
200603010308
200603010307
200606030503
200603010304
200606030506
200603010302
200609020509
200609020501
200609020511
200609020508
200603010306
200609020504
200606030505
200606030504
200609020503
200606030511
200606030510
200609020505
200603010301
200606030501
200603010311
200609020506
200603010412
200609020608
200606030610
200606030609
200609020606
200609020609
200603010409
200609020611
200606030605
200603010410
200603010403
200603010406
200609020610
200609020604
200606030603
200603010411
200603010407
200606030608
200606030602
200603010408
200609020605
200603010401
200609020603
200603010402
200606030604
200606030606
200603010404
200606030612
200606030607
200609020601
200609020607
200606030611
200609020602
200603010405
200606030601
200609020612
200609020702
200606030703
200606030705
200609020709
200609020710
200609020707
200606030712
200609020711
200606030709
200606030711
200603010502
200606030701
200606030707
200603010506
200609020708
200609020704
200603010507
200609020712
200606030706
200606030710
200603010510
200609020706
200603010505
200603010504
200609020701
200609020703
200603010503
200603010509
200606030702
200603010501
200606030708
200603010511
200609020705
200603010508
200603010512
200606030704
200606030806
200609020807
200606030801
200609020805
200609020811
200606030810
200609020804
200603010608
200606030807
200606030805
200609020803
200609020802
200603010607
200603010601
200603010602
200609020812
200603010605
200606030803
200609020809
200609020801
200606030808
200609020806
200606030802
200609020808
200609020810
200606030811
200603010609
200603010606
200603010611
200603010612
200603010604
200603010610
200606030812
200606030809
200603010603
200606030804
200608030107
200608030110
200603010704
200605020103
200608030104
200608030102
200605020101
200605020107
200603010709
200608030101
200603010705
200603010708
200608030109
200605020110
200605020102
200608030108
200603010701
200603010712
200603010711
200605020108
200605020109
200608030106
200608030103
200605020111
200603010706
200603010703
200605020106
200608030111
200608030112
200603010707
200603010710
200608030105
200605020112
200603010702
200605020104
200605020105
200608030212
200605020208
200603010812
200603010809
200603010802
200608030208
200605020203
200608030203
200603010805
200608030201
200605020202
200605020205
200603010807
200603010801
200603010806
200603010810
200605020212
200608030204
200608030205
200608030209
200603010804
200608030202
200603010808
200603010811
200608030207
200605020209
200608030210
200605020207
200608030206
200603010803
200605020201
200605020206
200605020204
200605020210
200608030211
200605020211
200604010107
200604010103
200608030302
200608030311
200605020303
200608030309
200604010111
200604010101
200604010105
200608030305
200608030312
200604010102
200605020302
200604010112
200605020308
200605020306
200608030304
200605020307
200605020304
200605020305
200604010109
200604010106
200604010108
200604010110
200605020312
200605020311
200608030306
200608030307
200605020301
200608030301
200608030303
200605020309
200608030308
200605020310
200608030310
200604010104
200604010203
200605020403
200608030405
200604010201
200604010211
200604010209
200604010208
200608030404
200608030401
200608030407
200605020405
200608030406
200608030403
200608030408
200604010202
200605020402
200604010205
200605020409
200605020408
200608030411
200604010206
200605020412
200604010204
200604010212
200605020404
200605020410
200605020401
200608030402
200604010207
200605020406
200608030410
200608030409
200608030412
200605020407
200604010210
200605020411
200604010304
200608030507
200608030504
200604010305
200604010307
200605020512
200605020505
200608030510
200608030509
200604010311
200605020508
200608030502
200605020504
200608030503
200608030512
200608030508
200605020510
200604010308
200604010310
200604010302
200605020506
200605020503
200608030501
200608030511
200608030505
200608030506
200605020509
200604010309
200605020507
200604010306
200604010312
200605020502
200604010303
200605020501
200604010301
200605020511
200608030609
200608030602
200605020604
200605020605
200604010405
200605020606
200604010408
200604010410
200604010402
200604010409
200608030606
200605020602
200605020607
200604010401
200604010406
200608030601
200605020612
200604010411
200605020610
200608030603
200608030611
200605020608
200604010403
200605020609
200608030607
200608030612
200608030605
200605020601
200605020611
200608030608
200604010412
200604010407
200608030604
200608030610
200604010404
200605020603
200604010511
200604010508
200605020706
200604010510
200604010505
200605020701
200608030701
200608030710
200608030712
200608030708
200605020707
200608030706
200608030702
200605020712
200604010503
200604010501
200604010512
200605020709
200608030707
200608030709
200605020702
200608030703
200608030705
200604010502
200605020708
200605020703
200605020704
200604010506
200604010504
200604010507
200604010509
200605020710
200608030704
200608030711
200605020711
200605020705
200605020803
200608030806
200608030810
200608030801
200608030803
200608030804
200608030807
200604010602
200605020808
200608030802
200605020807
200605020805
200604010609
200604010610
200605020812
200608030811
200604010612
200608030808
200604010611
200608030809
200608030812
200605020801
200608030805
200604010608
200605020809
200605020802
200604010607
200604010601
200604010605
200605020806
200604010604
200605020810
200604010603
200605020804
200605020811
200604010606
200604010707
200604010701
200605030110
200605030105
200604010702
200605030111
200607020108
200607020106
200604010705
200605030108
200605030112
200605030102
200607020111
200605030107
200607020112
200607020104
200607020102
200604010709
200605030104
200607020101
200604010712
200607020107
200605030106
200605030103
200607020103
200607020109
200604010708
200605030101
200604010706
200605030109
200607020110
200604010704
200604010711
200607020105
200604010710
200604010703
200605030201
200604010804
200607020212
200604010812
200604010811
200605030209
200607020211
200605030211
200604010801
200605030208
200604010809
200604010810
200607020210
200607020208
200605030205
200605030204
200607020201
200604010803
200607020206
200607020202
200604010805
200605030207
200604010802
200604010806
200604010807
200605030212
200607020209
200605030210
200605030203
200607020204
200607020203
200607020205
200605030206
200604010808
200605030202
200607020207
200607020302
200605030302
200607020304
200607020311
200605030312
200605030308
200607020306
200605030309
200607020312
200605030306
200607020303
200605030301
200605030304
200605030307
200607020301
200605030303
200605030311
200605030305
200607020305
200605030310
200607020308
200607020309
200607020307
200607020310
200605030408
200605030401
200605030403
200605030406
200605030402
200607020407
200607020408
200607020410
200607020405
200607020412
200605030409
200607020401
200607020402
200605030404
200607020411
200607020409
200605030411
200605030412
200605030410
200607020406
200607020403
200607020404
200605030407
200605030405
200605030512
200605030505
200607020502
200607020507
200605030503
200605030509
200605030511
200605030510
200607020512
200605030507
200605030501
200607020511
200607020508
200605030506
200607020503
200605030502
200605030504
200607020509
200607020501
200607020506
200607020504
200607020505
200605030508
200607020510
200607020604
200605030611
200607020607
200607020611
200607020612
200605030603
200605030608
200605030604
200605030601
200605030602
200607020606
200607020608
200607020609
200607020610
200605030606
200607020601
200607020602
200605030609
200605030605
200605030607
200605030612
200607020603
200607020605
200605030610
200607020711
200605030710
200605030701
200605030711
200605030708
200605030706
200607020710
200605030702
200605030712
200607020702
200605030707
200607020712
200605030705
200605030704
200607020707
200607020706
200607020709
200607020704
200605030703
200607020701
200605030709
200607020703
200607020705
200607020708
200605030812
200605030806
200607020808
200607020803
200605030807
200605030809
200605030810
200605030805
200605030808
200607020809
200605030811
200607020807
200605030803
200607020806
200607020801
200605030804
200607020810
200607020804
200605030801
200607020802
200607020812
200607020805
200607020811
200605030802
200602010111
200603020101
200603020111
200603020112
200603020104
200603020103
200602010107
200608040104
200608040108
200608040101
200602010102
200603020108
200602010112
200602010108
200603020106
200602010103
200603020107
200602010109
200608040102
200602010105
200603020102
200608040107
200608040106
200608040112
200608040109
200608040111
200603020110
200602010101
200603020105
200602010104
200603020109
200608040110
200608040103
200602010110
200602010106
200608040105
200608040212
200608040204
200602010205
200608040211
200603020205
200608040206
200608040201
200603020212
200608040208
200603020203
200603020209
200608040210
200603020202
200602010206
200603020208
200602010202
200602010212
200603020204
200603020201
200608040205
200608040202
200602010211
200602010209
200608040209
200602010204
200608040207
200602010210
200608040203
200603020206
200603020211
200602010203
200602010207
200603020207
200603020210
200602010201
200602010208
200608040301
200603020303
200602010312
200602010306
200603020305
200608040309
200603020309
200603020312
200602010303
200603020310
200602010302
200608040312
200603020311
200608040308
200602010301
200602010307
200608040303
200602010310
200608040307
200608040306
200603020301
200602010305
200608040304
200608040302
200602010308
200608040305
200602010311
200603020307
200602010309
200603020304
200603020302
200608040310
200603020306
200608040311
200602010304
200603020308
200603020410
200602010403
200608040408
200602010408
200608040401
200608040409
200603020411
200603020407
200608040403
200608040405
200603020408
200608040404
200603020405
200603020409
200608040411
200602010402
200608040412
200602010404
200603020406
200608040407
200603020412
200603020401
200602010407
200603020402
200608040406
200602010412
200602010409
200602010411
200602010410
200603020403
200602010401
200608040410
200603020404
200602010405
200608040402
200602010406
200603020501
200602010504
200608040511
200603020509
200603020506
200608040505
200608040506
200602010507
200602010509
200603020510
200602010510
200602010502
200602010506
200608040509
200602010512
200608040504
200603020512
200603020507
200603020503
200608040501
200603020502
200603020505
200608040510
200602010511
200608040507
200603020511
200608040512
200602010503
200602010508
200603020504
200608040508
200603020508
200602010501
200608040502
200608040503
200602010505
200603020603
200603020602
200608040604
200608040610
200602010605
200608040603
200608040605
200602010611
200603020609
200602010609
200608040609
200602010603
200603020607
200603020612
200603020601
200608040601
200608040611
200602010612
200602010608
200602010604
200603020610
200603020611
200608040606
200608040602
200608040608
200602010601
200608040612
200602010610
200602010602
200602010606
200602010607
200603020604
200603020606
200603020608
200603020605
200608040607
200602010705
200603020710
200603020712
200602010702
200608040701
200602010708
200602010703
200608040710
200603020709
200608040712
200608040704
200602010709
200603020702
200608040708
200602010711
200608040703
200603020705
200608040711
200603020706
200608040706
200602010710
200602010707
200608040705
200603020703
200608040709
200602010706
200603020707
200602010704
200603020708
200608040702
200602010701
200608040707
200603020701
200602010712
200603020704
200603020711
200608040805
200602010807
200603020801
200608040812
200608040809
200603020810
200602010804
200608040811
200602010808
200602010806
200603020807
200608040803
200603020804
200603020806
200603020812
200608040807
200603020809
200603020811
200608040808
200603020802
200608040801
200608040806
200603020808
200602010809
200603020805
200602010811
200602010802
200603020803
200602010803
200602010812
200602010801
200608040802
200608040804
200602010805
200608040810
200602010810
200602020107
200602020102
200610020104
200602020103
200610020109
200604020102
200602020109
200604020104
200604020103
200602020106
200602020110
200602020105
200604020111
200610020103
200610020112
200604020105
200604020109
200604020108
200610020101
200602020104
200604020112
200610020111
200602020108
200604020110
200602020112
200602020101
200610020107
200610020102
200610020108
200610020105
200610020110
200604020101
200604020106
200604020107
200602020111
200610020106
200602020201
200602020207
200604020201
200604020206
200604020212
200610020204
200602020211
200602020209
200610020207
200610020203
200610020211
200602020212
200602020203
200604020204
200604020210
200602020206
200602020210
200604020205
200604020207
200602020205
200602020208
200610020210
200610020208
200604020208
200604020211
200604020203
200610020205
200610020201
200610020212
200602020202
200610020202
200604020209
200610020209
200610020206
200604020202
200602020204
200604020307
200602020309
200602020301
200610020310
200610020306
200604020305
200602020312
200604020302
200610020311
200610020303
200602020307
200602020303
200604020311
200610020307
200610020308
200602020305
200604020301
200604020304
200610020312
200604020306
200602020308
200604020312
200604020308
200610020304
200610020305
200602020302
200602020311
200604020309
200602020310
200602020306
200610020302
200604020303
200604020310
200610020301
200602020304
200610020309
200604020411
200604020406
200610020412
200604020409
200602020408
200604020412
200602020411
200610020409
200610020411
200602020409
200602020401
200604020410
200602020404
200610020407
200604020401
200602020410
200610020405
200604020402
200602020402
200604020407
200602020405
200610020410
200602020407
200604020405
200610020402
200604020403
200604020404
200610020403
200602020403
200610020404
200604020408
200610020406
200610020401
200602020406
200602020412
200610020408
200610020501
200610020512
200604020510
200604020507
200610020509
200602020502
200604020504
200602020508
200602020507
200604020508
200604020509
200610020505
200602020501
200604020506
200602020512
200610020508
200604020511
200610020503
200602020503
200610020510
200610020507
200604020501
200602020505
200604020512
200602020511
200602020510
200610020506
200604020505
200610020504
200610020511
200610020502
200604020502
200602020509
200604020503
200602020504
200602020506
200602020609
200602020606
200604020606
200602020608
200610020611
200602020603
200604020609
200604020611
200610020607
200604020605
200602020612
200604020610
200610020610
200610020606
200602020611
200604020602
200602020610
200604020612
200610020601
200610020602
200604020607
200610020603
200602020601
200610020608
200602020605
200604020604
200610020604
200602020604
200610020609
200610020605
200610020612
200602020607
200604020603
200604020601
200602020602
200604020608
200602020706
200610020705
200602020705
200604020706
200604020709
200602020711
200602020702
200610020701
200604020708
200602020701
200602020709
200604020712
200610020702
200610020709
200602020708
200610020704
200610020708
200604020710
200610020707
200610020712
200602020710
200604020702
200610020706
200604020711
200610020710
200610020703
200602020712
200604020704
200604020703
200602020707
200602020704
200604020705
200604020707
200604020701
200610020711
200602020703
200602020802
200610020805
200604020811
200602020809
200610020806
200610020801
200602020807
200604020805
200602020811
200610020803
200604020807
200610020804
200610020811
200604020809
200602020801
200604020812
200602020806
200610020802
200604020804
200602020810
200602020812
200610020812
200610020810
200604020801
200604020803
200604020808
200610020808
200602020808
200610020807
200610020809
200602020803
200602020804
200604020806
200602020805
200604020810
200604020802
200601010108
200604030103
200610030102
200601010109
200604030101
200610030101
200610030105
200604030110
200601010101
200604030112
200604030107
200610030108
200610030110
200601010105
200610030106
200604030109
200601010112
200604030102
200601010111
200610030112
200610030103
200601010102
200601010103
200604030111
200601010106
200601010104
200610030104
200604030108
200610030109
200601010110
200610030107
200610030111
200604030106
200604030104
200601010107
200604030105
200610030205
200604030208
200604030207
200601010202
200601010209
200610030207
200601010205
200601010207
200610030211
200604030211
200604030204
200604030203
200601010212
200601010208
200610030201
200610030203
200610030210
200601010204
200604030212
200601010206
200601010211
200610030206
200604030205
200610030204
200604030209
200610030212
200601010201
200610030202
200604030202
200610030209
200604030206
200604030210
200601010203
200604030201
200601010210
200610030208
200601010304
200610030310
200604030303
200604030311
200601010309
200610030311
200601010301
200604030301
200604030310
200610030301
200601010306
200604030306
200610030307
200610030312
200604030304
200601010308
200604030307
200610030306
200604030312
200610030304
200610030305
200601010302
200601010312
200604030309
200604030308
200601010303
200610030309
200601010307
200610030302
200610030303
200601010305
200604030302
200601010311
200610030308
200601010310
200604030305
200610030407
200610030411
200610030401
200610030408
200604030407
200601010408
200601010409
200601010411
200604030404
200601010401
200610030405
200610030403
200604030405
200601010407
200604030408
200604030410
200604030409
200601010412
200604030406
200601010404
200601010410
200601010403
200610030409
200610030410
200610030404
200604030403
200604030402
200604030412
200610030406
200601010405
200604030411
200601010406
200610030402
200610030412
200601010402
200604030401
200610030501
200610030507
200601010512
200604030506
200610030509
200601010509
200601010507
200601010503
200601010506
200610030510
200604030504
200604030501
200601010510
200610030504
200601010508
200610030506
200610030512
200604030512
200610030502
200604030510
200601010505
200604030509
200604030507
200610030503
200601010502
200601010511
200604030508
200604030511
200601010501
200604030503
200610030505
200610030511
200604030505
200610030508
200604030502
200601010504
200610030612
200610030604
200604030602
200610030610
200604030611
200610030609
200610030607
200601010606
200604030607
200604030603
200610030602
200610030601
200604030606
200601010602
200604030610
200601010611
200601010609
200604030605
200601010605
200610030606
200601010608
200604030609
200610030605
200601010612
200604030604
200601010603
200610030608
200604030612
200610030611
200610030603
200601010607
200601010604
200601010601
200601010610
200604030608
200604030601
200604030712
200601010705
200604030705
200604030704
200610030708
200601010707
200604030703
200601010710
200601010706
200601010711
200610030712
200610030706
200604030706
200610030704
200610030709
200601010709
200610030707
200604030711
200601010704
200604030707
200604030702
200610030711
200604030701
200604030710
200610030703
200610030701
200601010701
200604030709
200601010712
200610030705
200610030702
200601010703
200601010708
200604030708
200610030710
200601010702
200604030808
200601010805
200610030805
200601010806
200610030804
200610030812
200604030812
200604030811
200601010811
200601010803
200601010802
200601010809
200610030801
200610030809
200604030802
200604030807
200604030806
200610030808
200604030810
200601010801
200610030803
200604030809
200610030810
200610030806
200601010810
200610030807
200604030803
200601010808
200601010807
200604030801
200601010804
200601010812
200604030805
200604030804
200610030811
200610030802
200607030111
200607030104
200607030108
200601020112
200606040104
200601020108
200607030102
200606040101
200606040103
200606040111
200606040106
200601020103
200601020107
200607030110
200601020101
200606040112
200606040105
200607030103
200607030109
200601020105
200606040109
200601020104
200601020102
200607030101
200606040108
200606040110
200601020110
200601020111
200607030112
200601020109
200607030107
200606040107
200607030106
200601020106
200607030105
200606040102
200607030208
200606040203
200601020202
200601020201
200601020206
200601020212
200607030201
200606040211
200601020208
200601020207
200606040204
200607030204
200607030209
200607030210
200606040210
200607030211
200607030202
200607030205
200607030206
200607030207
200606040202
200606040207
200607030203
200601020210
200606040208
200606040201
200601020211
200606040212
200606040209
200607030212
200601020204
200606040205
200601020209
200606040206
200601020205
200601020203
200601020308
200601020311
200601020305
200606040310
200601020309
200606040311
200601020306
200606040303
200606040309
200606040304
200601020310
200606040301
200601020312
200601020303
200606040302
200606040307
200601020301
200606040305
200606040308
200601020307
200601020304
200606040312
200601020302
200606040306
200606040409
200606040411
200606040403
200607030312
200606040406
200607030311
200607030306
200606040405
200607030304
200606040410
200607030309
200606040401
200606040404
200607030308
200606040402
200607030310
200607030303
200607030307
200606040407
200607030305
200607030301
200606040412
200606040408
200607030302
200601020407
200601020406
200601020411
200601020402
200601020404
200601020408
200607030403
200601020410
200601020401
200607030404
200607030409
200607030401
200607030412
200607030408
200607030407
200601020412
200607030406
200607030411
200601020409
200601020405
200607030405
200607030402
200607030410
200601020403
200606040504
200601020505
200606040501
200607030507
200607030512
200606040507
200606040502
200606040503
200607030501
200607030509
200606040506
200606040508
200601020509
200601020504
200601020508
200601020507
200607030505
200607030510
200607030508
200601020503
200607030503
200607030504
200607030502
200601020512
200601020511
200606040512
200601020502
200601020506
200601020501
200607030506
200606040510
200606040505
200606040511
200607030511
200606040509
200601020510
200601020603
200607030604
200601020611
200606040603
200606040604
200606040611
200607030612
200606040610
200601020602
200601020609
200607030607
200606040601
200607030606
200601020610
200607030611
200606040602
200601020608
200607030601
200601020607
200601020601
200607030603
200606040607
200601020606
200606040605
200607030609
200606040606
200607030605
200606040608
200607030610
200606040609
200607030602
200601020605
200606040612
200601020604
200601020612
200607030608
200601020705
200606040708
200601020709
200606040707
200607030701
200606040701
200606040704
200607030703
200607030706
200601020708
200601020711
200607030702
200606040702
200601020710
200607030709
200601020707
200601020706
200601020703
200607030708
200607030712
200607030707
200607030710
200601020704
200606040710
200607030705
200601020701
200607030704
200606040709
200607030711
200601020702
200606040712
200601020712
200606040706
200606040705
200606040711
200606040703
200606040810
200607030812
200601020803
200607030802
200601020810
200607030804
200606040809
200606040803
200607030810
200601020808
200601020811
200607030805
200607030809
200606040808
200601020812
200607030803
200607030807
200601020806
200606040812
200607030808
200606040807
200601020807
200606040806
200606040805
200606040801
200607030806
200606040804
200606040802
200607030801
200601020809
200606040811
200601020805
200601020802
200601020804
200607030811
200601020801
200605040103
200605040102
200608050106
200608050109
200608050108
200605040109
200608050107
200605040110
200605040106
200605040108
200608050103
200605040105
200608050112
200608050102
200608050104
200605040101
200605040111
200608050110
200608050101
200608050111
200605040104
200608050105
200605040112
200605040107
200605040207
200608050205
200605040203
200605040206
200605040208
200605040210
200608050207
200605040201
200605040202
200608050212
200605040204
200608050211
200608050203
200608050209
200608050201
200605040212
200608050208
200608050206
200608050210
200608050204
200608050202
200605040211
200605040205
200605040209
200608050309
200605040301
200605040306
200605040302
200608050311
200605040304
200608050306
200608050305
200608050310
200605040309
200605040308
200605040307
200608050312
200608050301
200605040311
200608050304
200608050302
200605040312
200608050303
200605040305
200608050308
200608050307
200605040303
200605040310
200605040405
200605040403
200605040402
200605040408
200605040404
200608050407
200608050403
200608050405
200605040411
200608050412
200605040401
200608050408
200608050409
200608050411
200608050404
200605040407
200608050401
200608050406
200605040406
200608050410
200605040409
200608050402
200605040410
200605040412
200605040502
200608050512
200603030105
200605040505
200605040510
200605040506
200608050509
200608050501
200603030110
200605040507
200603030104
200603030112
200605040512
200608050503
200608050508
200603030106
200608050510
200603030109
200605040509
200608050511
200608050502
200608050506
200605040504
200603030103
200603030108
200603030111
200605040501
200608050504
200603030107
200605040503
200608050505
200608050507
200603030102
200603030101
200605040508
200605040511
200608050602
200603030207
200603030210
200603030202
200603030212
200608050611
200603030206
200608050604
200605040612
200608050606
200603030211
200605040604
200605040605
200603030201
200603030204
200603030209
200608050605
200608050612
200603030208
200605040610
200605040602
200608050609
200608050601
200603030205
200605040607
200605040609
200605040601
200608050607
200605040603
200605040608
200605040611
200603030203
200608050608
200608050603
200608050610
200605040606
200608050705
200605040703
200603030306
200608050704
200603030310
200608050702
200608050706
200603030311
200608050712
200608050703
200605040709
200603030308
200603030303
200603030307
200605040711
200603030312
200603030305
200605040712
200605040702
200605040707
200605040705
200605040710
200608050707
200608050710
200603030309
200605040708
200603030304
200605040704
200605040706
200605040701
200608050701
200608050708
200608050709
200603030302
200608050711
200603030301
200603030411
200605040806
200603030402
200603030410
200605040805
200605040811
200608050808
200605040807
200603030401
200603030403
200605040803
200603030404
200603030405
200603030406
200605040804
200603030407
200608050802
200608050810
200603030412
200605040801
200603030409
200605040802
200608050803
200608050809
200608050801
200608050812
200608050804
200608050806
200603030408
200605040812
200608050807
200605040808
200605040810
200605040809
200608050811
200608050805
200603030509
200608060106
200608060109
200603030508
200603030503
200608060105
200605050102
200608060110
200603030501
200605050107
200608060108
200603030506
200603030502
200603030507
200603030504
200603030512
200608060112
200603030511
200605050110
200605050112
200605050103
200605050109
200605050106
200608060103
200605050111
200603030510
200608060102
200608060111
200608060107
200605050104
200608060101
200605050101
200605050108
200608060104
200603030505
200605050105
200608060203
200608060209
200603030610
200605050209
200608060212
200605050211
200603030608
200603030602
200608060201
200608060204
200608060210
200608060206
200605050203
200605050204
200603030609
200608060208
200605050206
200608060211
200603030612
200603030607
200603030601
200605050207
200603030606
200605050212
200603030603
200605050210
200608060202
200608060205
200603030611
200605050208
200603030605
200603030604
200608060207
200605050201
200605050205
200605050202
200605050301
200605050304
200603030701
200603030706
200603030707
200603030708
200608060312
200608060310
200605050312
200608060307
200605050308
200608060311
200603030703
200603030705
200605050302
200608060301
200603030710
200605050306
200608060305
200603030702
200603030704
200605050303
200605050305
200603030711
200605050310
200605050311
200608060306
200608060303
200608060309
200608060304
200603030712
200603030709
200605050309
200608060308
200608060302
200605050307
200608060408
200608060409
200605050408
200603030802
200605050407
200605050402
200603030801
200603030804
200603030812
200605050403
200605050405
200603030803
200605050409
200603030806
200605050406
200608060403
200608060410
200605050412
200608060402
200605050410
200608060405
200608060404
200608060407
200608060411
200608060412
200603030808
200605050411
200608060401
200603030810
200603030811
200608060406
200603030809
200605050401
200605050404
200603030807
200603030805
200605050507
200605050501
200605050509
200605050502
200608060512
200608060510
200605050512
200608060502
200605050503
200605050506
200608060506
200605050511
200605050504
200608060508
200605050508
200608060509
200608060504
200608060501
200605050505
200608060507
200608060511
200608060505
200608060503
200605050510
200605050607
200605050603
200605050608
200608060608
200605050612
200605050602
200605050609
200605050610
200605050601
200605050606
200608060607
200608060606
200608060603
200608060604
200608060605
200608060611
200605050605
200605050604
200605050611
200608060609
200608060601
200608060612
200608060610
200608060602
200605050701
200605050703
200605050702
200605050709
200608060707
200608060708
200608060711
200608060702
200605050704
200605050707
200608060706
200608060712
200608060704
200605050710
200608060710
200605050706
200608060705
200608060701
200605050705
200605050712
200605050711
200605050708
200608060703
200608060709
200608060801
200605050805
200608060804
200605050810
200608060806
200605050809
200608060803
200605050801
200605050803
200608060810
200608060802
200605050802
200605050811
200608060811
200605050807
200605050806
200608060812
200608060808
200608060809
200605050808
200608060807
200608060805
200605050804
200607040106
200606050102
200606050109
200607040102
200606050108
200606050103
200606050110
200609030108
200606050101
200607040108
200609030101
200607040105
200606050104
200606050107
200609030106
200609030110
200606050112
200609030104
200606050105
200607040112
200609030112
200609030105
200609030111
200606050111
200607040104
200609030102
200607040103
200607040107
200609030109
200607040101
200609030103
200607040110
200609030107
200607040109
200607040111
200606050106
200606050202
200606050210
200609030206
200609030211
200609030208
200606050205
200609030202
200609030210
200609030204
200609030212
200606050203
200606050212
200607040205
200607040203
200607040202
200607040211
200606050207
200607040201
200607040207
200606050204
200609030203
200607040209
200606050206
200606050211
200606050201
200606050208
200606050209
200607040204
200609030201
200609030205
200607040206
200607040210
200609030207
200607040212
200607040208
200609030209
200607040310
200606050312
200606050306
200609030306
200609030301
200606050309
200606050304
200609030308
200606050307
200607040302
200607040306
200609030304
200609030311
200606050305
200607040307
200607040312
200609030310
200607040303
200607040305
200609030305
200606050303
200607040309
200606050302
200607040301
200607040311
200607040308
200607040304
200609030302
200609030307
200606050308
200606050301
200609030303
200606050311
200609030309
200606050310
200609030312
200609030405
200609030408
200606050409
200609030401
200606050408
200607040402
200607040411
200609030403
200609030404
200606050410
200609030407
200607040412
200609030412
200609030411
200609030406
200609030410
200606050411
200606050404
200607040403
200606050401
200607040409
200606050406
200606050407
200606050402
200607040401
200607040405
200607040404
200606050403
200607040408
200606050405
200607040410
200609030409
200609030402
200607040406
200607040407
200606050412
200606050505
200606050506
200607040502
200606050508
200609030508
200607040505
200607040501
200609030507
200606050502
200609030512
200606050504
200609030504
200606050512
200607040509
200607040512
200609030510
200606050510
200607040510
200609030505
200606050503
200607040507
200606050501
200609030503
200609030511
200609030506
200607040506
200607040504
200609030502
200606050511
200607040503
200609030501
200606050509
200607040511
200606050507
200607040508
200609030509
200609030607
200609030612
200609030609
200606050603
200607040604
200607040602
200609030606
200606050602
200607040612
200609030611
200607040601
200607040603
200607040611
200606050608
200607040606
200607040610
200609030608
200607040609
200606050606
200607040605
200606050601
200607040608
200609030603
200609030610
200606050611
200607040607
200609030605
200609030601
200606050607
200606050612
200606050609
200609030602
200606050604
200606050610
200609030604
200606050605
200607040705
200606050701
200606050702
200609030702
200606050710
200607040703
200607040708
200609030701
200609030707
200609030709
200609030710
200609030711
200606050705
200607040702
200607040701
200609030706
200609030705
200606050707
200609030703
200607040706
200607040704
200606050703
200607040707
200607040712
200606050708
200606050706
200606050712
200606050709
200606050711
200607040709
200606050704
200609030712
200609030708
200607040710
200609030704
200607040711
200607040812
200606050805
200609030803
200607040805
200606050802
200607040807
200607040810
200607040808
200607040809
200609030801
200606050801
200609030802
200609030810
200607040804
200606050807
200607040803
200607040802
200606050809
200609030805
200606050808
200609030807
200607040801
200606050806
200609030804
200606050803
200609030811
200607040806
200609030812
200606050810
200609030806
200606050804
200609030808
200609030809
200607040811
