200706010108
200708010103
200706010103
200706010104
200706010111
200708010101
200706010110
200708010104
200708010105
200706010112
200708010110
200708010107
200708010106
200708010112
200708010109
200706010101
200706010102
200708010111
200708010102
200706010105
200706010107
200706010109
200708010108
200706010106
200708010205
200706010207
200708010204
200706010206
200708010210
200706010210
200708010211
200706010203
200706010202
200708010202
200706010208
200706010209
200708010201
200708010212
200708010206
200706010204
200706010211
200708010209
200708010203
200706010212
200708010207
200706010205
200708010208
200706010201
200706010309
200706010310
200708010305
200706010304
200708010310
200706010306
200706010302
200706010312
200708010308
200708010304
200708010306
200708010303
200706010311
200708010312
200708010302
200706010308
200708010307
200706010305
200708010311
200708010309
200708010301
200706010301
200706010307
200706010303
200708010403
200708010411
200708010401
200708010407
200706010404
200706010402
200706010406
200708010412
200708010409
200706010407
200706010412
200706010405
200706010408
200708010410
200708010404
200708010405
200708010402
200708010408
200706010411
200708010406
200706010410
200706010409
200706010401
200706010403
200708010507
200706010507
200708010508
200706010509
200708010512
200706010511
200708010509
200706010505
200706010510
200708010511
200708010504
200706010508
200706010512
200708010505
200708010506
200708010501
200706010502
200708010503
200706010504
200708010510
200706010501
200706010503
200706010506
200708010502
200706010612
200710010103
200710010107
200710010101
200708010604
200708010611
200708010606
200710010110
200708010603
200706010604
200706010607
200708010608
200708010607
200706010606
200710010111
200708010610
200710010109
200710010112
200706010603
200708010605
200708010612
200706010605
200706010608
200706010601
200710010108
200710010102
200708010601
200706010602
200708010609
200710010106
200706010611
200710010105
200706010609
200706010610
200710010104
200708010602
200708010710
200710010203
200706010702
200706010709
200710010209
200710010204
200706010707
200708010702
200708010712
200710010202
200708010706
200710010206
200710010207
200710010210
200708010703
200708010705
200708010711
200708010708
200710010201
200708010707
200710010208
200706010701
200708010701
200706010705
200706010712
200706010711
200706010708
200706010706
200706010704
200710010212
200708010704
200710010205
200710010211
200706010703
200708010709
200706010710
200710010301
200708020103
200710010310
200710010311
200705010108
200705010101
200705010103
200705010111
200708020101
200710010305
200708020105
200705010105
200708020112
200708020111
200710010308
200710010312
200708020108
200705010112
200708020104
200708020109
200708020110
200710010307
200705010104
200710010303
200708020106
200708020102
200705010106
200705010109
200710010309
200705010107
200708020107
200710010304
200705010110
200710010302
200710010306
200705010102
200705010205
200708020207
200705010201
200705010206
200705010204
200705010203
200710010406
200710010409
200705010208
200710010410
200705010207
200710010403
200708020209
200705010210
200705010202
200708020210
200708020202
200708020201
200710010401
200710010402
200710010404
200710010405
200705010209
200705010211
200708020205
200710010411
200708020204
200708020211
200708020212
200710010412
200708020208
200705010212
200710010407
200708020206
200710010408
200708020203
200710010506
200708020307
200705010308
200705010306
200705010312
200708020304
200710010502
200705010310
200710010507
200708020302
200705010305
200710010512
200710010501
200708020310
200710010504
200705010311
200705010302
200705010304
200708020305
200705010303
200710010508
200708020306
200708020301
200710010509
200705010309
200708020308
200708020303
200710010505
200710010510
200710010511
200705010307
200705010301
200708020311
200708020309
200710010503
200708020312
200710010609
200705010409
200705010405
200705010403
200705010410
200708020406
200708020412
200705010401
200710010601
200705010408
200705010407
200710010605
200710010604
200710010611
200705010412
200705010402
200705010406
200710010608
200710010603
200705010404
200708020410
200710010612
200708020407
200708020404
200708020409
200710010602
200705010411
200710010606
200708020402
200708020401
200708020408
200710010610
200710010607
200708020403
200708020411
200708020405
200708020510
200705010511
200710010711
200705010508
200705010505
200705010512
200710010710
200708020509
200708020504
200708020507
200705010504
200708020502
200705010503
200708020508
200710010702
200710010709
200710010703
200705010510
200710010701
200708020506
200705010507
200705010502
200708020501
200710010706
200708020511
200710010704
200710010707
200710010708
200710010705
200708020512
200705010501
200705010509
200708020503
200710010712
200708020505
200705010506
200710010807
200710010810
200705010610
200708020603
200708020607
200708020608
200708020609
200710010802
200705010604
200708020605
200705010605
200708020602
200710010803
200705010602
200705010607
200710010808
200710010811
200705010603
200708020610
200710010801
200710010804
200705010612
200708020606
200705010609
200710010812
200708020612
200705010601
200705010611
200705010606
200708020601
200708020611
200708020604
200710010805
200710010806
200705010608
200710010809
200705010710
200705010702
200705010706
200708020709
200705010701
200708020706
200705010707
200708020705
200708020708
200708020702
200708020703
200705010708
200705010711
200708020707
200708020712
200708020710
200708020701
200705010709
200705010705
200705010704
200708020704
200708020711
200705010703
200705010712
200708020805
200705010807
200708020802
200708020804
200708020808
200708020810
200708020801
200705010806
200708020809
200705010803
200705010811
200708020803
200708020806
200705010808
200705010809
200705010802
200708020812
200705010812
200705010805
200708020811
200705010804
200705010810
200705010801
200708020807
200706020102
200706020109
200706020104
200709010107
200706020101
200709010102
200706020103
200706020105
200706020111
200709010104
200706020107
200709010109
200706020112
200709010103
200709010110
200709010105
200709010112
200709010101
200709010106
200709010108
200709010111
200706020110
200706020108
200706020106
200709010208
200709010212
200706020211
200706020202
200709010203
200709010209
200706020205
200709010201
200706020206
200706020209
200706020210
200709010204
200706020207
200709010211
200709010207
200709010205
200706020203
200706020208
200709010210
200706020201
200706020212
200709010202
200709010206
200706020204
200706020311
200707010101
200709010303
200706020307
200707010111
200709010308
200709010302
200706020306
200706020312
200707010102
200709010304
200709010301
200707010106
200707010103
200706020309
200709010311
200707010110
200707010108
200707010105
200707010112
200707010107
200709010307
200707010104
200709010312
200709010305
200709010310
200706020305
200706020302
200706020301
200709010306
200707010109
200706020303
200706020308
200706020310
200709010309
200706020304
200709010412
200709010404
200709010407
200707010207
200706020411
200706020405
200706020403
200706020409
200706020406
200706020401
200707010205
200709010408
200706020410
200706020404
200706020402
200707010201
200707010202
200709010405
200706020408
200707010210
200709010409
200707010209
200706020412
200707010212
200707010203
200709010402
200709010403
200707010206
200707010211
200709010406
200709010410
200709010411
200706020407
200707010204
200709010401
200707010208
200706020508
200709010503
200709010511
200706020509
200707010310
200709010506
200706020512
200706020505
200707010308
200706020507
200709010505
200706020510
200707010301
200709010507
200707010306
200707010307
200707010309
200706020502
200709010501
200707010305
200706020501
200707010302
200706020506
200709010512
200707010311
200707010304
200709010502
200707010303
200707010312
200706020511
200709010509
200709010504
200706020504
200706020503
200709010510
200709010508
200709010610
200709010603
200709010604
200706020602
200707010408
200706020604
200706020607
200707010403
200709010609
200709010606
200709010611
200707010412
200706020611
200706020610
200706020606
200709010608
200709010602
200709010607
200707010405
200709010601
200706020608
200709010612
200707010409
200706020609
200707010402
200707010410
200707010407
200707010411
200709010605
200707010404
200706020601
200707010406
200706020612
200707010401
200706020605
200706020603
200707010506
200707010504
200706020704
200707010501
200707010507
200709010705
200707010503
200707010512
200706020703
200709010711
200709010708
200709010709
200706020702
200706020705
200706020712
200709010702
200706020706
200709010706
200709010704
200706020710
200706020707
200709010710
200707010508
200709010701
200709010703
200706020709
200709010712
200706020708
200707010509
200707010502
200709010707
200706020701
200706020711
200707010505
200707010510
200707010511
200709010812
200709010804
200706020812
200706020801
200706020811
200706020803
200706020805
200707010603
200709010810
200706020804
200709010802
200709010806
200709010803
200707010601
200709010805
200707010602
200707010606
200709010809
200709010801
200707010611
200707010612
200706020808
200707010608
200707010610
200709010807
200707010604
200706020809
200707010605
200706020802
200706020810
200707010609
200706020807
200709010808
200706020806
200707010607
200709010811
200709020111
200706030111
200707010710
200707010702
200706030102
200707010709
200709020101
200707010703
200706030108
200707010711
200706030107
200707010704
200709020108
200709020105
200709020103
200706030103
200707010706
200706030104
200706030110
200707010707
200709020112
200706030101
200709020110
200707010701
200709020106
200707010712
200709020107
200707010705
200709020104
200709020109
200706030105
200709020102
200706030106
200706030112
200706030109
200707010708
200706030202
200706030207
200709020210
200707010801
200709020204
200707010803
200707010807
200706030204
200709020212
200709020201
200707010810
200709020207
200706030211
200707010806
200706030212
200707010809
200709020208
200709020211
200707010812
200706030201
200707010811
200709020209
200706030203
200709020205
200706030208
200706030205
200706030210
200707010804
200706030209
200709020203
200709020206
200707010808
200707010802
200706030206
200707010805
200709020202
200703010112
200709020301
200706030312
200709020305
200703010101
200706030309
200703010107
200703010111
200706030308
200703010102
200706030310
200709020306
200709020309
200703010106
200703010109
200706030311
200709020307
200709020312
200709020303
200703010105
200706030304
200703010104
200706030301
200709020304
200706030303
200706030307
200703010103
200703010110
200706030305
200706030302
200703010108
200709020311
200709020310
200706030306
200709020302
200709020308
200706030401
200709020408
200709020411
200706030412
200706030402
200706030411
200709020410
200706030410
200703010201
200706030408
200703010211
200709020412
200703010207
200706030404
200706030407
200709020403
200709020405
200706030406
200709020402
200706030403
200706030405
200703010204
200709020409
200703010203
200703010205
200703010202
200709020404
200703010206
200703010209
200706030409
200703010210
200709020407
200703010208
200709020406
200709020401
200703010212
200709020505
200703010308
200709020509
200703010310
200706030511
200703010311
200706030509
200706030512
200706030503
200709020510
200709020501
200703010309
200703010312
200706030502
200709020502
200706030506
200709020504
200709020506
200703010307
200703010305
200706030505
200706030504
200706030501
200706030508
200709020512
200706030510
200703010302
200709020507
200709020511
200703010301
200706030507
200709020508
200703010304
200709020503
200703010306
200703010303
200709020601
200706030604
200706030606
200709020605
200709020610
200703010403
200703010407
200706030607
200709020602
200706030609
200703010412
200703010411
200703010410
200709020603
200703010401
200709020611
200706030603
200709020604
200706030608
200703010406
200706030612
200709020612
200703010404
200703010409
200706030610
200706030605
200709020609
200709020607
200706030601
200709020608
200706030611
200703010402
200703010408
200703010405
200709020606
200706030602
200709020701
200703010505
200709020704
200709020707
200709020708
200706030704
200703010503
200703010511
200709020710
200703010507
200703010509
200703010510
200706030708
200706030705
200703010504
200706030709
200706030712
200709020711
200703010512
200703010506
200706030706
200703010508
200709020705
200706030703
200706030711
200709020703
200706030710
200706030707
200709020702
200703010501
200703010502
200706030702
200709020712
200709020706
200709020709
200706030701
200706030804
200709020803
200709020801
200709020809
200703010604
200703010603
200703010609
200709020805
200703010602
200709020810
200709020811
200706030811
200703010605
200706030807
200706030810
200703010608
200706030802
200709020806
200706030801
200706030812
200706030808
200703010607
200709020807
200706030803
200709020804
200703010612
200703010610
200706030809
200709020812
200706030806
200709020808
200703010611
200709020802
200703010606
200703010601
200706030805
200703010703
200708030106
200705020102
200703010705
200703010709
200705020105
200705020107
200705020101
200705020106
200708030103
200703010710
200703010701
200708030102
200703010707
200708030111
200708030112
200705020104
200705020109
200708030109
200705020108
200705020111
200703010706
200705020110
200708030104
200705020112
200703010702
200705020103
200708030110
200703010704
200708030107
200703010712
200708030101
200703010711
200703010708
200708030105
200708030108
200705020202
200703010807
200708030201
200703010809
200708030209
200703010801
200705020208
200708030204
200703010812
200705020211
200703010810
200708030212
200708030203
200705020209
200705020210
200705020203
200703010806
200708030211
200705020207
200703010804
200708030210
200708030205
200703010811
200708030207
200705020201
200705020204
200708030202
200708030206
200703010805
200703010803
200705020205
200705020212
200703010802
200708030208
200703010808
200705020206
200704010101
200704010106
200705020311
200704010108
200708030303
200708030308
200705020304
200708030305
200705020302
200708030306
200704010105
200704010109
200705020308
200705020301
200705020312
200705020303
200704010111
200705020306
200708030312
200704010112
200708030304
200708030310
200705020305
200708030302
200708030301
200705020310
200708030309
200704010110
200705020307
200705020309
200708030307
200708030311
200704010104
200704010107
200704010102
200704010103
200708030410
200705020402
200704010202
200708030403
200705020406
200705020410
200705020411
200704010206
200704010209
200705020409
200704010204
200705020408
200708030408
200705020404
200705020412
200708030404
200704010208
200708030409
200704010210
200708030411
200708030402
200708030406
200704010203
200704010211
200704010207
200704010205
200708030401
200705020403
200708030407
200705020405
200705020407
200704010212
200708030412
200704010201
200708030405
200705020401
200704010303
200704010301
200704010306
200705020503
200705020511
200708030508
200705020512
200705020508
200708030512
200704010310
200704010312
200704010305
200704010308
200708030509
200704010307
200708030501
200708030502
200705020510
200708030510
200704010304
200705020507
200705020501
200708030503
200708030505
200708030507
200704010309
200708030511
200705020504
200704010311
200705020502
200705020509
200705020506
200708030506
200704010302
200705020505
200708030504
200708030610
200708030604
200705020609
200708030606
200704010405
200708030608
200705020604
200705020608
200705020612
200708030603
200704010410
200708030602
200708030601
200705020606
200704010406
200705020611
200704010412
200705020605
200704010401
200705020603
200705020601
200704010409
200704010402
200708030611
200708030605
200708030609
200705020602
200704010411
200708030607
200704010408
200704010403
200705020607
200704010404
200708030612
200704010407
200705020610
200704010505
200708030705
200705020708
200708030703
200705020709
200705020701
200705020703
200704010504
200708030702
200708030708
200705020705
200708030706
200708030711
200704010502
200704010501
200708030701
200708030704
200705020702
200708030712
200704010509
200704010507
200704010511
200704010508
200704010503
200704010510
200708030709
200708030707
200705020710
200705020706
200705020711
200704010512
200708030710
200704010506
200705020712
200705020704
200705020707
200708030810
200704010611
200708030811
200704010607
200708030804
200704010610
200705020804
200704010604
200708030809
200708030806
200705020805
200705020802
200704010605
200704010602
200705020809
200705020811
200708030805
200704010606
200708030803
200705020807
200705020810
200704010608
200705020801
200708030812
200705020806
200708030801
200704010603
200708030807
200708030808
200704010609
200704010601
200705020808
200708030802
200705020812
200704010612
200705020803
200705030104
200705030109
200707020111
200704010710
200704010702
200704010709
200707020105
200704010712
200707020110
200704010701
200705030112
200704010706
200705030101
200707020108
200705030108
200704010705
200704010711
200705030111
200705030102
200707020107
200705030107
200707020106
200707020101
200704010707
200705030110
200707020103
200704010708
200707020109
200707020102
200705030105
200707020112
200707020104
200704010704
200704010703
200705030106
200705030103
200704010805
200707020207
200704010802
200704010812
200705030211
200705030207
200707020206
200707020211
200707020209
200707020202
200707020203
200704010803
200704010801
200705030203
200707020201
200704010808
200705030206
200705030210
200704010811
200707020212
200704010804
200707020208
200705030201
200705030205
200705030208
200705030202
200705030204
200705030209
200705030212
200707020210
200707020205
200704010806
200704010807
200707020204
200704010810
200704010809
200707020305
200707020301
200707020304
200705030302
200707020303
200707020306
200705030301
200707020312
200705030308
200705030312
200707020307
200705030309
200705030311
200707020308
200707020309
200707020310
200705030310
200707020311
200705030304
200705030307
200705030305
200705030303
200705030306
200707020302
200707020406
200705030401
200707020405
200705030405
200707020404
200705030411
200707020402
200707020411
200707020403
200707020409
200705030404
200705030407
200707020401
200707020412
200705030403
200705030408
200705030406
200705030402
200705030410
200705030409
200707020410
200705030412
200707020407
200707020408
200705030506
200705030512
200707020505
200705030511
200707020504
200707020501
200707020507
200705030509
200705030507
200707020506
200705030504
200707020510
200705030502
200707020503
200707020509
200705030503
200705030505
200705030501
200707020508
200705030510
200705030508
200707020502
200707020511
200707020512
200707020601
200707020612
200705030607
200705030605
200707020603
200707020607
200705030604
200707020605
200705030612
200707020602
200707020611
200707020608
200705030601
200705030606
200705030608
200705030602
200705030603
200707020609
200705030611
200705030609
200705030610
200707020606
200707020610
200707020604
200705030707
200705030710
200705030711
200705030705
200707020712
200705030704
200707020703
200705030706
200705030702
200705030701
200707020705
200705030712
200707020711
200707020701
200705030703
200707020704
200705030709
200707020707
200707020706
200707020708
200707020702
200705030708
200707020709
200707020710
200705030808
200705030809
200707020805
200707020808
200705030806
200707020806
200707020809
200705030804
200707020807
200707020801
200705030802
200705030805
200705030812
200707020810
200705030801
200705030810
200707020804
200707020811
200705030803
200705030811
200705030807
200707020812
200707020803
200707020802
200702010108
200703020105
200703020104
200709030104
200709030111
200703020108
200702010102
200709030108
200709030107
200703020106
200702010104
200702010101
200709030105
200703020102
200703020101
200702010107
200703020110
200709030101
200703020109
200702010103
200709030112
200709030110
200702010106
200709030106
200703020111
200703020103
200709030109
200703020112
200702010109
200702010105
200709030102
200702010110
200703020107
200702010111
200709030103
200702010112
200709030208
200703020207
200703020201
200703020206
200702010205
200703020210
200703020202
200709030209
200702010207
200703020208
200702010204
200702010212
200703020203
200709030211
200703020204
200709030204
200703020205
200709030202
200709030207
200709030212
200709030206
200702010203
200702010201
200703020212
200702010206
200703020209
200703020211
200709030205
200702010202
200702010209
200709030201
200709030203
200702010211
200709030210
200702010208
200702010210
200703020307
200703020301
200709030311
200709030310
200702010304
200709030301
200703020302
200702010308
200703020306
200709030303
200702010305
200702010303
200702010307
200702010309
200709030305
200702010301
200703020309
200709030309
200709030312
200702010311
200702010312
200703020312
200709030302
200709030304
200709030308
200702010306
200702010302
200703020310
200703020303
200702010310
200703020305
200703020311
200709030307
200703020304
200709030306
200703020308
200703020405
200703020406
200703020404
200703020412
200709030402
200702010401
200702010412
200709030407
200703020408
200709030408
200703020403
200703020401
200702010404
200702010405
200702010403
200702010402
200703020409
200703020411
200702010410
200702010409
200709030410
200702010407
200702010408
200702010406
200709030404
200709030401
200709030411
200709030403
200709030409
200703020407
200709030406
200703020410
200709030412
200709030405
200702010411
200703020402
200702010509
200703020502
200703020512
200709030502
200709030501
200709030507
200703020501
200709030512
200703020509
200703020510
200702010504
200702010501
200703020504
200709030503
200709030511
200709030510
200702010505
200702010511
200703020503
200709030505
200703020508
200702010506
200709030508
200703020505
200709030509
200702010502
200702010510
200703020511
200702010503
200702010507
200703020506
200703020507
200709030504
200702010508
200702010512
200709030506
200709030607
200703020601
200703020606
200703020611
200703020612
200709030606
200702010603
200709030609
200709030611
200702010609
200709030603
200702010604
200703020608
200709030610
200703020610
200702010602
200709030604
200702010606
200702010607
200702010612
200702010608
200709030602
200709030605
200702010611
200709030608
200703020607
200703020609
200703020604
200702010605
200703020603
200702010601
200709030612
200709030601
200702010610
200703020602
200703020605
200703020702
200703020701
200709030712
200709030703
200703020710
200703020708
200702010708
200703020709
200702010707
200703020703
200709030708
200709030702
200709030704
200703020704
200702010702
200709030709
200709030711
200709030707
200702010709
200702010704
200702010711
200703020711
200703020712
200702010710
200703020706
200702010703
200709030701
200709030710
200702010712
200702010705
200702010706
200709030705
200702010701
200709030706
200703020707
200703020705
200702010802
200703020805
200703020804
200703020809
200709030803
200702010806
200702010809
200702010811
200703020812
200709030811
200702010810
200702010805
200703020802
200709030806
200709030807
200703020801
200709030801
200709030805
200702010812
200709030810
200702010803
200709030809
200703020803
200702010801
200703020808
200709030808
200709030802
200709030812
200703020806
200702010807
200702010804
200703020811
200703020810
200702010808
200709030804
200703020807
200702020101
200702020110
200704020102
200704020103
200702020103
200704020111
200702020108
200702020107
200704020106
200704020110
200702020111
200704020112
200704020109
200702020106
200704020104
200702020104
200704020105
200702020105
200702020102
200702020109
200704020108
200704020101
200702020112
200704020107
200702020204
200702020207
200710020201
200702020210
200702020211
200702020205
200702020203
200710020206
200704020209
200702020212
200704020202
200710020208
200710020204
200704020204
200704020206
200704020208
200710020205
200704020207
200710020212
200702020201
200710020203
200710020207
200704020210
200704020203
200702020209
200710020210
200704020205
200704020211
200710020211
200702020206
200710020209
200704020212
200702020202
200710020202
200704020201
200702020208
200710020104
200710020109
200710020111
200710020101
200710020102
200710020106
200710020103
200710020110
200710020112
200710020108
200710020105
200710020107
200702020305
200710020303
200702020310
200710020311
200710020308
200704020311
200702020306
200704020302
200704020308
200704020304
200702020309
200710020302
200704020303
200702020304
200704020307
200704020309
200704020306
200710020306
200704020310
200710020304
200710020310
200702020302
200710020305
200710020309
200702020307
200702020301
200702020311
200704020305
200702020312
200702020303
200702020308
200704020301
200704020312
200710020312
200710020301
200710020307
200704020403
200710020409
200704020410
200702020405
200710020402
200704020412
200702020404
200704020411
200710020411
200702020410
200710020412
200710020405
200702020406
200702020409
200710020403
200702020403
200704020401
200702020407
200702020401
200702020408
200704020407
200710020406
200710020408
200710020407
200710020410
200702020412
200702020402
200704020404
200704020405
200704020409
200710020401
200704020406
200710020404
200704020402
200704020408
200702020411
200710020507
200710020509
200710020508
200710020511
200702020512
200702020507
200704020503
200704020506
200704020504
200710020505
200704020505
200710020506
200704020510
200710020503
200702020506
200702020503
200704020502
200702020502
200702020505
200710020512
200710020501
200710020502
200702020510
200702020504
200704020511
200704020501
200704020507
200704020508
200702020511
200704020509
200710020510
200710020504
200702020508
200702020509
200704020512
200702020501
200710020610
200702020604
200710020606
200702020608
200702020607
200702020612
200704020609
200704020611
200702020611
200710020602
200704020606
200710020607
200710020608
200710020603
200704020601
200710020605
200702020609
200702020603
200702020606
200710020612
200704020602
200710020609
200704020603
200702020602
200704020604
200704020607
200702020601
200710020604
200704020610
200710020601
200704020608
200704020612
200702020610
200702020605
200710020611
200704020605
200704020701
200710020701
200710020710
200702020710
200702020709
200704020707
200702020707
200702020702
200710020711
200704020703
200704020706
200704020704
200710020705
200710020703
200710020707
200702020701
200710020706
200704020712
200704020711
200704020702
200702020711
200702020705
200704020710
200704020709
200702020704
200702020703
200710020712
200702020706
200710020702
200710020704
200702020708
200710020709
200702020712
200704020708
200704020705
200710020708
200704020801
200710020805
200702020812
200702020803
200704020807
200704020811
200704020810
200710020810
200702020804
200710020811
200710020808
200710020809
200704020804
200702020805
200710020803
200710020807
200702020801
200710020812
200704020809
200710020806
200702020802
200704020806
200704020805
200702020807
200710020804
200702020806
200704020808
200710020801
200702020810
200710020802
200704020802
200704020803
200704020812
200702020808
200702020809
200702020811
200701010108
200710030108
200701010101
200704030112
200710030102
200710030104
200701010103
200710030109
200701010111
200704030107
200710030111
200701010109
200710030105
200701010104
200710030112
200701010110
200704030104
200710030110
200704030105
200704030101
200704030111
200701010105
200710030106
200704030109
200704030110
200701010106
200710030101
200704030106
200704030108
200710030103
200704030103
200701010102
200701010107
200704030102
200701010112
200710030107
200704030205
200704030206
200710030208
200701010201
200710030211
200701010205
200701010204
200710030207
200710030203
200710030212
200701010203
200701010211
200704030207
200704030210
200704030211
200704030203
200701010202
200701010206
200710030205
200704030209
200710030202
200704030212
200710030206
200701010208
200704030201
200710030210
200710030209
200710030201
200704030202
200701010212
200701010209
200704030204
200701010210
200704030208
200701010207
200710030204
200704030512
200704030508
200704030507
200701010504
200710030504
200704030505
200704030502
200710030505
200710030508
200710030512
200710030503
200701010505
200704030510
200710030509
200701010507
200701010506
200701010511
200701010503
200704030506
200704030504
200701010502
200704030509
200710030506
200710030507
200710030511
200704030511
200710030501
200701010512
200701010501
200701010508
200701010510
200701010509
200710030510
200704030503
200710030502
200704030501
200701010602
200710030607
200701010601
200704030604
200704030611
200710030608
200701010607
200710030603
200704030601
200710030604
200710030609
200704030610
200701010606
200701010612
200704030606
200704030605
200710030601
200710030606
200701010603
200701010610
200701010605
200704030602
200701010611
200704030609
200704030603
200701010604
200701010608
200701010609
200704030612
200704030608
200710030612
200710030610
200710030605
200710030611
200710030602
200704030607
200704030707
200710030705
200701010705
200701010708
200701010712
200704030703
200710030707
200704030709
200710030712
200704030712
200710030711
200701010706
200704030701
200704030702
200704030711
200704030710
200710030709
200701010711
200701010703
200710030701
200710030702
200704030705
200701010701
200710030703
200701010710
200701010704
200710030704
200710030706
200704030706
200701010709
200710030710
200701010702
200701010707
200704030708
200704030704
200710030708
200701010803
200704030806
200710030803
200701010811
200701010810
200710030812
200704030808
200704030803
200701010807
200710030804
200710030811
200710030810
200704030809
200710030801
200704030812
200710030807
200710030806
200710030809
200701010806
200701010808
200701010812
200701010809
200704030805
200704030811
200704030804
200704030807
200701010801
200704030810
200704030802
200710030805
200701010805
200701010802
200704030801
200701010804
200710030802
200710030808
200709040110
200701020108
200706040103
200701020112
200706040110
200706040104
200709040103
200709040102
200701020102
200709040104
200709040109
200701020106
200709040108
200709040106
200706040105
200706040107
200701020103
200701020105
200709040101
200701020109
200706040112
200709040107
200706040108
200709040105
200701020110
200701020107
200709040112
200709040111
200701020104
200701020111
200706040109
200701020101
200706040106
200706040111
200706040102
200706040101
200709040204
200706040205
200701020202
200701020206
200701020210
200701020211
200706040212
200706040204
200709040205
200709040201
200706040203
200706040208
200706040206
200709040202
200709040207
200709040203
200701020203
200709040210
200709040208
200709040211
200701020204
200701020207
200706040210
200706040207
200706040201
200706040209
200709040212
200701020208
200709040206
200701020205
200701020209
200709040209
200701020201
200701020212
200706040202
200706040211
200706040306
200701020301
200706040302
200701020305
200701020312
200701020302
200701020307
200706040308
200706040305
200701020309
200701020311
200706040301
200706040304
200706040307
200706040303
200701020308
200701020306
200701020304
200701020310
200706040309
200706040310
200706040311
200706040312
200701020303
200709040312
200709040307
200706040405
200706040408
200709040309
200706040401
200706040411
200706040402
200709040306
200709040304
200706040404
200706040412
200706040403
200706040407
200709040302
200709040303
200709040301
200709040305
200706040406
200709040311
200706040409
200706040410
200709040310
200709040308
200701020408
200701020405
200709040402
200709040407
200701020407
200709040411
200709040401
200709040412
200709040410
200701020411
200709040405
200701020409
200701020402
200701020406
200701020403
200701020401
200701020404
200701020412
200709040403
200709040404
200709040408
200701020410
200709040406
200709040409
200706040504
200706040512
200706040511
200709040502
200709040504
200709040511
200701020512
200701020507
200701020503
200701020504
200701020511
200706040508
200709040508
200706040506
200706040509
200706040503
200706040501
200709040510
200701020505
200709040506
200709040503
200706040502
200709040512
200701020510
200701020501
200706040510
200709040507
200706040507
200709040501
200701020509
200709040505
200701020508
200701020502
200701020506
200709040509
200706040505
200706040603
200709040601
200709040603
200701020608
200709040609
200709040607
200706040609
200709040612
200706040610
200709040604
200701020604
200709040611
200706040602
200701020609
200709040606
200701020606
200701020612
200709040605
200701020603
200706040607
200706040604
200709040608
200706040605
200706040612
200701020602
200709040610
200701020607
200706040601
200701020610
200709040602
200706040606
200701020605
200706040608
200701020611
200701020601
200706040611
200701020705
200701020702
200706040703
200706040702
200706040709
200701020706
200709040709
200709040701
200709040706
200706040701
200709040708
200709040711
200706040706
200701020707
200709040702
200709040705
200701020701
200701020711
200709040703
200701020712
200706040710
200709040704
200709040707
200701020708
200701020710
200706040705
200706040704
200701020704
200701020709
200709040712
200706040707
200706040711
200709040710
200706040712
200706040708
200701020703
200701020812
200709040801
200706040807
200701020808
200706040811
200709040807
200706040805
200701020802
200709040805
200709040804
200701020811
200701020803
200701020804
200706040808
200701020801
200706040812
200709040802
200709040811
200706040803
200709040803
200706040802
200709040806
200709040809
200701020807
200706040810
200709040808
200706040806
200706040801
200709040812
200706040809
200709040810
200701020805
200701020806
200701020810
200701020809
200706040804
200705040102
200705040105
200708040111
200708040102
200708040109
200708040107
200705040110
200705040108
200708040108
200705040107
200705040103
200705040104
200705040101
200708040101
200705040111
200705040106
200708040105
200705040112
200708040110
200708040112
200708040103
200708040106
200705040109
200708040104
200708040208
200705040207
200705040206
200708040205
200705040204
200708040206
200708040201
200708040210
200705040201
200705040210
200708040209
200705040211
200705040203
200708040203
200705040212
200708040211
200708040212
200708040204
200705040202
200705040208
200708040202
200705040205
200708040207
200705040209
200708040307
200705040306
200708040311
200708040304
200705040303
200705040304
200705040308
200705040309
200708040309
200705040301
200708040303
200708040301
200705040307
200708040302
200705040312
200705040311
200708040308
200705040305
200708040312
200705040302
200708040305
200708040310
200705040310
200708040306
200705040403
200708040407
200705040402
200708040402
200705040409
200708040410
200705040405
200708040411
200708040409
200705040401
200705040406
200708040401
200708040405
200705040404
200705040407
200708040412
200705040410
200705040411
200708040404
200708040403
200705040412
200708040406
200708040408
200705040408
200705040511
200705040510
200708040512
200708040504
200705040501
200705040508
200708040509
200705040502
200705040503
200705040506
200705040505
200708040505
200708040506
200708040503
200705040509
200708040508
200708040507
200705040504
200708040510
200708040501
200705040512
200708040502
200708040511
200705040507
200703030110
200708040601
200703030112
200708040604
200705040608
200705040601
200703030106
200703030102
200705040606
200708040605
200703030101
200705040612
200703030104
200705040609
200703030111
200705040604
200708040602
200703030107
200708040606
200705040610
200705040607
200705040605
200703030108
200703030109
200708040611
200708040612
200708040607
200708040603
200708040609
200703030105
200708040608
200705040602
200705040603
200703030103
200705040611
200708040610
200703030212
200703030205
200708040712
200703030207
200708040704
200703030208
200708040701
200708040711
200705040710
200708040703
200705040711
200705040706
200705040707
200703030202
200703030211
200703030203
200708040705
200705040701
200705040709
200708040707
200708040702
200708040709
200703030201
200708040708
200705040704
200705040708
200705040705
200708040710
200703030204
200703030206
200703030209
200705040702
200705040712
200708040706
200703030210
200705040703
200708040810
200705040803
200703030312
200705040807
200703030306
200705040810
200705040806
200708040807
200705040805
200703030305
200708040803
200708040811
200703030304
200703030303
200703030307
200703030301
200703030308
200703030311
200708040808
200703030310
200708040801
200705040802
200708040805
200708040804
200705040809
200703030302
200705040801
200705040811
200708040809
200708040806
200703030309
200708040812
200705040804
200708040802
200705040812
200705040808
200708040912
200705040909
200708040911
200708040906
200703030403
200705040910
200705040906
200705040903
200703030404
200703030410
200708040908
200708040904
200708040907
200705040902
200703030405
200705040907
200705040908
200703030408
200703030409
200708040905
200703030406
200705040911
200705040901
200703030411
200703030412
200708040901
200705040904
200705040912
200708040902
200708040903
200708040909
200703030401
200708040910
200703030407
200705040905
200703030402
200703030507
200708050104
200708050111
200705050107
200705050104
200705050110
200703030502
200703030512
200703030501
200703030510
200708050109
200708050106
200705050112
200708050107
200708050102
200703030503
200703030506
200708050103
200703030505
200705050103
200705050106
200708050105
200703030508
200708050101
200705050102
200705050111
200708050110
200708050112
200705050108
200703030509
200705050109
200703030511
200705050101
200705050105
200703030504
200708050108
200705050207
200708050210
200705050202
200705050204
200708050212
200703030610
200708050208
200708050206
200708050205
200703030602
200708050203
200705050206
200705050210
200708050202
200708050209
200705050203
200703030607
200703030606
200703030609
200708050211
200708050204
200703030611
200705050209
200705050212
200703030605
200705050201
200705050208
200705050211
200703030604
200708050207
200705050205
200708050201
200703030603
200703030608
200703030601
200703030612
200705050312
200708050309
200708050308
200708050310
200703030703
200708050305
200705050305
200705050310
200703030711
200708050304
200703030705
200708050312
200708050307
200705050304
200708050306
200703030708
200703030712
200703030702
200705050307
200703030709
200705050301
200705050303
200705050309
200705050306
200705050308
200705050302
200705050311
200703030706
200703030704
200708050303
200703030701
200703030710
200708050302
200708050311
200703030707
200708050301
200708050403
200705050402
200703030808
200705050407
200708050411
200708050402
200703030803
200708050401
200703030804
200705050410
200703030801
200708050404
200708050409
200705050412
200708050405
200708050408
200708050406
200703030805
200705050406
200703030806
200703030810
200705050403
200705050411
200703030807
200708050407
200703030802
200705050405
200708050410
200705050401
200703030811
200705050408
200703030809
200708050412
200705050409
200705050404
200703030812
200705050511
200703030905
200708050506
200703030907
200705050510
200708050512
200703030912
200708050501
200703030901
200705050504
200705050506
200705050507
200705050508
200705050501
200708050503
200708050509
200708050502
200705050512
200708050508
200705050503
200708050510
200703030906
200708050511
200705050502
200703030909
200703030904
200703030908
200703030910
200708050505
200703030903
200708050507
200703030902
200705050509
200705050505
200703030911
200708050504
200705050604
200708050610
200705050610
200705050612
200703031010
200708050608
200708050603
200708050607
200703031003
200708050606
200705050601
200705050605
200703031011
200705050606
200705050607
200703031008
200703031007
200708050609
200703031002
200708050612
200705050609
200708050604
200708050611
200705050603
200705050608
200703031006
200703031012
200708050605
200703031004
200708050601
200705050611
200703031001
200703031009
200705050602
200703031005
200708050602
200708050910
200705050905
200708050906
200708050903
200708050911
200708050901
200705050901
200708050909
200705050906
200705050904
200708050907
200705050909
200708050902
200708050904
200708050912
200705050912
200705050902
200705050908
200705050910
200705050907
200705050911
200708050905
200708050908
200705050903
200705050709
200708050707
200708050710
200707030905
200707030904
200708050704
200708050706
200705050702
200708050709
200708050711
200705050708
200705050704
200705050705
200705050710
200705050701
200705050712
200707030908
200707030901
200707030910
200707030906
200707030903
200708050702
200707030912
200708050701
200707030909
200705050707
200708050705
200705050711
200707030911
200708050703
200705050706
200708050712
200708050708
200707030902
200707030907
200705050703
200708050806
200707031006
200707031003
200708050810
200708050808
200708050804
200708050812
200707031008
200708050805
200705050809
200705050804
200705050808
200707031004
200707031007
200707031010
200707031002
200705050806
200708050803
200708050809
200708050807
200705050811
200707031011
200705050810
200707031012
200705050803
200708050802
200707031005
200705050802
200705050805
200707031001
200708050811
200708050801
200705050801
200705050807
200707031009
200709050105
200706050105
200706050110
200706050112
200709050106
200707030105
200706050108
200707030103
200707030101
200709050111
200709050112
200707030108
200709050107
200709050104
200707030102
200709050101
200709050102
200709050109
200709050110
200709050108
200706050109
200706050104
200707030112
200706050106
200707030109
200706050102
200706050111
200707030107
200707030106
200706050101
200706050103
200707030104
200707030110
200709050103
200707030111
200706050107
200707030204
200709050205
200706050206
200707030205
200706050208
200709050209
200709050208
200706050209
200706050203
200707030202
200709050204
200709050212
200707030203
200709050206
200709050202
200709050211
200706050201
200706050212
200707030210
200706050210
200707030211
200707030206
200706050202
200707030201
200709050201
200707030208
200707030212
200709050207
200706050207
200706050211
200709050203
200706050204
200706050205
200707030207
200707030209
200709050210
200707030309
200709050301
200709050312
200707030308
200706050304
200706050306
200709050307
200706050312
200707030310
200709050303
200706050303
200709050304
200706050305
200706050308
200707030307
200709050306
200707030303
200709050308
200706050309
200706050311
200706050307
200707030301
200707030311
200707030302
200706050301
200709050305
200706050310
200709050311
200707030304
200709050302
200707030312
200707030306
200709050309
200706050302
200707030305
200709050310
200709050401
200709050406
200709050409
200706050406
200707030406
200709050405
200706050403
200707030411
200709050404
200707030403
200706050407
200706050411
200709050411
200709050403
200706050410
200706050404
200706050409
200707030402
200707030408
200707030412
200707030405
200707030404
200707030401
200707030410
200709050402
200709050407
200709050408
200707030407
200706050402
200707030409
200706050408
200709050410
200706050401
200706050405
200709050412
200706050412
200706050510
200707030507
200706050502
200707030502
200709050512
200706050508
200709050509
200709050504
200706050504
200707030511
200706050511
200709050508
200706050503
200706050501
200707030508
200707030509
200709050501
200706050507
200709050511
200709050505
200706050512
200707030504
200706050506
200707030506
200706050505
200707030512
200709050503
200709050502
200707030505
200707030510
200709050510
200707030503
200709050507
200709050506
200707030501
200706050509
200709050606
200707030606
200707030601
200707030611
200707030608
200709050609
200709050604
200707030607
200707030602
200709050608
200706050606
200706050604
200706050610
200709050611
200707030612
200709050605
200706050609
200707030605
200706050608
200709050612
200706050602
200706050603
200707030604
200709050602
200709050610
200706050605
200706050601
200709050601
200707030609
200706050611
200707030610
200709050603
200706050612
200709050607
200707030603
200706050607
200709050704
200707030706
200709050703
200709050712
200706050701
200706050711
200707030708
200706050706
200709050711
200709050710
200709050709
200709050705
200706050705
200706050704
200706050708
200707030702
200707030712
200707030711
200707030704
200709050702
200709050708
200706050710
200706050703
200709050706
200709050701
200707030709
200709050707
200707030710
200706050709
200706050712
200706050707
200707030701
200706050702
200707030705
200707030707
200707030703
200707030806
200709050808
200709050805
200709050802
200709050811
200706050810
200706050802
200707030801
200706050806
200706050803
200709050801
200707030809
200706050807
200707030811
200709050803
200707030808
200706050805
200709050810
200707030804
200707030810
200706050808
200707030802
200709050809
200706050801
200709050812
200707030812
200709050804
200706050809
200709050806
200707030803
200707030805
200709050807
200707030807
200706050804
