200808010108
200808010110
200808010105
200808010106
200808010107
200806010101
200806010112
200808010103
200806010107
200808010101
200808010109
200806010103
200808010112
200808010102
200806010104
200806010110
200806010106
200806010108
200806010105
200808010104
200806010111
200808010111
200806010109
200806010102
200808010207
200806010201
200806010203
200808010212
200808010206
200808010202
200806010211
200808010205
200808010201
200806010202
200808010209
200806010209
200808010210
200808010208
200806010205
200808010203
200808010211
200806010204
200806010210
200806010206
200806010208
200806010207
200806010212
200808010204
200808010310
200808010305
200808010302
200806010302
200806010308
200806010309
200806010304
200806010310
200808010304
200806010303
200808010307
200808010311
200808010312
200808010303
200808010306
200808010308
200808010301
200806010307
200808010309
200806010312
200806010301
200806010305
200806010311
200806010306
200806010403
200808010404
200806010409
200808010411
200806010410
200806010406
200808010412
200808010410
200808010402
200806010402
200806010408
200808010403
200808010409
200806010411
200806010401
200808010405
200806010407
200806010405
200808010401
200808010406
200806010404
200808010408
200806010412
200808010407
200806010501
200806010503
200808010509
200810010107
200806010509
200808010501
200810010101
200808010510
200810010110
200806010505
200806010510
200806010504
200808010502
200810010108
200810010102
200810010104
200806010511
200808010512
200810010105
200808010511
200810010106
200808010504
200806010508
200808010508
200808010507
200810010112
200806010502
200806010512
200808010503
200808010505
200808010506
200810010109
200810010103
200806010506
200806010507
200810010111
200806010602
200810010204
200808010604
200808010606
200810010208
200806010611
200808010603
200808010610
200810010203
200808010612
200806010607
200810010211
200808010602
200806010606
200806010612
200810010205
200810010210
200806010609
200808010608
200808010611
200806010610
200810010207
200806010605
200810010209
200806010603
200810010212
200806010601
200808010601
200808010607
200810010201
200806010608
200810010202
200808010609
200808010605
200810010206
200806010604
200806010708
200806010701
200808010702
200808010704
200810010308
200808010708
200810010305
200810010312
200810010309
200810010310
200808010703
200810010311
200806010706
200808010712
200806010712
200806010707
200808010701
200806010709
200808010707
200808010706
200810010304
200806010710
200808010710
200810010307
200806010711
200808010705
200808010711
200810010301
200806010705
200806010702
200806010703
200810010303
200810010302
200808010709
200806010704
200810010306
200810010401
200806010812
200810010403
200808010805
200810010404
200806010801
200808010808
200808010809
200808010806
200810010409
200806010803
200806010811
200806010804
200806010808
200810010408
200808010807
200808010802
200806010807
200810010412
200808010804
200810010410
200806010805
200808010812
200806010810
200810010402
200808010803
200808010801
200806010806
200808010810
200810010407
200806010809
200810010406
200810010405
200806010802
200810010411
200808010811
200808020108
200808020103
200810010511
200805010103
200805010112
200810010512
200808020106
200805010107
200805010110
200805010111
200805010108
200810010506
200808020101
200808020111
200810010510
200810010507
200808020104
200805010106
200810010504
200808020110
200805010109
200810010509
200805010104
200810010505
200808020109
200808020102
200810010501
200805010102
200810010508
200805010105
200808020112
200810010503
200805010101
200808020107
200810010502
200808020105
200810010609
200810010611
200810010605
200810010612
200810010608
200810010601
200808020207
200808020212
200810010602
200808020208
200810010606
200808020201
200808020209
200810010610
200808020205
200808020202
200810010603
200808020203
200808020211
200810010604
200810010607
200808020206
200808020210
200805010205
200805010212
200805010203
200805010201
200805010207
200805010206
200805010208
200805010210
200805010211
200805010209
200805010204
200805010202
200808020302
200810010710
200810010712
200805010309
200810010702
200810010701
200810010703
200810010708
200805010301
200810010705
200805010304
200805010303
200805010302
200810010711
200805010306
200810010709
200805010310
200810010704
200810010707
200805010311
200805010308
200805010307
200810010706
200805010305
200808020301
200805010312
200808020405
200808020407
200808020409
200808020411
200810010804
200810010810
200808020412
200810010811
200810010812
200810010807
200810010802
200808020410
200808020401
200810010806
200808020403
200810010801
200810010805
200810010809
200808020404
200810010803
200808020406
200808020402
200810010808
200808020408
200805010403
200805010408
200808020304
200805010407
200808020312
200808020306
200805010409
200808020303
200805010406
200805010410
200805010402
200808020305
200808020308
200808020310
200808020307
200808020309
200808020311
200805010411
200805010412
200805010405
200805010401
200805010404
200808020503
200805010504
200805010505
200808020508
200808020509
200808020502
200808020505
200805010507
200808020501
200808020512
200808020506
200805010502
200805010501
200808020510
200805010512
200805010508
200808020511
200805010511
200805010503
200808020507
200808020504
200805010506
200805010509
200805010510
200808020604
200808020610
200805010602
200805010607
200805010601
200808020601
200805010604
200808020605
200808020607
200805010610
200808020603
200805010609
200805010603
200808020609
200805010605
200808020611
200808020606
200805010606
200808020608
200808020612
200805010611
200805010612
200805010608
200808020602
200808020701
200805010705
200808020709
200808020706
200805010703
200805010712
200808020711
200805010704
200808020710
200808020705
200808020702
200808020703
200805010702
200805010706
200805010701
200808020708
200805010711
200805010709
200805010707
200808020704
200805010708
200808020712
200808020707
200805010710
200805010809
200808020801
200805010807
200808020803
200805010803
200808020808
200805010806
200805010801
200808020806
200808020807
200805010810
200805010811
200808020811
200808020809
200805010805
200808020810
200805010808
200805010804
200805010812
200808020805
200808020802
200808020812
200805010802
200807010102
200809010104
200806020106
200807010109
200806020105
200807010101
200809010101
200807010110
200807010105
200806020112
200807010112
200806020109
200806020108
200809010105
200809010102
200807010106
200807010111
200806020101
200809010108
200806020111
200806020107
200809010111
200806020103
200807010108
200807010104
200809010103
200806020104
200806020102
200809010110
200807010103
200809010109
200807010107
200809010106
200809010112
200809010107
200806020110
200807010209
200809010201
200806020203
200806020208
200807010207
200806020212
200807010203
200807010204
200807010206
200809010211
200809010205
200809010203
200806020202
200807010211
200809010204
200806020206
200807010205
200807010212
200806020204
200807010210
200806020209
200809010202
200806020201
200806020211
200809010210
200806020207
200807010201
200806020205
200806020210
200809010212
200807010202
200809010207
200807010208
200809010206
200809010209
200809010208
200806020308
200809010301
200809010312
200806020312
200809010309
200809010307
200806020310
200807010309
200807010301
200807010302
200806020304
200807010304
200807010311
200809010308
200806020306
200806020311
200807010306
200806020309
200807010308
200807010310
200807010305
200806020307
200807010312
200807010307
200806020302
200807010303
200806020303
200809010306
200806020305
200809010310
200809010311
200806020301
200809010305
200809010302
200809010303
200809010304
200807010411
200806020404
200807010410
200809010411
200809010407
200809010405
200809010403
200807010403
200806020402
200806020410
200807010404
200807010401
200809010412
200806020405
200807010407
200809010406
200807010405
200806020403
200806020412
200807010406
200809010410
200806020411
200806020401
200806020409
200809010401
200807010412
200807010408
200809010409
200806020406
200809010408
200806020408
200809010402
200809010404
200807010409
200806020407
200807010402
200806020504
200807010505
200806020511
200806020508
200809010512
200806020509
200806020501
200807010512
200809010511
200806020512
200807010508
200807010501
200809010508
200807010510
200809010504
200806020505
200807010504
200807010503
200809010506
200806020502
200809010503
200809010501
200806020503
200807010507
200809010507
200809010502
200809010505
200807010509
200807010511
200809010509
200809010510
200807010502
200806020510
200806020507
200807010506
200806020506
200806020608
200807010607
200806020602
200809010602
200806020609
200809010605
200809010609
200809010607
200806020611
200809010608
200809010611
200806020603
200809010610
200806020601
200807010602
200807010605
200809010606
200807010612
200807010601
200806020607
200807010608
200809010601
200806020604
200807010610
200809010612
200809010603
200806020610
200806020612
200807010606
200806020606
200807010611
200809010604
200807010603
200807010604
200807010609
200806020605
200809010707
200807010705
200807010704
200807010711
200807010703
200806020709
200809010708
200809010701
200809010712
200807010709
200809010702
200809010711
200807010708
200806020711
200809010703
200809010706
200807010707
200806020705
200806020710
200806020703
200807010701
200807010702
200806020712
200806020704
200809010709
200809010710
200809010705
200809010704
200807010712
200806020701
200807010706
200806020706
200806020702
200806020708
200806020707
200807010710
200806020807
200809010802
200806020802
200807010804
200807010802
200809010801
200809010805
200809010808
200809010806
200806020804
200807010805
200806020806
200806020803
200809010809
200806020811
200806020808
200806020801
200807010801
200806020810
200809010804
200806020805
200806020809
200809010812
200807010807
200807010809
200807010812
200806020812
200809010803
200809010810
200807010806
200807010808
200809010811
200809010807
200807010803
200807010811
200807010810
200809020105
200806030110
200809020111
200807010908
200806030109
200809020107
200806030105
200807010910
200806030102
200807010904
200807010907
200809020106
200807010902
200806030103
200807010911
200807010912
200806030104
200809020112
200806030106
200806030112
200807010901
200809020108
200806030111
200807010903
200807010905
200809020101
200806030107
200809020110
200807010909
200807010906
200809020109
200809020102
200806030101
200809020104
200809020103
200806030108
200806030208
200807011005
200807011007
200806030203
200807011012
200809020211
200806030209
200806030212
200809020205
200807011008
200806030207
200807011011
200807011001
200809020204
200809020209
200807011003
200809020210
200806030204
200806030201
200806030211
200809020202
200807011004
200806030205
200806030206
200807011002
200809020207
200806030210
200807011010
200807011009
200809020208
200809020206
200809020201
200807011006
200809020203
200806030202
200809020212
200806030308
200806030309
200809020312
200809020306
200806030311
200809020305
200809020303
200809020307
200806030307
200809020301
200809020302
200809020308
200809020311
200806030304
200806030310
200806030305
200806030306
200806030303
200806030312
200806030302
200809020310
200806030301
200809020304
200809020309
200809020412
200806030412
200806030404
200809020411
200806030411
200806030409
200809020403
200806030407
200806030405
200809020401
200809020409
200806030403
200809020410
200806030401
200809020407
200806030410
200806030406
200809020404
200809020408
200809020406
200806030402
200806030408
200809020405
200809020402
200806030505
200809020505
200803010107
200809020502
200806030506
200806030504
200809020509
200806030503
200806030511
200806030512
200803010104
200809020507
200803010106
200809020501
200806030509
200809020508
200806030507
200809020510
200803010101
200803010110
200803010111
200803010109
200803010103
200809020503
200803010105
200809020511
200803010102
200809020506
200803010108
200806030502
200809020504
200806030508
200806030510
200809020512
200806030501
200803010112
200806030612
200809020611
200806030601
200803010201
200803010209
200803010203
200803010206
200806030602
200806030609
200803010205
200809020606
200809020604
200803010207
200806030610
200809020605
200806030606
200803010202
200803010204
200809020607
200803010211
200806030608
200809020609
200803010208
200806030607
200806030605
200806030611
200806030604
200809020603
200806030603
200809020612
200809020602
200809020608
200803010210
200809020601
200803010212
200809020610
200809020704
200806030710
200809020711
200809020705
200803010306
200809020707
200806030702
200806030704
200809020708
200806030707
200803010303
200809020701
200806030703
200803010302
200803010305
200809020702
200806030711
200809020703
200806030706
200806030708
200809020706
200809020710
200803010307
200803010304
200803010311
200803010309
200803010308
200809020712
200803010301
200803010310
200806030701
200806030709
200809020709
200806030705
200806030712
200803010312
200806030812
200806030807
200806030805
200809020809
200803010412
200803010408
200809020803
200806030803
200803010410
200803010405
200809020801
200809020802
200809020806
200806030804
200809020811
200803010402
200803010407
200803010406
200809020804
200803010411
200803010401
200809020810
200809020805
200803010409
200806030810
200803010403
200809020812
200806030806
200806030811
200803010404
200809020808
200806030802
200806030808
200806030809
200809020807
200806030801
200805020112
200808030103
200803010510
200803010504
200803010511
200803010505
200808030102
200803010507
200808030106
200808030101
200803010508
200805020108
200803010501
200808030104
200808030111
200803010502
200805020103
200808030105
200803010506
200803010503
200808030108
200808030112
200803010509
200805020104
200805020101
200805020105
200808030107
200803010512
200805020107
200805020102
200805020106
200808030110
200805020110
200805020109
200805020111
200808030109
200805020206
200808030201
200805020202
200805020201
200805020207
200803010610
200803010612
200805020209
200808030208
200808030207
200803010601
200805020203
200808030202
200803010611
200808030205
200808030210
200808030206
200805020211
200805020205
200803010602
200803010605
200805020208
200803010606
200805020210
200808030209
200808030203
200808030211
200803010608
200803010604
200803010607
200803010609
200805020212
200803010603
200808030204
200805020204
200808030212
200804010111
200804010102
200805020311
200805020303
200804010105
200805020308
200808030312
200805020312
200808030310
200804010112
200808030305
200808030306
200804010101
200804010104
200804010103
200805020309
200805020305
200808030302
200808030304
200804010109
200805020301
200808030308
200808030311
200808030301
200805020307
200808030309
200804010106
200808030307
200805020302
200805020310
200805020304
200804010110
200804010107
200805020306
200808030303
200804010108
200808030408
200808030404
200808030410
200804010202
200804010212
200805020406
200805020411
200808030401
200804010201
200804010204
200805020412
200808030411
200804010210
200804010207
200808030409
200805020403
200805020408
200805020410
200808030406
200804010208
200804010206
200804010211
200805020409
200805020404
200808030403
200805020401
200805020407
200805020402
200808030407
200808030405
200808030412
200804010203
200805020405
200808030402
200804010205
200804010209
200804010310
200804010301
200805020504
200804010302
200805020505
200804010304
200808030507
200808030506
200805020509
200808030505
200804010311
200805020501
200804010303
200805020511
200804010308
200808030508
200808030511
200804010307
200808030510
200805020510
200808030502
200805020502
200808030512
200805020506
200808030504
200805020508
200805020503
200804010312
200808030503
200805020507
200804010306
200805020512
200808030509
200804010309
200808030501
200804010305
200808030609
200808030605
200808030603
200804010402
200808030612
200804010405
200805020612
200805020607
200804010407
200808030604
200808030602
200808030606
200808030607
200805020605
200804010412
200805020606
200805020602
200804010410
200808030601
200804010404
200808030608
200805020603
200804010411
200808030610
200804010409
200804010403
200805020609
200804010406
200808030611
200805020604
200804010401
200805020610
200805020601
200805020608
200805020611
200804010408
200804010509
200808030706
200805020711
200805020705
200804010512
200805020710
200805020704
200804010504
200805020706
200808030703
200804010503
200804010507
200805020707
200808030702
200808030705
200804010506
200804010502
200805020708
200805020703
200804010510
200808030709
200804010511
200808030707
200808030712
200805020702
200808030708
200808030710
200808030704
200804010501
200808030711
200805020701
200804010505
200804010508
200805020712
200805020709
200808030701
200804010606
200808030801
200804010605
200808030812
200805020809
200804010612
200805020801
200805020803
200805020810
200808030810
200805020812
200808030811
200804010603
200804010604
200808030808
200805020808
200808030803
200805020805
200808030805
200805020802
200805020806
200808030806
200804010609
200804010608
200808030807
200804010601
200804010602
200804010610
200805020807
200805020811
200808030809
200805020804
200808030802
200804010611
200808030804
200804010607
200805030109
200804010705
200807020103
200807020107
200805030110
200805030111
200805030105
200804010702
200807020105
200805030107
200807020111
200807020106
200804010706
200805030102
200804010712
200804010707
200807020102
200804010704
200805030112
200804010701
200805030103
200805030106
200804010711
200807020112
200805030104
200807020104
200805030108
200807020108
200804010709
200804010703
200804010710
200804010708
200805030101
200807020101
200807020110
200807020109
200804010806
200805030209
200807020201
200805030208
200807020212
200805030205
200804010803
200804010810
200805030203
200805030207
200807020211
200805030202
200805030212
200805030211
200804010802
200804010809
200805030210
200805030204
200804010811
200804010804
200804010812
200807020202
200807020205
200804010807
200807020209
200804010805
200807020203
200807020206
200805030206
200804010808
200807020204
200807020207
200807020208
200804010801
200807020210
200805030201
200805030310
200807020307
200805030307
200805030308
200807020304
200805030304
200807020309
200805030301
200807020306
200805030309
200805030312
200805030311
200805030305
200805030306
200807020303
200807020308
200805030303
200807020310
200807020312
200807020301
200807020302
200807020311
200805030302
200807020305
200807020407
200805030401
200807020405
200805030406
200805030412
200807020404
200807020406
200805030408
200807020401
200805030405
200807020409
200805030402
200807020408
200807020403
200805030404
200807020402
200805030411
200805030407
200807020412
200805030410
200807020411
200807020410
200805030403
200805030409
200807020511
200805030507
200805030511
200807020508
200805030508
200807020504
200805030510
200807020509
200805030505
200805030512
200807020505
200805030503
200807020501
200807020506
200807020510
200805030506
200805030502
200807020507
200805030509
200807020503
200807020512
200805030501
200805030504
200807020502
200805030605
200807020605
200807020607
200805030606
200807020606
200807020612
200805030601
200807020604
200807020601
200807020608
200807020603
200805030603
200807020609
200807020602
200805030602
200805030612
200805030607
200805030604
200805030611
200807020611
200805030608
200805030609
200805030610
200807020610
200807020706
200805030704
200807020703
200807020711
200805030710
200805030702
200807020712
200807020709
200807020704
200805030703
200805030701
200807020710
200807020702
200805030711
200805030709
200805030708
200807020708
200805030712
200805030706
200807020707
200805030705
200805030707
200807020705
200807020701
200805030804
200805030812
200805030807
200805030801
200805030809
200807020811
200807020807
200805030803
200807020802
200807020810
200807020806
200807020808
200805030806
200807020803
200805030811
200807020801
200807020804
200805030808
200807020805
200807020812
200805030802
200807020809
200805030810
200805030805
200809030101
200809030107
200809030108
200809030104
200809030105
200802010103
200809030109
200802010109
200803020109
200802010110
200809030106
200809030111
200803020102
200803020107
200803020103
200802010106
200809030112
200803020106
200809030110
200802010111
200803020105
200803020101
200802010108
200803020104
200803020108
200803020111
200809030102
200802010112
200802010104
200803020110
200802010101
200803020112
200802010107
200802010102
200802010105
200809030103
200803020206
200809030206
200802010202
200809030204
200803020204
200802010207
200803020208
200802010204
200803020201
200802010211
200802010201
200803020212
200809030209
200803020207
200809030208
200809030207
200802010212
200809030202
200803020209
200803020202
200803020205
200802010205
200803020210
200809030203
200802010208
200802010209
200809030210
200803020203
200809030201
200809030211
200809030205
200802010206
200802010203
200809030212
200803020211
200802010210
200809030310
200803020312
200803020305
200809030306
200802010305
200802010308
200802010309
200803020309
200809030308
200809030302
200803020310
200803020302
200809030304
200802010302
200809030303
200809030312
200802010312
200803020303
200809030305
200802010304
200802010307
200803020306
200803020307
200802010310
200802010303
200802010306
200809030309
200802010311
200809030307
200803020301
200809030301
200809030311
200802010301
200803020308
200803020311
200803020304
200802010408
200803020412
200802010410
200802010409
200809030402
200803020405
200802010407
200809030404
200803020407
200809030401
200809030411
200802010402
200809030409
200803020402
200802010411
200809030403
200809030408
200809030412
200803020406
200803020409
200802010406
200803020404
200803020411
200802010404
200802010405
200803020410
200809030405
200802010401
200803020403
200802010403
200802010412
200809030406
200803020408
200809030410
200809030407
200803020401
200802010505
200803020505
200809030503
200802010512
200802010504
200803020501
200803020503
200809030505
200809030506
200803020506
200802010511
200802010509
200803020511
200809030508
200803020509
200802010501
200809030512
200809030507
200803020508
200809030502
200802010507
200809030511
200802010506
200803020512
200809030501
200802010508
200802010503
200809030509
200802010502
200803020510
200802010510
200809030504
200809030510
200803020502
200803020507
200803020504
200809030605
200802010609
200803020609
200802010603
200802010606
200802010602
200802010605
200802010608
200802010611
200803020612
200809030601
200803020611
200803020605
200803020607
200809030604
200809030607
200803020601
200809030612
200809030602
200809030608
200803020604
200809030609
200802010612
200809030603
200802010607
200809030611
200803020608
200802010601
200803020602
200802010610
200803020610
200803020603
200809030606
200802010604
200809030610
200803020606
200802010706
200809030711
200803020702
200809030707
200802010711
200803020706
200803020707
200809030702
200809030712
200809030706
200802010701
200802010703
200802010712
200803020704
200809030708
200803020710
200809030703
200809030701
200803020703
200809030710
200802010708
200803020709
200809030705
200802010704
200803020711
200803020712
200802010705
200809030704
200803020701
200803020705
200802010709
200802010702
200802010710
200802010707
200809030709
200803020708
200803020802
200809030807
200802010811
200802010808
200803020810
200809030803
200802010807
200803020808
200803020807
200802010803
200802010802
200809030808
200803020803
200809030802
200809030810
200803020805
200803020811
200802010805
200809030804
200809030805
200809030812
200809030801
200809030806
200802010804
200803020809
200802010812
200802010809
200803020812
200803020806
200803020801
200802010806
200809030809
200809030811
200802010801
200803020804
200802010810
200802020108
200804020105
200810020105
200802020104
200804020111
200802020105
200804020112
200804020103
200802020106
200810020104
200802020102
200810020106
200804020101
200804020104
200802020110
200810020107
200802020111
200802020112
200810020101
200810020112
200810020108
200802020103
200802020109
200804020107
200804020109
200810020111
200804020106
200810020110
200802020101
200802020107
200810020103
200804020108
200810020102
200804020102
200804020110
200810020109
200804020207
200804020202
200804020203
200810020204
200810020209
200810020210
200802020203
200802020201
200802020207
200804020210
200802020204
200802020209
200810020207
200810020208
200804020208
200810020212
200810020201
200810020203
200804020209
200810020206
200802020210
200802020208
200802020205
200810020205
200804020206
200810020211
200802020211
200802020212
200804020205
200802020202
200804020204
200810020202
200804020211
200802020206
200804020212
200804020201
200802020302
200810020302
200802020301
200802020309
200810020303
200810020305
200810020309
200802020311
200804020303
200804020310
200810020307
200802020312
200804020309
200810020310
200802020310
200810020304
200810020311
200802020307
200802020306
200804020304
200804020307
200804020305
200804020306
200802020303
200804020311
200802020305
200804020301
200804020302
200804020312
200810020306
200802020304
200804020308
200810020312
200810020301
200802020308
200810020308
200802020410
200802020407
200802020404
200804020404
200802020409
200802020408
200804020409
200810020412
200804020403
200810020402
200810020408
200810020404
200804020405
200804020410
200802020403
200804020412
200804020401
200810020401
200810020406
200802020401
200810020410
200802020405
200802020402
200804020407
200810020411
200802020406
200802020411
200804020408
200810020403
200810020405
200810020407
200804020402
200810020409
200804020411
200802020412
200804020406
200804020510
200804020506
200802020510
200810020509
200804020508
200802020511
200810020504
200804020505
200802020507
200802020506
200802020501
200802020508
200802020502
200804020507
200804020504
200804020512
200810020508
200810020510
200802020503
200804020502
200810020506
200810020502
200810020512
200810020511
200802020512
200810020507
200810020503
200810020505
200804020511
200804020503
200802020504
200804020501
200802020505
200810020501
200804020509
200802020509
200804020608
200802020611
200804020602
200810020608
200804020609
200810020605
200804020612
200802020602
200804020611
200802020601
200802020607
200804020604
200810020602
200810020606
200804020606
200802020610
200810020601
200802020605
200804020603
200802020603
200810020609
200810020612
200810020611
200802020608
200804020601
200804020605
200802020604
200802020612
200810020604
200802020606
200804020607
200810020607
200810020610
200804020610
200810020603
200802020609
200804020709
200802020709
200810020704
200802020704
200804020712
200802020702
200804020705
200810020701
200804020704
200810020706
200804020702
200802020710
200802020705
200810020711
200810020708
200804020707
200804020711
200804020703
200802020701
200802020711
200804020708
200810020705
200804020701
200804020706
200802020708
200802020703
200810020707
200810020709
200802020712
200802020707
200804020710
200810020712
200802020706
200810020702
200810020703
200810020710
200802020805
200810020801
200804020812
200802020802
200802020812
200810020802
200810020807
200810020805
200804020804
200802020806
200802020811
200804020807
200804020808
200804020802
200804020809
200804020803
200810020810
200810020803
200810020804
200802020803
200810020812
200804020811
200810020809
200804020801
200810020811
200804020810
200802020801
200804020805
200802020808
200802020809
200810020806
200804020806
200802020807
200802020804
200810020808
200802020810
200810030104
200804030111
200810030110
200801010105
200804030101
200801010110
200804030103
200804030112
200801010112
200801010101
200804030109
200801010103
200804030102
200804030105
200801010106
200804030106
200810030102
200810030105
200801010102
200810030101
200810030108
200801010108
200810030106
200801010107
200810030109
200810030112
200801010104
200810030107
200804030107
200801010109
200804030110
200810030111
200810030103
200801010111
200804030108
200804030104
200804030206
200810030211
200804030207
200804030211
200810030210
200804030209
200804030205
200804030203
200801010203
200801010204
200804030204
200810030209
200804030208
200801010210
200804030212
200810030212
200801010209
200810030204
200810030208
200810030203
200804030210
200801010202
200801010205
200801010201
200801010206
200801010212
200804030201
200801010207
200810030207
200810030206
200810030202
200801010208
200804030202
200810030201
200801010211
200810030205
200804030304
200801010311
200804030305
200810030306
200804030302
200804030310
200810030312
200801010308
200804030306
200810030307
200804030308
200810030309
200810030310
200804030311
200810030304
200801010312
200804030307
200801010306
200801010305
200804030309
200801010304
200801010301
200810030301
200804030301
200801010310
200810030303
200810030302
200804030312
200810030311
200801010303
200804030303
200801010302
200810030305
200801010309
200801010307
200810030308
200801010403
200804030404
200810030409
200801010405
200810030412
200801010408
200810030405
200810030404
200801010409
200810030408
200804030407
200801010411
200801010406
200801010404
200801010407
200801010402
200801010401
200804030410
200810030411
200804030403
200810030407
200810030403
200804030402
200804030411
200804030409
200804030405
200804030408
200801010412
200810030401
200801010410
200810030410
200804030412
200810030406
200804030401
200810030402
200804030406
200810030511
200810030501
200804030508
200801010506
200804030502
200801010504
200810030506
200810030512
200810030505
200810030508
200810030510
200801010502
200804030503
200804030506
200810030507
200801010509
200801010501
200804030511
200804030504
200804030510
200810030509
200804030507
200801010505
200801010511
200804030501
200810030504
200801010503
200801010512
200804030509
200801010508
200804030512
200804030505
200801010507
200810030503
200810030502
200801010510
200801010608
200801010609
200801010602
200810030608
200801010606
200804030606
200801010611
200810030604
200810030606
200801010603
200804030604
200804030608
200801010607
200804030605
200810030609
200810030602
200801010604
200801010612
200810030610
200804030601
200804030612
200804030603
200804030602
200810030605
200810030607
200810030603
200810030611
200804030610
200801010610
200804030609
200804030611
200810030612
200801010605
200810030601
200801010601
200804030607
200804030705
200801010704
200801010705
200810030705
200801010703
200810030707
200810030711
200804030708
200801010702
200801010707
200810030706
200810030710
200810030704
200810030703
200801010706
200810030708
200801010708
200801010709
200804030710
200801010710
200804030711
200804030703
200801010712
200801010701
200804030706
200810030701
200804030704
200804030701
200804030707
200810030709
200810030702
200801010711
200810030712
200804030712
200804030709
200804030702
200810030812
200804030810
200810030801
200801010811
200801010809
200801010803
200801010806
200801010801
200810030808
200801010812
200810030805
200801010810
200810030804
200804030808
200804030807
200804030801
200804030802
200801010805
200810030802
200801010807
200804030806
200804030803
200804030811
200801010802
200810030807
200801010808
200810030810
200810030806
200810030809
200801010804
200810030811
200810030803
200804030805
200804030809
200804030812
200804030804
200801020112
200801020105
200806040101
200801020109
200801020111
200801020108
200806040112
200806040106
200806040103
200806040111
200806040104
200806040110
200801020104
200801020107
200806040107
200801020102
200806040109
200801020103
200806040102
200806040105
200806040108
200801020110
200801020106
200801020101
200806040209
200809040101
200806040201
200806040210
200809040103
200809040112
200806040202
200806040208
200809040106
200809040104
200806040212
200806040204
200809040105
200809040107
200809040111
200809040110
200806040207
200806040211
200809040108
200809040102
200806040206
200806040205
200806040203
200809040109
200801020202
200801020207
200801020201
200801020209
200801020206
200801020211
200809040207
200809040212
200801020212
200809040210
200801020203
200801020204
200801020208
200809040209
200809040211
200801020210
200809040201
200809040204
200801020205
200809040208
200809040202
200809040206
200809040205
200809040203
200809040310
200806040307
200801020308
200801020301
200806040302
200809040307
200809040305
200801020307
200809040309
200801020309
200806040311
200809040301
200806040309
200806040306
200809040304
200809040308
200809040312
200801020312
200806040312
200801020303
200801020311
200806040310
200801020310
200801020306
200806040301
200801020305
200806040304
200806040305
200809040303
200801020302
200809040306
200809040311
200806040308
200809040302
200806040303
200801020304
200801020410
200801020403
200801020406
200809040401
200806040408
200806040406
200806040404
200809040405
200809040404
200806040402
200806040410
200806040411
200809040406
200809040409
200801020409
200801020405
200809040403
200801020402
200806040412
200806040407
200809040407
200801020404
200809040402
200809040410
200809040411
200806040403
200806040409
200809040408
200801020411
200809040412
200806040405
200801020407
200801020401
200801020408
200801020412
200806040401
200809040509
200801020511
200806040506
200806040512
200809040505
200809040511
200806040502
200806040509
200809040507
200801020504
200801020502
200809040512
200809040502
200809040501
200806040507
200809040508
200801020512
200801020508
200801020501
200801020509
200809040510
200806040503
200806040504
200809040503
200801020510
200809040506
200806040501
200806040505
200809040504
200801020507
200801020505
200801020506
200806040508
200806040510
200801020503
200806040511
200801020604
200809040611
200801020611
200809040610
200806040607
200809040603
200809040606
200809040602
200801020610
200809040605
200806040605
200806040601
200806040610
200806040612
200801020607
200806040602
200806040608
200809040612
200806040606
200801020605
200809040601
200801020612
200801020603
200806040609
200801020609
200801020601
200809040608
200809040604
200806040604
200809040609
200809040607
200806040603
200801020606
200801020602
200801020608
200806040611
200806040704
200801020712
200806040702
200806040707
200809040710
200801020702
200809040703
200809040712
200801020710
200801020709
200809040705
200806040711
200806040712
200806040706
200809040711
200801020704
200801020705
200809040701
200809040709
200809040706
200806040709
200806040705
200806040703
200801020706
200801020711
200809040707
200801020707
200806040710
200801020708
200801020701
200806040708
200801020703
200809040708
200806040701
200809040704
200809040702
200806040806
200801020805
200806040802
200809040806
200801020802
200809040812
200806040804
200809040803
200801020810
200809040804
200809040810
200801020801
200806040807
200806040811
200809040811
200809040809
200801020806
200806040810
200809040807
200806040812
200801020809
200809040801
200806040809
200809040805
200801020812
200806040805
200801020807
200806040801
200806040803
200801020804
200806040808
200809040802
200801020808
200809040808
200801020803
200801020811
200808040105
200805040102
200805040109
200808040104
200808040108
200805040105
200808040107
200808040103
200805040101
200805040104
200805040103
200805040111
200805040108
200808040110
200805040107
200805040110
200808040112
200808040111
200808040106
200805040112
200808040102
200808040109
200808040101
200805040106
200808040209
200805040211
200808040211
200808040202
200805040210
200808040205
200805040205
200805040209
200808040203
200808040206
200805040204
200805040202
200805040203
200805040206
200808040210
200805040201
200808040201
200808040204
200808040207
200808040208
200805040208
200805040207
200808040212
200805040212
200805040303
200808040301
200808040304
200805040301
200808040308
200808040303
200805040312
200808040307
200808040312
200805040307
200808040309
200805040308
200808040305
200805040309
200805040306
200805040311
200808040306
200805040302
200805040310
200808040302
200808040311
200805040304
200805040305
200808040310
200808040409
200808040405
200805040411
200805040401
200805040402
200808040404
200808040411
200805040404
200805040412
200808040401
200805040407
200808040407
200805040408
200805040410
200805040405
200808040403
200805040409
200808040402
200808040410
200808040406
200808040412
200805040406
200805040403
200808040408
200803030108
200803030106
200803030109
200803030110
200805040507
200808040512
200803030102
200808040503
200803030101
200808040511
200808040504
200805040502
200805040510
200803030104
200805040512
200805040501
200803030107
200808040505
200805040509
200803030111
200803030103
200808040510
200803030105
200805040503
200808040506
200805040511
200803030112
200805040508
200808040502
200808040508
200808040509
200808040501
200805040504
200808040507
200805040506
200805040505
200803030208
200803030207
200808040610
200808040606
200808040608
200803030203
200803030206
200805040602
200805040604
200805040610
200808040609
200808040607
200803030202
200808040611
200805040606
200805040609
200805040605
200805040607
200808040603
200805040603
200808040604
200808040601
200805040601
200803030209
200805040608
200803030210
200808040602
200805040612
200808040612
200803030204
200803030201
200808040605
200803030211
200803030205
200803030212
200805040611
200808040701
200808040702
200805040704
200808040712
200803030307
200805040711
200808040706
200808040711
200803030310
200805040703
200803030312
200803030302
200805040708
200808040710
200803030305
200808040709
200808040703
200808040705
200808040707
200803030306
200805040705
200803030309
200805040712
200803030311
200803030308
200805040709
200808040704
200803030304
200803030303
200803030301
200805040702
200805040710
200808040708
200805040701
200805040707
200805040706
200808040802
200805040809
200808040812
200803030402
200805040804
200805040806
200808040807
200803030407
200805040812
200803030405
200808040809
200803030411
200803030409
200805040802
200805040808
200803030404
200805040810
200805040805
200808040806
200803030406
200805040801
200808040805
200808040801
200805040803
200808040803
200805040807
200803030408
200803030410
200808040808
200803030412
200808040804
200803030403
200808040810
200803030401
200805040811
200808040811
200803030509
200808050101
200805050109
200803030507
200805050102
200805050107
200808050112
200808050108
200803030506
200803030511
200803030510
200805050106
200805050104
200803030501
200803030505
200805050101
200803030502
200805050112
200808050109
200808050106
200805050103
200808050102
200808050110
200808050104
200808050111
200803030503
200803030512
200805050105
200803030508
200808050107
200805050111
200805050108
200805050110
200803030504
200808050103
200808050105
200803030609
200805050201
200805050202
200805050210
200803030608
200805050208
200803030610
200808050201
200808050209
200805050212
200805050211
200808050211
200808050207
200805050203
200805050206
200803030612
200808050202
200808050210
200803030605
200808050206
200808050212
200808050203
200808050208
200805050204
200803030602
200803030603
200803030601
200803030606
200805050209
200803030604
200803030611
200808050204
200803030607
200808050205
200805050205
200805050207
200805050302
200803030710
200805050303
200805050305
200803030704
200805050306
200803030712
200808050312
200803030705
200808050304
200803030701
200805050304
200808050303
200803030706
200805050307
200803030707
200803030702
200805050301
200805050310
200805050308
200808050310
200808050309
200803030703
200808050307
200805050312
200808050306
200803030711
200803030709
200808050302
200808050311
200803030708
200808050305
200805050309
200808050301
200808050308
200805050311
200803030803
200803030810
200808050408
200803030804
200805050407
200803030801
200808050411
200805050408
200805050402
200805050404
200808050409
200803030812
200803030807
200805050405
200803030808
200805050409
200803030806
200808050407
200805050411
200803030802
200808050406
200808050404
200808050410
200808050405
200808050401
200805050412
200808050412
200803030805
200808050403
200805050406
200805050410
200805050403
200803030809
200805050401
200808050402
200803030811
200805050509
200805050502
200805050512
200803030903
200805050501
200805050511
200803030906
200803030912
200803030909
200803030910
200803030911
200805050510
200803030904
200805050506
200803030901
200803030908
200805050505
200805050507
200803030907
200805050508
200803030905
200803030902
200805050503
200805050504
200805050611
200805050608
200808050512
200805050603
200805050604
200805050605
200808050508
200805050609
200805050606
200808050505
200805050607
200808050511
200808050503
200808050510
200808050507
200805050612
200808050504
200808050506
200808050509
200805050601
200808050501
200808050502
200805050602
200805050610
200803031005
200808050602
200808050606
200808050605
200808050611
200808050612
200803031010
200803031003
200808050603
200808050607
200808050608
200803031001
200803031006
200803031009
200803031011
200808050609
200803031008
200808050604
200803031004
200803031002
200808050601
200803031007
200808050610
200803031012
200805050708
200805050710
200805050701
200808050704
200808050712
200805050705
200808050707
200805050703
200808050701
200808050711
200805050709
200805050707
200808050708
200805050712
200808050705
200808050710
200808050702
200805050702
200805050704
200808050706
200805050706
200805050711
200808050703
200808050709
200808050809
200805050805
200805050803
200805050804
200808050804
200808050802
200805050801
200808050811
200805050811
200808050806
200805050807
200808050807
200808050812
200808050805
200805050808
200805050806
200808050803
200808050810
200808050808
200805050802
200805050810
200808050801
200805050809
200806050107
200806050109
200806050105
200809050105
200806050106
200806050110
200806050102
200809050101
200809050109
200806050104
200809050102
200806050103
200806050101
200809050107
200809050112
200809050110
200809050104
200809050111
200806050108
200806050112
200809050108
200809050106
200806050111
200809050103
200806050209
200809050205
200809050203
200809050210
200806050206
200809050211
200809050206
200806050207
200809050208
200806050204
200809050201
200809050202
200809050207
200809050204
200806050201
200806050205
200806050211
200809050209
200806050202
200806050208
200809050212
200806050203
200806050210
200806050212
200806050305
200809050311
200809050308
200807030107
200809050312
200807030110
200806050306
200806050304
200807030111
200807030106
200807030104
200807030103
200806050302
200806050308
200806050312
200807030101
200809050307
200807030112
200809050302
200807030105
200806050307
200809050306
200807030109
200809050301
200809050309
200809050303
200809050305
200806050311
200806050301
200806050310
200809050304
200809050310
200806050309
200807030102
200806050303
200807030108
200807030209
200806050407
200807030208
200806050403
200806050405
200809050405
200807030207
200807030204
200809050402
200809050406
200806050402
200807030202
200807030210
200809050404
200806050412
200807030212
200809050408
200806050401
200809050403
200807030205
200809050401
200806050409
200806050411
200806050404
200809050409
200806050406
200809050407
200807030206
200807030203
200806050410
200807030211
200809050410
200809050412
200806050408
200809050411
200807030201
200807030310
200809050511
200806050504
200809050512
200807030304
200806050501
200807030307
200807030309
200806050511
200807030308
200807030302
200809050502
200806050503
200809050508
200809050510
200807030303
200806050509
200809050501
200809050506
200806050510
200806050506
200806050508
200806050502
200807030305
200806050505
200806050512
200807030306
200807030311
200809050503
200807030301
200806050507
200809050507
200807030312
200809050504
200809050509
200809050505
200806050601
200806050608
200806050602
200807030403
200806050606
200806050612
200807030404
200807030409
200807030410
200807030401
200809050602
200809050608
200809050610
200806050611
200807030412
200809050605
200809050606
200809050609
200806050603
200807030407
200806050605
200806050604
200807030406
200809050603
200809050611
200806050609
200806050607
200809050601
200806050610
200807030402
200809050604
200809050612
200807030411
200809050607
200807030408
200807030405
200807030501
200806050702
200806050712
200806050707
200806050705
200807030504
200807030502
200809050707
200807030510
200809050702
200809050708
200806050711
200806050703
200807030512
200806050710
200806050709
200809050705
200809050710
200809050703
200809050709
200809050701
200807030506
200809050706
200807030509
200809050712
200806050708
200806050706
200807030508
200807030511
200806050701
200806050704
200809050711
200807030503
200809050704
200807030505
200807030507
200809050808
200807030601
200807030603
200809050805
200806050804
200809050812
200807030608
200807030605
200807030606
200807030602
200809050806
200806050802
200806050807
200809050809
200809050801
200806050810
200807030611
200806050806
200809050802
200806050803
200809050807
200809050811
200809050810
200806050805
200807030609
200806050801
200806050809
200807030610
200806050811
200807030607
200809050803
200806050808
200809050804
200807030612
200807030604
