200906010110
200906010101
200908010110
200908010101
200906010108
200908010106
200908010102
200908010112
200906010112
200908010103
200906010102
200906010111
200908010105
200908010111
200906010105
200906010106
200906010104
200908010107
200906010103
200908010104
200906010107
200908010108
200906010109
200908010109
200908010201
200908010205
200906010202
200906010209
200906010212
200906010201
200906010208
200906010205
200906010203
200908010203
200908010212
200906010210
200908010210
200908010209
200908010211
200908010208
200906010211
200908010206
200908010207
200908010202
200908010204
200906010206
200906010204
200906010207
200906010309
200908010301
200908010304
200906010304
200906010310
200908010311
200907010112
200908010306
200907010104
200907010103
200907010105
200908010308
200908010310
200906010305
200906010303
200907010108
200907010106
200906010302
200908010309
200906010311
200907010101
200906010308
200907010109
200908010302
200907010111
200908010303
200907010102
200907010110
200906010306
200908010312
200906010307
200906010301
200908010307
200908010305
200907010107
200906010312
200908010407
200906010407
200907010209
200906010402
200907010204
200906010403
200908010410
200908010411
200908010405
200908010406
200906010412
200906010410
200906010404
200907010202
200908010409
200907010207
200907010210
200907010206
200907010203
200907010212
200907010205
200906010401
200908010403
200906010409
200907010211
200906010411
200908010401
200906010406
200906010408
200907010201
200908010408
200908010412
200907010208
200908010404
200908010402
200906010405
200907010301
200907010303
200908010507
200907010304
200908010509
200908010502
200908010510
200906010506
200908010504
200906010501
200908010506
200907010311
200907010305
200907010306
200907010312
200907010310
200908010508
200908010512
200906010508
200906010511
200906010512
200907010308
200906010504
200908010505
200906010510
200907010309
200907010307
200906010503
200907010302
200908010503
200906010505
200908010511
200906010507
200906010509
200906010502
200908010501
200907010412
200907010405
200906010612
200908010604
200908010608
200908010610
200906010607
200908010611
200907010402
200907010401
200907010406
200908010607
200908010609
200908010602
200906010605
200906010602
200907010410
200907010411
200908010612
200907010403
200906010604
200906010606
200906010609
200908010603
200906010601
200907010404
200907010407
200908010606
200906010610
200906010603
200907010408
200908010605
200906010611
200906010608
200908010601
200907010409
200906010709
200907010511
200908010711
200906010707
200906010711
200907010507
200908010705
200908010707
200908010702
200908010703
200906010701
200908010704
200906010710
200907010509
200906010702
200906010705
200907010502
200908010710
200906010704
200907010503
200907010501
200908010701
200908010706
200908010709
200907010506
200908010708
200907010510
200907010512
200907010505
200907010504
200906010712
200906010708
200906010703
200908010712
200907010508
200906010706
200906010805
200906010802
200906010803
200906010811
200907010607
200907010610
200907010608
200908010804
200906010807
200906010810
200906010804
200907010606
200907010611
200908010807
200908010801
200908010806
200908010808
200908010809
200907010601
200906010812
200908010810
200907010612
200906010808
200906010806
200907010609
200908010802
200908010812
200906010801
200908010811
200907010604
200907010605
200908010803
200907010602
200908010805
200907010603
200906010809
200908020109
200908020102
200905010101
200905010108
200908020107
200905010105
200908020104
200905010111
200908020111
200908020108
200905010103
200905010104
200905010107
200908020103
200908020106
200905010109
200908020110
200908020101
200905010106
200905010110
200905010102
200905010112
200908020105
200908020112
200905010201
200905010206
200905010209
200908020205
200908020212
200908020207
200905010208
200905010204
200908020204
200905010202
200908020201
200908020203
200908020202
200905010210
200908020210
200908020208
200908020206
200905010203
200908020209
200905010212
200905010211
200908020211
200905010205
200905010207
200908020301
200910010103
200905010305
200910010111
200910010101
200908020305
200910010102
200910010112
200908020311
200908020312
200905010302
200910010104
200905010312
200905010306
200905010304
200910010108
200908020307
200908020310
200905010311
200910010110
200905010301
200910010107
200908020304
200908020306
200905010303
200908020308
200908020309
200910010106
200908020303
200905010310
200905010309
200905010308
200905010307
200908020302
200910010105
200910010109
200905010403
200910010202
200908020412
200908020411
200910010209
200910010211
200908020402
200905010409
200908020410
200910010204
200905010402
200905010406
200908020408
200908020401
200908020403
200910010201
200905010411
200908020404
200908020409
200910010203
200910010208
200910010207
200905010412
200910010210
200910010212
200908020405
200910010205
200905010404
200908020406
200905010410
200905010407
200910010206
200905010401
200905010408
200908020407
200905010405
200908020509
200910010302
200905010502
200905010503
200908020511
200908020508
200910010301
200908020504
200910010304
200908020507
200905010501
200905010504
200910010310
200908020503
200910010303
200908020505
200905010508
200905010509
200908020510
200910010305
200910010311
200905010512
200910010312
200908020502
200905010511
200908020501
200910010306
200905010506
200905010507
200908020512
200905010510
200910010308
200910010307
200905010505
200910010309
200908020506
200910010407
200910010404
200905010609
200908020612
200905010612
200910010408
200910010412
200910010406
200905010601
200905010603
200908020606
200910010411
200910010409
200908020607
200908020610
200908020603
200910010401
200905010604
200908020609
200910010403
200910010405
200910010410
200908020605
200908020601
200908020611
200905010611
200905010605
200905010610
200910010402
200908020602
200908020608
200908020604
200905010608
200905010602
200905010607
200905010606
200905010712
200908020702
200908020706
200908020709
200910010503
200910010508
200910010507
200908020712
200905010707
200910010510
200910010512
200908020704
200908020710
200905010708
200910010509
200908020703
200910010502
200905010710
200910010501
200910010505
200908020705
200905010706
200908020711
200908020707
200905010709
200910010504
200908020708
200905010705
200905010701
200910010511
200905010703
200910010506
200905010702
200905010711
200908020701
200905010704
200908020810
200910010605
200908020804
200905010811
200908020805
200910010602
200910010601
200910010611
200908020808
200910010610
200905010803
200905010801
200908020812
200905010810
200908020802
200908020807
200910010612
200905010804
200905010809
200905010807
200910010603
200910010606
200910010607
200908020803
200908020801
200905010805
200908020806
200910010608
200905010802
200908020809
200905010812
200910010604
200905010806
200908020811
200905010808
200910010609
200906020112
200909010106
200909010104
200910010704
200909010110
200909010111
200906020104
200910010706
200906020107
200910010708
200910010710
200906020102
200910010707
200906020106
200906020101
200906020103
200909010108
200909010102
200910010703
200910010709
200909010105
200909010112
200906020108
200910010701
200906020110
200909010107
200909010103
200910010711
200906020109
200910010702
200909010101
200910010712
200910010705
200906020105
200909010109
200906020111
200909010209
200909010206
200906020207
200906020208
200910010801
200906020203
200909010203
200909010207
200906020206
200909010201
200909010202
200906020204
200910010808
200906020205
200909010212
200910010806
200909010210
200906020201
200906020210
200910010804
200910010802
200910010809
200910010812
200910010805
200910010811
200909010211
200910010807
200906020211
200906020202
200906020212
200909010208
200909010204
200910010803
200906020209
200909010205
200910010810
200909010303
200909010310
200909010305
200909010311
200906020312
200909010312
200906020308
200906020309
200906020307
200909010309
200906020311
200906020301
200909010304
200909010301
200906020303
200906020302
200909010307
200906020304
200909010306
200909010308
200906020306
200906020310
200906020305
200909010302
200906020404
200909010406
200909010411
200906020412
200909010410
200909010407
200906020407
200906020408
200909010401
200906020402
200906020406
200906020401
200909010408
200909010403
200906020411
200909010409
200909010402
200906020409
200909010412
200909010405
200906020410
200906020403
200906020405
200909010404
200906020508
200906020502
200906020510
200906020501
200906020509
200909010506
200909010504
200909010510
200906020507
200907020112
200906020506
200909010501
200907020102
200907020104
200909010512
200907020107
200909010502
200907020109
200907020110
200907020101
200906020512
200906020511
200906020504
200909010511
200909010509
200909010505
200906020503
200909010503
200907020105
200909010507
200907020103
200907020111
200907020106
200907020108
200906020505
200909010508
200909010601
200909010611
200907020202
200909010608
200907020212
200907020209
200909010609
200906020609
200906020608
200906020601
200909010604
200907020207
200906020602
200906020607
200907020211
200909010605
200907020201
200909010602
200909010610
200906020603
200907020203
200906020605
200906020612
200906020611
200909010612
200909010606
200906020610
200907020206
200907020205
200909010607
200909010603
200907020208
200907020210
200906020604
200906020606
200907020204
200909010703
200906020707
200907020301
200906020711
200906020701
200907020308
200906020704
200907020306
200909010712
200907020307
200906020709
200907020302
200907020310
200909010704
200907020309
200906020703
200909010705
200909010702
200907020312
200906020702
200907020305
200906020708
200906020710
200909010701
200909010710
200909010709
200907020311
200909010707
200907020304
200906020712
200907020303
200906020705
200906020706
200909010706
200909010711
200909010708
200909010807
200909010802
200909010810
200907020410
200906020809
200907020404
200907020403
200907020412
200907020401
200906020802
200906020803
200909010806
200906020801
200906020805
200907020408
200906020804
200906020808
200909010811
200909010812
200906020810
200906020812
200907020411
200907020402
200909010803
200909010808
200906020806
200906020807
200909010804
200909010801
200909010805
200907020405
200907020406
200906020811
200907020407
200907020409
200909010809
200907020512
200906030107
200909020107
200909020111
200906030104
200906030103
200907020508
200909020101
200906030106
200909020102
200907020501
200907020509
200906030102
200909020110
200907020510
200907020505
200907020507
200907020511
200909020109
200906030101
200909020105
200906030109
200906030111
200909020103
200906030110
200907020502
200907020503
200906030112
200909020108
200909020104
200907020504
200909020106
200909020112
200907020506
200906030108
200906030105
200906030204
200907020602
200909020212
200907020608
200907020607
200909020210
200907020610
200909020211
200907020612
200909020201
200909020207
200907020604
200909020205
200909020204
200907020601
200906030201
200907020606
200909020209
200907020609
200907020605
200906030209
200909020203
200906030210
200909020208
200906030205
200906030206
200909020206
200906030207
200907020603
200906030203
200906030208
200906030202
200906030212
200909020202
200906030211
200907020611
200906030301
200906030309
200909020304
200909020301
200906030303
200906030308
200909020302
200906030305
200909020310
200909020309
200909020306
200909020311
200909020308
200906030311
200909020307
200906030312
200909020312
200906030304
200906030302
200906030310
200906030306
200909020303
200909020305
200906030307
200906030401
200909020410
200906030406
200906030411
200906030403
200909020407
200906030402
200906030409
200909020403
200909020404
200909020405
200909020409
200906030408
200906030410
200906030405
200909020402
200909020408
200906030404
200909020401
200909020412
200909020411
200906030407
200906030412
200909020406
200906030508
200906030510
200909020508
200906030501
200906030512
200903010112
200909020506
200906030503
200909020503
200909020510
200906030502
200906030505
200903010104
200906030507
200909020504
200906030511
200909020505
200909020507
200903010101
200909020501
200909020511
200903010106
200909020502
200909020509
200903010110
200903010111
200906030504
200903010103
200903010105
200906030509
200909020512
200903010108
200906030506
200903010107
200903010102
200903010109
200906030610
200909020607
200906030601
200909020601
200909020604
200909020603
200909020606
200906030607
200906030611
200909020609
200909020610
200903010202
200909020605
200909020612
200906030609
200903010201
200903010203
200906030602
200906030604
200903010207
200903010212
200906030603
200903010209
200906030606
200909020608
200903010204
200903010211
200903010205
200909020602
200903010210
200903010208
200906030608
200906030605
200906030612
200909020611
200903010206
200909020701
200909020706
200909020704
200903010308
200903010304
200906030704
200906030707
200903010312
200906030702
200906030701
200906030708
200909020709
200909020702
200903010306
200906030709
200903010311
200909020712
200903010302
200909020707
200909020703
200906030712
200906030706
200906030710
200909020711
200903010303
200903010301
200909020705
200903010309
200903010305
200903010310
200906030703
200909020710
200903010307
200909020708
200906030705
200906030711
200906030806
200906030811
200903010408
200906030803
200906030812
200903010409
200903010405
200903010401
200903010404
200903010412
200909020811
200909020808
200903010410
200909020802
200909020806
200903010406
200909020804
200906030809
200906030810
200906030805
200909020801
200903010402
200906030808
200906030801
200909020803
200909020807
200909020809
200906030807
200909020805
200903010403
200906030802
200909020810
200909020812
200903010407
200903010411
200906030804
200903010502
200905020105
200905020106
200903010503
200908030105
200908030112
200908030108
200903010510
200903010504
200905020101
200908030110
200908030103
200908030106
200903010508
200905020102
200908030102
200905020111
200903010505
200903010506
200908030104
200903010501
200905020104
200905020109
200905020112
200905020107
200908030107
200908030109
200905020103
200908030101
200908030111
200905020110
200903010511
200903010512
200905020108
200903010507
200903010509
200903010605
200903010603
200905020205
200905020212
200908030204
200905020204
200908030207
200903010609
200905020207
200908030208
200903010604
200905020203
200905020202
200908030202
200908030212
200903010608
200905020210
200905020201
200908030209
200908030203
200908030205
200903010611
200905020206
200908030211
200903010612
200903010601
200905020208
200908030206
200903010610
200905020211
200903010606
200903010602
200903010607
200908030201
200905020209
200908030210
200904010111
200905020306
200904010108
200908030307
200905020309
200905020310
200904010110
200905020305
200904010104
200908030305
200904010101
200905020307
200904010106
200904010103
200908030309
200908030306
200905020302
200904010107
200908030312
200908030301
200908030303
200904010112
200905020311
200904010109
200905020308
200908030304
200908030308
200904010102
200905020301
200908030302
200904010105
200905020303
200905020304
200908030310
200908030311
200905020312
200905020408
200904010211
200908030403
200908030407
200905020407
200908030406
200905020401
200908030402
200908030408
200908030404
200905020405
200905020402
200904010210
200908030405
200904010203
200905020404
200908030411
200905020410
200904010209
200904010208
200908030409
200904010212
200908030401
200904010206
200904010202
200905020409
200905020406
200904010204
200905020412
200908030412
200904010205
200905020403
200908030410
200905020411
200904010201
200904010207
200904010304
200905020509
200905020506
200905020507
200904010307
200905020512
200904010312
200908030505
200904010306
200904010303
200904010305
200904010311
200905020505
200908030506
200908030501
200908030510
200904010301
200908030503
200908030507
200904010309
200908030512
200905020502
200904010308
200908030508
200905020503
200908030504
200908030509
200905020508
200905020501
200908030511
200904010302
200908030502
200905020504
200904010310
200905020511
200905020510
200904010404
200908030609
200905020612
200905020601
200905020602
200908030603
200908030607
200904010402
200905020604
200904010411
200908030606
200905020603
200908030601
200904010407
200908030611
200904010406
200904010401
200905020609
200905020605
200905020611
200904010403
200908030602
200904010412
200908030604
200905020606
200905020610
200908030608
200904010405
200905020608
200904010409
200904010408
200908030612
200904010410
200905020607
200908030605
200908030610
200904010502
200905020707
200905020706
200904010509
200905020710
200908030705
200904010503
200904010507
200904010511
200905020712
200905020708
200905020702
200908030709
200908030704
200908030706
200905020711
200908030712
200908030708
200908030710
200904010501
200904010505
200908030701
200905020703
200904010504
200905020705
200904010512
200905020704
200904010508
200904010506
200904010510
200908030711
200905020701
200905020709
200908030702
200908030707
200908030703
200904010609
200904010605
200905020804
200904010610
200908030811
200908030808
200905020803
200904010611
200904010602
200904010612
200904010608
200908030809
200904010603
200905020811
200905020807
200904010606
200908030804
200908030807
200905020809
200905020805
200905020810
200905020801
200908030812
200908030806
200908030810
200905020802
200908030801
200905020806
200908030805
200908030803
200905020808
200908030802
200905020812
200904010607
200904010601
200904010604
200904010701
200904010703
200905030109
200905030110
200904010702
200904010704
200907030111
200907030105
200905030101
200904010707
200907030101
200905030112
200904010705
200905030106
200905030107
200907030107
200905030105
200905030102
200907030106
200904010709
200907030108
200907030102
200907030109
200905030108
200904010706
200907030110
200904010711
200907030104
200905030104
200907030103
200904010710
200907030112
200904010712
200904010708
200905030103
200905030111
200904010805
200905030209
200905030205
200907030208
200907030207
200904010811
200907030209
200905030211
200905030208
200905030206
200904010801
200907030206
200905030204
200904010803
200904010809
200905030210
200904010808
200905030203
200907030211
200905030201
200905030202
200904010807
200905030212
200904010804
200907030212
200904010810
200905030207
200907030204
200907030210
200904010802
200904010812
200907030205
200907030202
200907030203
200904010806
200907030201
200905030307
200905030308
200907030308
200907030302
200905030303
200907030304
200907030305
200907030301
200905030309
200907030306
200907030309
200905030306
200907030312
200905030304
200905030301
200905030302
200905030310
200907030303
200907030310
200905030312
200905030305
200907030311
200905030311
200907030307
200905030409
200905030405
200905030410
200907030407
200907030412
200905030403
200905030407
200907030406
200905030411
200907030405
200905030406
200905030401
200905030404
200907030404
200907030411
200907030408
200907030409
200907030410
200907030403
200907030401
200905030402
200907030402
200905030412
200905030408
200907030502
200907030511
200905030511
200905030508
200907030503
200907030501
200905030503
200907030508
200907030505
200905030507
200905030509
200905030501
200905030504
200905030506
200905030502
200907030509
200905030512
200907030510
200907030506
200907030507
200905030510
200907030512
200905030505
200907030504
200907030603
200905030605
200905030602
200907030609
200907030610
200905030609
200905030611
200905030612
200907030612
200907030602
200905030603
200907030605
200905030606
200907030606
200907030608
200907030604
200905030601
200905030604
200907030601
200907030611
200907030607
200905030610
200905030608
200905030607
200905030708
200905030706
200907030704
200905030704
200905030703
200905030702
200905030705
200907030708
200907030705
200907030702
200907030707
200907030701
200905030701
200907030703
200905030707
200907030706
200907030712
200905030712
200905030710
200907030709
200907030710
200905030711
200905030709
200907030711
200905030802
200907030806
200907030803
200907030805
200907030812
200907030801
200905030809
200907030802
200907030807
200907030809
200905030801
200907030811
200905030812
200905030804
200905030803
200905030806
200905030811
200907030810
200905030808
200907030804
200905030810
200907030808
200905030805
200905030807
200903020109
200909030105
200909030112
200909030111
200901010103
200903020108
200901010106
200903020111
200901010112
200901010109
200909030106
200901010101
200901010102
200903020101
200909030102
200909030104
200903020112
200909030110
200901010105
200903020103
200903020104
200901010108
200903020106
200901010111
200903020107
200909030108
200909030109
200901010110
200909030101
200909030107
200901010107
200901010104
200903020105
200903020110
200903020102
200909030103
200901010209
200909030202
200901010204
200903020204
200901010208
200901010207
200903020207
200903020210
200901010206
200909030210
200909030205
200903020202
200903020209
200909030211
200901010210
200903020212
200903020211
200903020206
200903020205
200909030212
200901010212
200903020208
200901010203
200903020201
200901010202
200909030204
200901010201
200901010211
200903020203
200909030203
200909030208
200909030201
200909030207
200909030206
200909030209
200901010205
200909030310
200901010303
200903020310
200909030308
200901010310
200909030305
200901010305
200903020303
200903020305
200903020306
200909030306
200909030304
200909030309
200909030302
200901010308
200901010312
200901010302
200903020308
200909030311
200903020309
200909030307
200903020302
200901010307
200909030303
200901010311
200909030312
200903020304
200901010304
200901010306
200903020311
200903020301
200901010309
200903020307
200903020312
200901010301
200909030301
200901010403
200901010407
200903020410
200903020408
200903020405
200901010406
200901010401
200901010412
200903020411
200901010405
200903020406
200909030410
200901010404
200903020403
200903020412
200903020407
200909030404
200903020402
200901010409
200909030412
200909030409
200901010411
200909030402
200909030411
200909030406
200901010410
200901010402
200909030403
200903020404
200909030407
200909030408
200903020409
200903020401
200909030401
200909030405
200901010408
200909030509
200909030508
200909030510
200903020510
200903020506
200909030504
200901010509
200909030507
200901010503
200903020509
200903020504
200903020512
200903020508
200909030505
200901010510
200909030502
200903020503
200903020501
200901010511
200901010507
200901010506
200909030503
200901010508
200903020507
200909030501
200909030512
200901010505
200901010501
200901010502
200903020505
200901010512
200909030511
200909030506
200901010504
200903020511
200903020502
200909030604
200901010609
200903020612
200901010611
200903020609
200903020604
200903020605
200909030611
200901010607
200909030601
200909030606
200903020611
200901010610
200901010605
200909030603
200901010604
200903020608
200903020603
200909030610
200909030602
200901010601
200909030605
200903020601
200901010602
200909030607
200903020602
200901010612
200901010608
200901010606
200903020606
200909030612
200901010603
200903020607
200903020610
200909030609
200909030608
200903020710
200903020708
200909030710
200903020707
200903020711
200909030709
200909030701
200909030712
200903020709
200901010701
200909030704
200903020703
200903020704
200909030702
200909030705
200909030703
200901010705
200903020712
200903020702
200909030706
200901010703
200901010707
200909030707
200901010712
200901010711
200901010702
200901010710
200903020701
200903020705
200903020706
200901010704
200909030711
200909030708
200901010709
200901010708
200901010706
200903020806
200901010803
200901010805
200901010811
200901010807
200909030804
200909030807
200909030809
200903020809
200901010804
200901010810
200903020805
200909030803
200901010801
200903020803
200903020807
200901010802
200903020801
200901010808
200903020808
200901010809
200903020802
200909030802
200909030805
200909030812
200909030806
200901010806
200903020811
200909030801
200909030811
200903020812
200903020810
200901010812
200909030808
200909030810
200903020804
200904020104
200904020101
200901010905
200901010906
200901010912
200910020112
200904020107
200904020109
200904020112
200910020108
200910020109
200910020106
200901010909
200910020103
200901010910
200904020108
200910020105
200910020102
200910020101
200910020104
200901010904
200901010901
200901010911
200904020111
200910020111
200910020107
200910020110
200904020110
200904020102
200901010902
200904020105
200904020106
200901010907
200901010903
200901010908
200904020103
200901011009
200904020207
200910020201
200901011001
200901011004
200901011011
200904020205
200910020209
200904020206
200904020203
200904020212
200904020210
200901011003
200910020206
200901011008
200904020202
200910020203
200904020208
200904020211
200904020204
200901011012
200901011007
200910020204
200910020210
200904020201
200910020205
200910020202
200904020209
200910020207
200901011002
200910020208
200901011006
200910020211
200901011005
200910020212
200901011010
200904020307
200904020311
200910020307
200910020301
200910020311
200901011110
200901011108
200901011112
200901011107
200910020302
200904020312
200910020310
200901011101
200910020309
200904020302
200904020303
200901011104
200901011109
200904020308
200910020305
200901011106
200904020306
200901011111
200901011102
200904020301
200910020312
200910020303
200910020308
200904020309
200901011105
200904020304
200904020305
200901011103
200904020310
200910020306
200910020304
200904020412
200904020401
200910020409
200901011207
200901011212
200910020402
200910020411
200901011206
200901011203
200901011204
200901011209
200910020404
200904020404
200901011211
200901011208
200910020406
200904020407
200904020402
200910020410
200901011210
200901011202
200910020405
200910020407
200904020410
200904020411
200910020403
200901011205
200910020412
200910020408
200904020403
200904020408
200904020409
200904020405
200904020406
200901011201
200910020401
200910020503
200904020509
200904020504
200910020511
200904020507
200901020108
200901020106
200910020512
200904020510
200901020101
200901020102
200910020504
200901020112
200904020508
200901020107
200904020505
200910020510
200901020103
200901020105
200901020110
200910020507
200904020511
200910020505
200910020509
200901020109
200901020111
200910020502
200910020508
200904020503
200904020502
200901020104
200904020501
200910020501
200910020506
200904020506
200904020512
200901020208
200904020601
200901020205
200904020604
200910020612
200904020610
200910020609
200901020211
200901020202
200901020201
200910020604
200904020611
200910020602
200910020606
200901020203
200904020608
200904020607
200910020605
200901020207
200910020610
200910020607
200910020608
200910020611
200910020603
200901020210
200910020601
200901020204
200904020612
200901020209
200904020602
200904020603
200904020606
200901020206
200904020605
200904020609
200901020212
200910020704
200910020705
200910020706
200901020310
200910020712
200904020711
200904020709
200901020305
200904020710
200904020707
200901020307
200901020309
200901020304
200901020306
200904020712
200910020701
200901020312
200901020301
200910020708
200904020705
200910020709
200901020311
200904020702
200910020702
200904020701
200910020711
200910020707
200901020308
200904020704
200910020703
200904020706
200901020302
200901020303
200904020708
200904020703
200910020710
200904020810
200910020811
200910020802
200904020809
200904020812
200901020405
200910020807
200901020407
200904020807
200910020804
200901020406
200910020809
200904020811
200901020410
200910020801
200901020402
200904020808
200901020412
200901020408
200901020403
200910020810
200904020804
200904020801
200904020803
200910020803
200910020808
200901020401
200910020805
200901020404
200904020806
200910020812
200901020411
200904020802
200901020409
200910020806
200904020805
200910030110
200904030110
200910030109
200904030109
200910030107
200901020507
200901020501
200910030102
200901020508
200901020502
200904030107
200901020511
200904030104
200904030112
200910030101
200901020510
200910030106
200901020503
200904030102
200901020506
200901020512
200904030103
200910030112
200901020504
200904030108
200910030103
200910030108
200904030111
200904030105
200910030104
200901020509
200904030106
200904030101
200901020505
200910030111
200910030105
200910030211
200904030204
200910030204
200901020609
200910030210
200901020605
200910030201
200901020602
200904030207
200910030208
200910030209
200901020601
200904030210
200901020612
200910030207
200901020607
200904030205
200901020606
200910030203
200901020608
200904030203
200904030208
200904030212
200910030212
200901020611
200904030201
200910030202
200904030202
200904030211
200901020603
200910030205
200904030206
200904030209
200901020604
200910030206
200901020610
200904030308
200910030307
200910030303
200901020704
200910030312
200904030311
200901020701
200904030301
200901020710
200904030305
200904030312
200904030304
200910030306
200901020705
200901020702
200901020703
200904030303
200904030307
200904030310
200910030310
200904030302
200901020707
200904030306
200910030302
200904030309
200910030309
200910030308
200910030311
200901020712
200910030304
200901020706
200901020711
200910030305
200901020708
200901020709
200910030301
200901020805
200904030402
200910030411
200901020801
200910030412
200910030406
200901020806
200904030412
200904030407
200904030410
200910030402
200901020804
200904030403
200904030411
200904030404
200904030406
200901020812
200901020810
200904030409
200910030401
200910030407
200904030408
200910030408
200910030405
200901020808
200910030404
200910030409
200901020802
200904030405
200910030403
200910030410
200901020811
200901020803
200904030401
200901020807
200901020809
200901020904
200904030505
200901020906
200904030501
200904030503
200901020912
200910030511
200901020905
200910030503
200904030510
200901020908
200910030512
200910030502
200904030502
200910030506
200910030507
200904030506
200901020901
200904030507
200910030504
200910030501
200904030509
200901020907
200910030509
200901020902
200904030512
200910030508
200904030508
200904030504
200904030511
200901020910
200901020911
200910030505
200910030510
200901020909
200901020903
200910030605
200910030603
200904030605
200910030602
200901021008
200901021012
200904030610
200901021001
200904030604
200904030603
200901021002
200910030610
200910030607
200904030607
200901021003
200904030602
200901021006
200901021009
200904030612
200910030611
200904030601
200904030606
200904030609
200901021011
200910030609
200904030608
200910030608
200910030604
200901021004
200910030601
200910030612
200910030606
200901021005
200904030611
200901021007
200901021010
200901021107
200904030703
200904030706
200901021111
200904030711
200904030707
200910030712
200910030711
200910030709
200901021105
200904030704
200904030702
200910030701
200901021102
200901021104
200901021110
200904030705
200901021109
200904030709
200910030704
200910030708
200910030710
200901021101
200901021112
200910030705
200901021106
200910030707
200904030710
200904030701
200910030702
200910030706
200901021108
200904030708
200904030712
200910030703
200901021103
200910030805
200904030806
200904030808
200904030812
200901021212
200904030807
200910030808
200904030804
200910030811
200901021206
200904030801
200901021211
200904030809
200904030810
200901021210
200904030802
200910030809
200901021204
200904030803
200910030802
200910030801
200901021202
200910030807
200910030812
200904030811
200910030810
200910030803
200910030804
200901021201
200901021207
200901021208
200904030805
200901021203
200901021209
200910030806
200901021205
200909040105
200906040102
200906040110
200909040102
200906040108
200909040108
200904040105
200909040111
200904040106
200909040109
200906040103
200904040111
200904040103
200906040105
200904040107
200909040104
200906040109
200909040112
200904040109
200904040112
200904040104
200909040101
200904040108
200909040110
200906040104
200906040106
200909040106
200906040112
200904040110
200906040111
200909040103
200904040101
200906040107
200909040107
200904040102
200906040101
200904040207
200906040205
200906040202
200909040203
200909040206
200906040212
200904040208
200909040205
200906040206
200904040211
200909040208
200904040201
200906040204
200909040210
200906040210
200909040204
200909040207
200909040212
200909040211
200906040201
200904040206
200904040205
200909040202
200909040209
200904040202
200909040201
200904040209
200906040207
200904040204
200904040210
200904040203
200906040209
200906040211
200906040203
200906040208
200904040311
200904040308
200906040303
200904040306
200906040307
200906040301
200904040310
200906040305
200906040310
200906040306
200906040309
200904040303
200904040302
200906040312
200904040309
200904040305
200906040311
200904040304
200904040301
200906040304
200904040312
200906040308
200904040307
200906040302
200909040304
200906040410
200906040404
200909040307
200909040311
200909040309
200906040402
200906040412
200909040310
200909040305
200909040302
200906040408
200909040303
200906040406
200906040403
200909040308
200906040407
200906040401
200909040306
200909040312
200906040411
200906040409
200906040405
200909040301
200909040401
200904040405
200904040402
200909040403
200904040403
200904040401
200909040410
200909040402
200909040409
200909040408
200909040411
200909040412
200904040406
200904040409
200904040407
200904040410
200909040404
200904040408
200909040406
200909040407
200909040405
200904040404
200904040411
200904040412
200904040509
200904040511
200906040506
200909040508
200904040501
200906040502
200904040507
200906040508
200906040512
200909040507
200909040510
200906040507
200904040502
200909040504
200909040511
200909040506
200904040506
200904040505
200906040501
200906040509
200909040501
200909040512
200906040510
200909040503
200906040505
200906040504
200906040511
200904040512
200906040503
200909040502
200904040503
200904040510
200904040508
200904040504
200909040509
200909040505
200909040611
200906040609
200904040606
200906040604
200909040608
200909040601
200906040608
200909040603
200904040601
200909040604
200904040602
200904040610
200904040604
200909040609
200904040607
200909040610
200909040606
200906040603
200909040602
200906040610
200909040612
200906040612
200906040611
200904040612
200906040606
200906040602
200904040603
200909040605
200904040608
200906040601
200906040607
200906040605
200904040605
200904040609
200904040611
200909040607
200909040709
200906040708
200906040711
200906040706
200906040703
200909040704
200906040710
200909040705
200909040703
200906040709
200906040704
200909040712
200906040702
200906040707
200906040712
200909040702
200909040707
200906040701
200909040701
200909040710
200906040705
200909040706
200909040711
200909040708
200906040811
200909040807
200909040805
200909040809
200906040805
200909040812
200909040803
200906040809
200909040802
200909040804
200909040801
200909040806
200906040806
200909040808
200906040807
200906040803
200906040808
200909040811
200906040802
200906040810
200906040804
200906040801
200909040810
200906040812
200905040105
200908040101
200908040105
200905040108
200908040103
200908040108
200905040112
200905040104
200905040103
200908040106
200908040110
200908040104
200905040102
200908040112
200908040109
200905040110
200905040107
200905040101
200905040111
200908040102
200905040106
200908040111
200908040107
200905040109
200908040206
200905040202
200908040203
200905040204
200905040206
200905040208
200908040208
200905040210
200908040212
200905040209
200908040205
200908040211
200908040207
200908040209
200905040205
200905040201
200905040212
200905040211
200908040202
200908040201
200905040207
200908040210
200908040204
200905040203
200905040305
200905040304
200908040307
200905040306
200905040311
200905040309
200905040301
200908040302
200905040303
200905040310
200908040312
200908040311
200905040308
200908040303
200908040305
200908040301
200908040309
200905040302
200908040308
200905040312
200908040304
200905040307
200908040306
200908040310
200905040410
200905040402
200908040407
200905040409
200905040408
200908040411
200908040412
200908040403
200905040406
200905040411
200905040405
200905040401
200908040402
200905040407
200908040401
200908040408
200908040410
200908040409
200905040412
200905040404
200905040403
200908040405
200908040406
200908040404
200908040509
200905040503
200905040509
200903030105
200908040503
200903030103
200908040505
200903030109
200908040507
200905040502
200905040508
200903030106
200905040507
200908040506
200908040502
200903030108
200905040501
200908040504
200908040512
200903030101
200903030111
200908040511
200903030110
200908040501
200905040505
200905040510
200908040510
200908040508
200905040504
200905040512
200905040511
200905040506
200903030107
200903030104
200903030102
200903030112
200908040608
200908040612
200905040611
200903030208
200908040606
200905040603
200908040601
200903030201
200903030212
200908040602
200908040605
200905040610
200908040604
200903030202
200905040604
200905040606
200903030203
200903030209
200905040609
200908040610
200908040609
200903030204
200908040611
200908040607
200905040601
200905040612
200908040603
200903030210
200905040602
200903030211
200905040607
200905040605
200903030206
200905040608
200903030205
200903030207
200903030308
200908040703
200903030305
200903030309
200908040710
200903030301
200903030304
200908040704
200903030310
200908040705
200903030303
200903030311
200905040703
200903030312
200905040701
200905040704
200908040708
200905040710
200908040706
200903030306
200905040711
200908040711
200905040705
200908040701
200908040709
200905040712
200905040708
200905040707
200908040712
200905040706
200908040707
200903030302
200903030307
200905040709
200908040702
200905040702
200908040812
200905040811
200905040809
200908040803
200905040808
200908040802
200908040809
200905040810
200905040807
200905040802
200903030410
200903030402
200903030404
200908040801
200905040805
200905040804
200903030412
200903030405
200903030403
200903030401
200905040803
200903030409
200908040805
200903030408
200903030407
200908040804
200908040806
200905040806
200903030411
200903030406
200908040808
200908040807
200905040801
200905040812
200908040811
200908040810
200903030501
200903030504
200903030506
200905050105
200908050101
200903030512
200908050103
200903030505
200908050109
200905050108
200908050107
200905050102
200908050112
200908050106
200903030507
200905050103
200908050111
200903030503
200905050111
200903030510
200905050101
200905050110
200908050102
200903030511
200903030502
200905050104
200908050110
200908050104
200908050108
200903030509
200905050107
200905050112
200908050105
200903030508
200905050109
200905050106
200908050208
200903030608
200903030609
200908050203
200905050206
200903030601
200903030611
200908050205
200908050201
200908050211
200908050212
200903030610
200905050207
200903030607
200903030606
200903030604
200905050204
200908050204
200905050210
200903030605
200908050209
200908050202
200903030602
200905050212
200905050209
200908050207
200905050201
200903030603
200908050210
200905050205
200905050211
200905050202
200903030612
200905050208
200908050206
200905050203
200905050306
200908050306
200908050303
200903030703
200908050305
200908050312
200903030704
200903030710
200908050309
200903030709
200905050308
200903030702
200905050301
200905050303
200908050310
200905050307
200903030705
200903030707
200905050304
200908050308
200903030701
200903030706
200903030708
200908050304
200905050305
200905050312
200908050311
200905050310
200905050309
200905050311
200908050302
200908050301
200903030711
200903030712
200908050307
200905050302
200908050408
200903030808
200905050409
200903030806
200905050410
200908050406
200908050411
200905050407
200908050410
200903030803
200905050406
200905050404
200908050409
200903030801
200903030804
200903030809
200905050405
200903030805
200905050403
200903030811
200903030812
200905050412
200908050402
200908050401
200903030810
200903030807
200908050407
200905050411
200905050402
200908050404
200908050405
200908050412
200908050403
200905050408
200905050401
200903030802
200908050508
200903030912
200905050501
200905050512
200905050511
200908050501
200908050505
200908050512
200903030906
200905050508
200903030903
200903030907
200908050504
200903030910
200905050509
200908050509
200908050511
200908050510
200905050502
200908050503
200903030909
200905050510
200905050506
200903030902
200903030905
200905050505
200905050507
200905050504
200903030904
200908050502
200905050503
200903030901
200908050506
200908050507
200903030908
200903030911
200908050604
200903031012
200903031010
200905050610
200908050612
200908050607
200903031008
200905050604
200908050608
200903031011
200903031004
200908050609
200905050609
200908050611
200908050602
200905050603
200903031003
200908050603
200903031007
200905050607
200908050601
200905050605
200903031006
200908050606
200903031002
200908050610
200903031001
200903031009
200905050606
200905050612
200905050608
200905050611
200908050605
200903031005
200905050602
200905050601
200908050711
200908050707
200905050709
200905050711
200908050709
200908050704
200905050707
200908050708
200905050705
200905050703
200905050706
200905050708
200908050703
200905050701
200905050712
200905050710
200908050701
200908050702
200905050702
200908050705
200908050712
200905050704
200908050706
200908050710
200905050805
200905050810
200908050809
200908050807
200908050808
200905050804
200908050810
200908050812
200908050801
200905050808
200905050806
200905050801
200905050809
200905050811
200908050805
200908050811
200908050806
200908050803
200905050803
200908050804
200905050802
200905050807
200908050802
200906050104
200906050112
200909050109
200909050105
200909050112
200909050108
200906050110
200909050103
200906050101
200906050111
200906050107
200909050102
200909050101
200906050109
200909050106
200906050103
200906050106
200909050104
200909050107
200909050111
200906050102
200906050105
200909050110
200906050108
200906050206
200909050202
200909050207
200906050205
200906050209
200906050211
200909050210
200906050208
200909050204
200909050205
200906050207
200906050212
200906050201
200909050203
200909050212
200909050206
200906050210
200909050208
200909050209
200906050203
200906050204
200906050202
200909050211
200909050201
200906050312
200907040102
200906050308
200907040108
200909050303
200909050309
200906050309
200907040105
200907040112
200906050311
200907040104
200907040106
200907040109
200906050301
200907040107
200906050304
200906050306
200909050301
200906050307
200907040103
200907040111
200909050307
200909050302
200907040110
200909050305
200906050305
200909050310
200907040101
200906050302
200909050304
200906050303
200909050311
200909050308
200906050310
200909050312
200909050306
200907040208
200906050412
200909050407
200906050407
200907040212
200909050402
200906050402
200906050411
200909050411
200907040205
200909050405
200909050409
200907040202
200907040203
200906050410
200907040211
200907040206
200909050406
200906050406
200907040201
200907040210
200906050409
200907040207
200909050412
200906050404
200909050401
200906050405
200909050403
200909050410
200907040209
200907040204
200906050401
200909050408
200906050408
200909050404
200906050403
200909050511
200906050512
200907040310
200907040306
200906050505
200909050508
200906050508
200907040307
200907040312
200906050502
200907040311
200909050509
200909050506
200907040302
200906050511
200907040305
200909050502
200907040303
200906050509
200909050504
200909050503
200906050506
200906050510
200909050512
200909050510
200909050507
200909050505
200906050503
200906050501
200907040308
200906050504
200907040309
200909050501
200906050507
200907040304
200907040301
200909050601
200909050604
200906050610
200907040403
200909050611
200906050608
200907040406
200909050610
200907040402
200906050606
200909050612
200907040407
200907040405
200906050611
200906050603
200906050604
200909050608
200909050609
200909050603
200909050606
200906050607
200907040401
200907040409
200907040411
200907040404
200907040410
200906050601
200906050612
200909050602
200906050605
200909050607
200909050605
200907040412
200907040408
200906050602
200906050609
200906050701
200909050710
200907040508
200907040503
200906050706
200907040510
200909050703
200909050708
200906050711
200909050711
200907040507
200907040501
200907040511
200907040502
200906050704
200906050710
200909050701
200906050709
200909050705
200907040509
200909050704
200906050703
200909050712
200907040506
200906050712
200906050708
200909050702
200909050707
200907040504
200909050706
200907040512
200906050705
200906050702
200907040505
200906050707
200909050709
200909050810
200907040601
200907040608
200906050807
200906050810
200907040607
200909050807
200906050808
200907040612
200909050802
200906050803
200906050802
200906050806
200909050808
200907040605
200909050806
200907040611
200906050801
200907040603
200909050809
200909050804
200909050805
200907040606
200906050811
200907040610
200906050804
200909050812
200907040609
200906050805
200909050811
200909050801
200906050809
200909050803
200907040604
200907040602
