201006010108
201006010103
201008010109
201008010111
201008010103
201006010107
201008010107
201008010102
201006010104
201008010108
201006010109
201008010104
201006010106
201006010111
201006010110
201006010102
201006010105
201008010105
201006010101
201008010112
201008010101
201008010106
201006010112
201008010110
201006010212
201008010209
201008010210
201008010211
201006010209
201008010203
201008010206
201008010207
201006010210
201006010208
201008010201
201006010211
201008010205
201006010201
201006010207
201008010202
201006010206
201006010202
201006010204
201008010208
201006010203
201008010204
201008010212
201006010205
201008010303
201008010307
201008010305
201008010304
201008010308
201006010310
201006010311
201006010303
201006010305
201006010302
201008010302
201006010301
201006010307
201008010301
201008010310
201008010309
201006010308
201006010309
201008010306
201008010312
201006010312
201008010311
201006010304
201006010306
201006010407
201006010408
201008010402
201008010408
201008010407
201006010410
201008010403
201006010412
201008010406
201008010409
201006010402
201006010406
201008010405
201008010410
201006010404
201008010404
201008010412
201006010403
201006010401
201008010401
201006010409
201008010411
201006010411
201006010405
201006010511
201008010509
201008010501
201008010503
201008010506
201008010512
201006010508
201008010505
201008010511
201008010502
201008010508
201006010504
201006010507
201006010501
201008010504
201008010510
201006010510
201008010507
201006010509
201006010506
201006010512
201006010503
201006010505
201006010502
201006010606
201006010601
201008010607
201008010612
201006010603
201006010608
201006010604
201008010601
201006010609
201008010603
201006010605
201008010605
201008010604
201006010610
201008010606
201006010602
201008010611
201008010610
201006010612
201008010602
201006010607
201006010611
201008010608
201008010609
201007010106
201006010707
201008010702
201006010706
201008010708
201008010701
201006010710
201008010709
201006010705
201006010712
201006010711
201008010710
201007010107
201007010111
201008010711
201008010704
201007010101
201007010103
201008010703
201007010105
201006010701
201008010706
201007010102
201008010707
201006010704
201007010112
201008010712
201006010708
201007010104
201006010703
201007010110
201006010702
201007010109
201006010709
201008010705
201007010108
201006010809
201008010802
201007010208
201007010201
201006010801
201006010811
201006010803
201006010805
201006010812
201007010211
201006010802
201006010806
201007010207
201008010811
201007010209
201007010212
201007010204
201007010206
201008010801
201008010803
201008010807
201008010808
201008010812
201008010810
201007010202
201007010203
201008010804
201006010808
201007010205
201008010805
201006010807
201008010806
201006010810
201006010804
201008010809
201007010210
201005010102
201008020102
201005010110
201008020104
201008020112
201005010103
201005010106
201007010302
201008020106
201008020101
201008020110
201005010108
201007010305
201005010104
201005010107
201007010306
201008020105
201007010303
201007010312
201008020109
201008020107
201007010311
201005010109
201005010111
201007010301
201007010307
201008020108
201008020103
201007010304
201008020111
201005010101
201005010105
201007010310
201007010308
201007010309
201005010112
201008020212
201007010404
201008020203
201008020204
201005010212
201007010407
201007010411
201008020202
201007010409
201005010206
201007010402
201007010406
201005010205
201008020201
201007010412
201008020206
201008020209
201005010201
201005010211
201005010207
201007010401
201005010210
201008020205
201005010203
201008020208
201005010209
201008020207
201008020211
201005010208
201005010204
201007010408
201007010410
201007010403
201007010405
201005010202
201008020210
201007010510
201007010512
201007010508
201008020307
201005010302
201005010309
201008020309
201005010312
201008020302
201008020308
201007010501
201007010504
201008020311
201007010505
201007010511
201005010303
201005010310
201008020303
201005010304
201005010308
201005010301
201007010506
201008020305
201005010311
201005010305
201007010502
201008020301
201008020310
201008020312
201007010509
201005010307
201007010507
201005010306
201008020304
201008020306
201007010503
201007010602
201007010611
201007010605
201005010404
201007010603
201007010610
201005010402
201008020411
201008020406
201007010604
201008020409
201008020412
201005010412
201007010609
201005010411
201008020403
201005010408
201005010401
201008020405
201008020402
201007010607
201005010409
201007010601
201008020401
201005010405
201005010410
201008020404
201005010403
201008020410
201007010606
201007010612
201008020407
201005010407
201008020408
201007010608
201005010406
201007010709
201008020505
201007010706
201008020509
201005010512
201005010504
201005010510
201007010704
201007010712
201005010509
201007010707
201007010705
201005010506
201008020503
201005010503
201008020501
201007010701
201007010708
201008020508
201008020510
201008020511
201007010711
201008020507
201008020504
201007010702
201008020502
201005010501
201008020512
201005010502
201007010710
201005010505
201008020506
201007010703
201005010508
201005010511
201005010507
201008020605
201008020603
201008020606
201008020607
201007010806
201008020609
201007010805
201005010606
201008020602
201005010604
201007010811
201007010803
201005010610
201007010807
201007010801
201005010602
201007010812
201007010804
201008020612
201005010612
201005010608
201008020601
201007010810
201008020608
201005010603
201005010605
201007010808
201005010609
201007010809
201005010601
201008020610
201005010611
201008020604
201005010607
201008020611
201007010802
201008020708
201005010702
201005010711
201008020701
201005010707
201008020703
201008020702
201008020711
201005010705
201008020704
201005010708
201008020710
201005010709
201005010710
201008020707
201005010704
201008020705
201005010703
201005010701
201005010706
201008020706
201005010712
201008020712
201008020709
201005010807
201005010812
201008020801
201008020806
201005010801
201005010804
201005010809
201005010808
201008020812
201008020810
201005010802
201008020805
201008020803
201008020804
201005010806
201005010803
201008020807
201008020802
201008020808
201005010805
201005010811
201005010810
201008020811
201008020809
201009010111
201006020109
201006020105
201006020112
201009010102
201009010109
201006020102
201006020108
201006020111
201009010112
201006020103
201009010106
201009010104
201006020101
201006020110
201009010103
201006020107
201009010105
201009010110
201006020104
201009010107
201006020106
201009010108
201009010101
201009010211
201009010210
201009010205
201006020206
201006020207
201006020203
201006020205
201009010202
201009010208
201006020209
201006020208
201009010206
201009010209
201009010201
201009010204
201006020212
201006020204
201009010203
201006020211
201009010212
201006020210
201009010207
201006020201
201006020202
201009010309
201009010302
201007020105
201006020311
201007020111
201006020312
201009010311
201007020108
201006020309
201006020304
201007020110
201007020101
201007020112
201009010306
201006020308
201006020310
201007020104
201009010304
201007020109
201006020306
201009010308
201006020301
201007020107
201007020106
201009010307
201006020302
201009010310
201009010305
201007020102
201009010312
201009010301
201007020103
201009010303
201006020305
201006020303
201006020307
201009010407
201009010402
201009010401
201006020407
201006020405
201006020402
201009010408
201007020208
201009010404
201007020202
201006020403
201007020210
201006020412
201006020401
201007020207
201007020209
201006020411
201009010405
201006020409
201007020204
201006020410
201009010411
201007020211
201009010403
201007020205
201009010409
201007020206
201007020203
201006020406
201007020212
201009010412
201009010406
201009010410
201007020201
201006020408
201006020404
201006020507
201007020302
201006020504
201007020310
201006020512
201009010501
201006020506
201006020501
201009010502
201006020503
201006020502
201007020305
201006020508
201009010511
201007020307
201009010503
201009010505
201009010509
201007020303
201007020308
201007020304
201007020309
201009010507
201007020301
201009010506
201009010510
201009010512
201006020510
201007020312
201009010508
201006020509
201007020311
201006020505
201006020511
201009010504
201007020306
201006020611
201007020404
201009010602
201007020410
201006020604
201009010606
201007020403
201006020612
201007020401
201007020406
201009010603
201009010604
201009010611
201009010612
201009010609
201007020407
201007020405
201006020601
201006020608
201007020409
201007020412
201006020610
201009010607
201006020607
201006020605
201006020606
201006020602
201007020402
201009010605
201007020408
201007020411
201006020603
201006020609
201009010610
201009010608
201009010601
201006020711
201009010711
201009010709
201007020504
201007020508
201009010705
201006020705
201009010712
201009010703
201007020505
201007020503
201006020707
201006020704
201009010704
201007020502
201006020702
201007020501
201007020510
201009010702
201006020708
201006020712
201006020709
201007020511
201009010710
201009010706
201009010701
201009010707
201007020509
201006020706
201009010708
201007020506
201007020507
201007020512
201006020710
201006020703
201006020701
201006020801
201006020808
201007020608
201006020810
201007020602
201009010801
201009010804
201007020607
201007020601
201007020609
201009010807
201006020802
201009010810
201007020611
201009010803
201007020610
201009010806
201009010802
201009010809
201006020806
201007020606
201007020605
201007020604
201009010812
201007020612
201006020811
201006020809
201009010808
201006020804
201006020805
201007020603
201006020812
201006020803
201009010811
201006020807
201009010805
201007020712
201007020708
201009020103
201007020701
201009020112
201006030112
201009020110
201006030104
201007020711
201006030110
201007020705
201006030108
201007020707
201009020104
201006030109
201006030105
201006030103
201009020107
201009020111
201007020709
201006030102
201007020710
201006030101
201006030107
201007020706
201009020102
201009020106
201009020108
201007020703
201009020109
201007020702
201006030106
201009020105
201006030111
201009020101
201007020704
201007020810
201009020207
201006030205
201007020807
201007020803
201006030209
201009020203
201009020209
201009020212
201006030206
201006030208
201007020802
201006030212
201007020812
201009020205
201009020211
201006030210
201009020201
201007020805
201009020210
201009020208
201007020808
201007020811
201006030211
201006030202
201009020204
201006030204
201006030203
201006030207
201007020804
201009020206
201009020202
201007020801
201006030201
201007020806
201007020809
201006030310
201009020304
201006030305
201009020308
201006030311
201009020310
201009020312
201006030306
201006030301
201006030302
201006030308
201009020306
201009020311
201009020305
201006030312
201009020309
201006030307
201006030304
201009020307
201009020301
201006030303
201009020303
201009020302
201006030309
201009020404
201006030406
201006030410
201006030407
201009020403
201006030403
201009020410
201009020412
201009020401
201006030402
201009020411
201006030409
201006030401
201009020407
201006030412
201006030405
201009020402
201006030408
201006030411
201009020406
201009020408
201009020405
201009020409
201006030404
201009020503
201003010107
201003010111
201006030508
201006030510
201006030504
201009020508
201009020502
201003010112
201003010110
201006030511
201003010105
201009020505
201009020501
201006030505
201006030506
201009020506
201006030503
201003010103
201009020509
201006030502
201006030509
201006030507
201003010108
201009020504
201003010109
201003010101
201003010104
201009020511
201009020507
201009020510
201006030501
201009020512
201003010102
201003010106
201006030512
201003010206
201009020603
201009020611
201009020602
201009020612
201009020608
201006030603
201003010212
201003010211
201003010207
201003010205
201003010204
201009020606
201006030607
201003010203
201003010209
201006030605
201003010208
201006030606
201006030612
201009020607
201006030610
201006030602
201009020605
201006030611
201009020604
201009020610
201003010202
201006030601
201009020609
201006030609
201003010210
201006030608
201003010201
201009020601
201006030604
201009020710
201009020704
201006030707
201009020702
201009020703
201009020706
201006030711
201009020711
201006030710
201009020708
201009020707
201009020712
201006030712
201006030708
201006030709
201009020709
201006030706
201009020705
201006030702
201006030703
201009020701
201006030705
201006030701
201006030704
201006030802
201006030801
201006030808
201003010401
201003010405
201009020812
201006030810
201003010403
201009020805
201009020803
201009020810
201006030803
201003010408
201006030812
201006030811
201003010410
201003010411
201003010406
201009020806
201003010409
201009020808
201006030806
201009020804
201009020809
201003010407
201006030805
201009020801
201003010402
201009020811
201006030809
201009020807
201003010404
201009020802
201003010412
201006030807
201006030804
201003010308
201003010307
201003010309
201003010302
201003010312
201003010306
201003010304
201003010303
201003010311
201003010301
201003010310
201003010305
201008030103
201003010505
201008030102
201003010510
201005020102
201003010506
201008030107
201003010512
201008030101
201003010507
201005020101
201008030106
201008030110
201008030104
201008030112
201008030109
201005020109
201003010501
201005020104
201003010509
201005020110
201008030111
201003010503
201003010502
201005020112
201005020111
201003010504
201008030108
201003010511
201005020103
201005020105
201005020108
201005020106
201008030105
201005020107
201003010508
201008030202
201008030204
201008030207
201003010604
201008030209
201005020210
201003010603
201008030205
201008030208
201003010607
201005020208
201003010609
201008030201
201003010611
201005020206
201005020204
201008030203
201008030212
201005020211
201003010610
201008030210
201005020207
201003010602
201003010605
201003010612
201005020205
201003010606
201003010601
201003010608
201005020212
201005020202
201005020203
201008030211
201008030206
201005020201
201005020209
201005020308
201005020310
201008030310
201004010108
201005020304
201008030311
201004010106
201005020302
201008030304
201005020305
201008030303
201005020303
201004010103
201005020307
201004010104
201005020306
201008030301
201004010107
201004010111
201005020301
201008030302
201004010112
201005020311
201004010105
201008030312
201005020312
201004010110
201008030308
201005020309
201008030306
201008030309
201008030305
201004010109
201008030307
201004010102
201004010101
201004010206
201005020410
201005020407
201008030404
201004010212
201005020403
201008030410
201008030402
201008030403
201008030406
201008030409
201004010205
201008030407
201005020409
201005020405
201008030401
201005020408
201004010211
201004010202
201008030408
201004010201
201008030412
201005020411
201005020406
201005020401
201008030411
201005020404
201004010208
201004010207
201005020412
201004010203
201008030405
201004010209
201005020402
201004010204
201004010210
201005020505
201005020501
201005020506
201008030508
201004010303
201005020511
201008030509
201008030511
201008030503
201004010308
201004010302
201008030507
201008030502
201004010304
201008030506
201005020510
201004010305
201005020502
201008030510
201004010306
201005020507
201008030501
201004010310
201005020509
201008030504
201005020504
201005020503
201004010307
201005020508
201008030505
201008030512
201004010301
201004010311
201005020512
201004010309
201004010312
201005020601
201005020606
201008030607
201005020603
201008030602
201008030610
201004010409
201008030603
201004010407
201008030605
201004010408
201008030612
201004010412
201005020605
201008030608
201008030611
201004010411
201004010401
201004010405
201004010404
201005020607
201005020609
201008030601
201005020611
201008030609
201004010402
201005020602
201005020608
201004010410
201008030606
201005020612
201005020604
201004010406
201008030604
201005020610
201004010403
201008030705
201004010507
201004010505
201005020712
201008030702
201008030706
201004010506
201008030711
201004010512
201005020705
201005020709
201004010511
201004010501
201004010503
201004010509
201008030712
201008030704
201008030708
201008030709
201005020702
201008030703
201008030710
201005020710
201005020706
201005020708
201005020707
201004010504
201005020711
201008030701
201004010502
201005020704
201004010508
201008030707
201005020703
201004010510
201005020701
201004010605
201008030808
201008030811
201005020804
201008030806
201008030807
201005020803
201005020801
201004010607
201005020805
201005020810
201008030810
201004010611
201004010601
201008030812
201005020808
201008030804
201008030802
201004010610
201004010603
201004010602
201005020802
201008030801
201005020807
201004010612
201005020806
201005020811
201004010609
201008030805
201004010608
201005020812
201008030809
201004010606
201004010604
201005020809
201008030803
201008040107
201005030101
201008040112
201005030109
201005030102
201004010702
201004010701
201005030105
201008040105
201008040103
201008040109
201004010712
201005030112
201008040101
201008040102
201005030111
201004010703
201008040110
201005030107
201005030108
201005030110
201004010708
201004010704
201008040108
201005030103
201004010707
201004010705
201004010710
201004010706
201008040111
201008040106
201004010709
201005030106
201008040104
201004010711
201005030104
201005030203
201005030209
201004010806
201008040203
201008040210
201008040208
201008040201
201004010810
201004010807
201005030201
201004010811
201004010808
201008040207
201005030206
201004010805
201005030207
201005030211
201004010804
201008040211
201004010802
201005030202
201008040202
201004010803
201005030205
201005030212
201008040209
201008040206
201004010801
201008040212
201004010812
201005030204
201005030210
201008040204
201008040205
201005030208
201004010809
201005030312
201005030308
201008040302
201008040305
201008040311
201005030310
201005030302
201005030306
201008040308
201008040301
201005030301
201005030303
201005030305
201008040304
201008040309
201005030304
201005030309
201008040307
201008040306
201005030311
201008040312
201008040303
201005030307
201008040310
201008040408
201008040409
201008040410
201005030406
201008040403
201008040404
201005030405
201005030411
201008040412
201005030402
201005030410
201008040406
201005030404
201005030412
201005030401
201008040407
201005030408
201005030403
201005030409
201008040405
201008040401
201005030407
201008040402
201008040411
201008040507
201005030512
201008040503
201008040506
201005030503
201005030504
201005030509
201005030511
201008040505
201008040508
201008040501
201008040512
201005030507
201008040502
201005030502
201005030501
201005030505
201005030508
201005030506
201008040509
201005030510
201008040511
201008040504
201008040510
201008040609
201008040607
201008040601
201005030604
201005030612
201005030605
201005030609
201005030610
201005030601
201008040611
201008040612
201008040606
201005030606
201008040605
201005030611
201008040610
201005030602
201008040602
201005030603
201005030608
201008040604
201008040608
201008040603
201005030607
201005030703
201008040703
201005030701
201008040712
201005030708
201008040706
201008040702
201008040709
201005030707
201008040705
201005030709
201005030712
201008040708
201005030704
201008040710
201005030711
201008040701
201008040711
201005030710
201005030702
201005030705
201008040707
201008040704
201005030706
201008040806
201005030801
201008040802
201008040808
201008040807
201005030806
201008040812
201005030812
201005030804
201008040801
201005030805
201008040804
201005030807
201008040810
201005030810
201008040809
201005030809
201008040803
201005030811
201005030802
201008040811
201008040805
201005030808
201005030803
201009030102
201002010105
201009030108
201003020102
201003020110
201009030110
201009030103
201009030107
201002010109
201002010111
201009030106
201009030104
201003020111
201003020112
201003020109
201009030111
201009030105
201002010108
201002010110
201009030109
201003020104
201009030101
201003020105
201002010102
201003020106
201003020107
201003020108
201003020103
201002010112
201002010106
201009030112
201002010107
201002010103
201002010104
201003020101
201002010101
201002010203
201009030208
201003020210
201002010204
201002010201
201003020211
201009030204
201002010210
201003020209
201002010206
201009030207
201002010208
201002010211
201003020206
201003020204
201009030206
201009030203
201009030211
201009030201
201009030202
201009030212
201002010202
201002010212
201003020208
201003020212
201003020205
201009030205
201009030209
201002010209
201009030210
201003020201
201003020202
201003020207
201002010207
201002010205
201003020203
201002010304
201003020308
201002010312
201009030302
201002010301
201003020312
201009030307
201002010310
201009030306
201002010303
201009030311
201003020310
201009030304
201009030301
201003020302
201003020305
201009030312
201002010309
201002010307
201003020306
201003020311
201009030308
201002010311
201002010302
201002010306
201009030305
201003020307
201003020304
201009030310
201003020303
201003020309
201002010305
201002010308
201003020301
201009030309
201009030303
201003020412
201002010406
201003020408
201009030402
201002010410
201002010411
201009030404
201002010403
201003020406
201002010405
201003020407
201003020411
201009030408
201009030409
201003020404
201009030403
201002010412
201009030406
201002010401
201002010409
201009030405
201003020410
201009030401
201009030411
201009030410
201003020402
201002010408
201003020401
201002010404
201003020409
201003020405
201009030407
201003020403
201002010407
201002010402
201009030412
201003020504
201009030502
201002010509
201009030506
201002010501
201002010504
201009030509
201002010507
201002010512
201002010508
201009030508
201009030511
201003020506
201009030512
201009030510
201002010503
201003020507
201002010510
201009030507
201003020509
201002010511
201003020512
201003020501
201009030501
201003020508
201002010502
201009030503
201003020503
201009030505
201002010505
201003020510
201003020511
201003020502
201009030504
201002010506
201003020505
201009030611
201002010604
201009030602
201002010601
201009030604
201003020607
201003020608
201003020601
201009030609
201002010602
201009030605
201003020612
201009030612
201002010607
201009030608
201002010605
201003020609
201003020604
201002010608
201009030610
201002010609
201003020605
201003020602
201002010606
201003020606
201003020611
201009030606
201003020610
201009030601
201009030603
201002010610
201002010611
201002010612
201009030607
201002010603
201003020603
201003020701
201003020710
201002010711
201003020708
201003020712
201009030711
201009030702
201003020703
201002010702
201002010708
201003020706
201002010709
201009030703
201003020702
201009030704
201009030708
201003020707
201002010707
201002010712
201003020705
201002010704
201009030709
201002010701
201002010706
201003020709
201009030705
201009030706
201009030710
201003020711
201009030707
201003020704
201009030712
201002010710
201002010703
201009030701
201002010705
201003020801
201003020808
201003020812
201009030812
201009030807
201002010808
201009030805
201003020803
201002010812
201009030810
201002010801
201002010805
201003020804
201003020811
201003020802
201002010804
201002010803
201009030804
201003020806
201009030801
201009030803
201009030802
201003020805
201003020810
201009030809
201009030811
201002010802
201003020809
201002010806
201002010811
201002010810
201002010807
201002010809
201009030806
201003020807
201009030808
201004020103
201004020101
201002020108
201010010102
201002020110
201010010106
201010010101
201010010105
201010010108
201002020101
201002020109
201010010104
201010010112
201004020112
201010010107
201002020112
201004020110
201002020105
201002020111
201004020107
201002020103
201004020109
201004020111
201004020105
201004020108
201010010110
201002020106
201002020104
201004020104
201002020107
201010010109
201010010103
201002020102
201010010111
201004020102
201004020106
201002020201
201010010211
201002020210
201004020204
201010010206
201004020212
201002020209
201004020205
201002020211
201002020207
201010010212
201010010204
201004020203
201004020207
201002020206
201010010210
201004020210
201004020201
201002020203
201002020208
201002020205
201004020206
201004020202
201010010201
201004020208
201010010202
201002020212
201004020211
201010010209
201002020204
201002020202
201004020209
201010010208
201010010203
201010010205
201010010207
201010010302
201002020304
201010010304
201004020307
201004020301
201010010312
201010010310
201010010309
201002020305
201002020301
201002020303
201004020308
201010010306
201010010311
201002020302
201002020310
201004020305
201004020310
201004020311
201010010307
201010010308
201004020306
201010010301
201002020306
201010010305
201002020308
201002020307
201002020309
201010010303
201002020312
201002020311
201004020312
201004020309
201004020303
201004020302
201004020304
201010010411
201010010406
201002020403
201010010401
201002020404
201004020404
201004020402
201004020408
201002020408
201004020403
201004020407
201010010402
201004020409
201004020411
201002020410
201002020412
201010010404
201002020409
201004020405
201002020407
201002020411
201004020410
201004020401
201002020401
201010010405
201010010403
201002020406
201010010410
201010010412
201010010407
201002020402
201002020405
201010010409
201010010408
201004020412
201004020406
201004020511
201010010509
201010010511
201002020512
201004020510
201010010503
201010010507
201002020507
201002020506
201004020501
201004020512
201004020503
201004020505
201004020504
201010010501
201010010508
201010010510
201002020511
201004020508
201010010512
201002020504
201002020509
201004020506
201010010502
201002020501
201002020502
201004020509
201002020503
201002020508
201010010504
201002020510
201010010506
201010010505
201004020502
201002020505
201004020507
201004020605
201004020604
201002020606
201004020610
201002020604
201010010612
201010010605
201010010608
201004020608
201002020602
201002020611
201002020607
201004020609
201004020607
201002020608
201010010604
201010010607
201010010611
201010010609
201010010601
201004020602
201002020612
201004020603
201002020609
201002020605
201004020612
201004020601
201004020611
201010010602
201004020606
201010010603
201002020603
201002020601
201010010610
201010010606
201002020610
201010010701
201004020708
201004020703
201002020709
201010010708
201010010704
201002020704
201010010712
201002020708
201004020711
201002020706
201010010705
201004020701
201010010703
201010010706
201010010707
201002020702
201010010709
201002020701
201004020704
201004020705
201002020712
201004020707
201004020709
201002020707
201004020702
201010010711
201004020712
201002020703
201002020711
201010010702
201004020710
201004020706
201002020710
201010010710
201002020705
201004020809
201004020811
201002020801
201004020804
201002020811
201002020802
201004020805
201010010808
201002020810
201004020802
201002020803
201010010801
201004020810
201010010806
201010010805
201002020808
201002020807
201010010809
201010010804
201004020807
201004020812
201004020801
201004020806
201002020804
201010010811
201010010802
201010010803
201010010807
201010010812
201010010810
201002020806
201002020809
201004020803
201002020812
201002020805
201004020808
201001010102
201010020109
201010020111
201001010103
201001010108
201001010106
201001010105
201010020112
201004030111
201001010109
201010020107
201010020104
201001010112
201004030106
201004030102
201004030103
201004030104
201010020105
201010020110
201010020102
201001010107
201010020103
201004030112
201004030105
201004030108
201004030107
201010020108
201001010111
201001010101
201010020101
201004030110
201001010104
201010020106
201004030109
201004030101
201001010110
201001010203
201010020205
201001010201
201001010208
201001010209
201001010202
201010020201
201004030212
201010020202
201001010210
201004030209
201010020212
201010020209
201004030202
201004030201
201004030208
201001010212
201004030211
201004030206
201010020210
201010020203
201004030205
201001010211
201001010206
201010020206
201010020207
201010020211
201010020208
201001010207
201004030207
201001010205
201004030203
201001010204
201010020204
201004030204
201004030210
201001010309
201010020309
201010020305
201001010305
201010020310
201001010310
201001010303
201001010304
201001010301
201004030308
201004030303
201004030311
201004030310
201004030307
201010020304
201001010307
201010020302
201010020307
201001010311
201004030306
201004030309
201001010302
201004030301
201001010306
201010020301
201004030312
201010020311
201004030305
201004030304
201010020308
201010020306
201010020303
201001010308
201001010312
201010020312
201004030302
201010020405
201010020406
201004030410
201010020410
201004030407
201001010410
201010020402
201010020404
201010020407
201004030412
201010020408
201004030405
201010020409
201004030402
201010020403
201001010408
201001010412
201001010401
201004030406
201001010402
201004030401
201010020412
201001010406
201004030408
201004030411
201001010411
201010020401
201001010405
201004030404
201004030409
201010020411
201001010404
201001010409
201004030403
201001010407
201001010403
201004030506
201001010512
201010020506
201010020503
201004030510
201001010503
201010020509
201004030508
201001010504
201001010506
201010020510
201010020508
201004030505
201001010505
201010020511
201004030511
201010020507
201004030507
201010020512
201004030502
201010020501
201001010509
201010020502
201001010507
201001010510
201001010502
201004030501
201004030503
201001010501
201004030512
201010020505
201001010508
201004030504
201001010511
201004030509
201010020504
201001010602
201001010606
201001010603
201010020603
201004030606
201010020602
201004030602
201010020610
201004030605
201010020609
201010020612
201004030604
201001010610
201010020606
201004030603
201004030607
201004030609
201010020601
201004030601
201004030610
201001010601
201001010607
201001010609
201001010604
201001010605
201010020604
201010020611
201001010608
201001010611
201010020605
201004030612
201004030611
201001010612
201004030608
201010020607
201010020608
201001010709
201004030712
201001010707
201004030709
201010020701
201010020709
201004030708
201001010712
201001010705
201001010701
201001010706
201001010708
201010020712
201010020706
201010020710
201004030704
201004030701
201004030710
201010020711
201004030707
201010020707
201001010704
201001010711
201004030702
201004030703
201004030706
201010020704
201010020705
201001010702
201010020708
201004030711
201001010710
201010020702
201004030705
201010020703
201001010703
201010020801
201004030801
201001010805
201004030808
201010020812
201001010807
201010020808
201001010803
201001010801
201010020805
201010020807
201001010812
201004030811
201001010802
201001010809
201010020803
201004030807
201010020811
201004030810
201004030809
201001010804
201001010811
201001010806
201010020810
201010020804
201001010808
201001010810
201004030805
201010020802
201010020806
201004030806
201004030804
201010020809
201004030802
201004030803
201004030812
201009040103
201001020102
201009040105
201009040106
201001020103
201001020109
201009040108
201006040105
201001020112
201006040109
201009040112
201006040104
201006040102
201001020104
201006040108
201006040112
201009040104
201006040107
201001020101
201001020110
201006040101
201006040106
201009040102
201006040110
201001020106
201006040103
201009040111
201009040101
201001020107
201006040111
201001020111
201001020105
201001020108
201009040107
201009040109
201009040110
201009040210
201009040211
201006040202
201001020204
201009040208
201006040208
201006040206
201009040203
201001020210
201009040207
201001020206
201006040207
201009040202
201001020203
201001020208
201006040211
201006040204
201009040212
201006040210
201009040201
201009040205
201001020212
201001020207
201009040209
201006040212
201006040203
201006040209
201006040201
201001020202
201001020209
201009040204
201001020211
201001020201
201001020205
201009040206
201006040205
201006040302
201006040305
201006040309
201006040310
201006040308
201001020310
201006040304
201006040301
201001020301
201001020303
201001020307
201001020302
201001020312
201006040303
201006040311
201001020308
201001020305
201001020309
201006040307
201001020304
201001020306
201006040312
201006040306
201001020311
201009040304
201009040302
201009040307
201006040405
201009040311
201009040303
201009040308
201006040411
201006040404
201006040403
201009040312
201009040310
201006040407
201006040410
201009040306
201006040401
201009040301
201009040309
201006040406
201006040408
201006040412
201006040409
201006040402
201009040305
201001020407
201001020402
201009040407
201009040404
201009040405
201009040410
201001020406
201001020405
201001020411
201001020401
201009040408
201009040401
201009040403
201001020410
201001020412
201009040412
201001020409
201009040409
201009040411
201009040406
201001020403
201001020408
201001020404
201009040402
201001020503
201006040505
201009040505
201009040511
201001020506
201006040503
201009040510
201001020507
201001020504
201006040504
201006040510
201009040509
201009040508
201006040508
201001020511
201006040512
201001020508
201009040502
201006040509
201006040507
201001020512
201009040504
201001020510
201009040501
201009040507
201009040512
201009040503
201001020502
201009040506
201001020509
201006040511
201006040501
201001020505
201006040502
201001020501
201006040506
201001020607
201009040610
201006040601
201001020604
201001020612
201009040602
201001020609
201006040610
201001020605
201009040601
201009040607
201001020608
201006040605
201006040602
201006040609
201001020602
201001020606
201009040603
201009040604
201006040612
201006040606
201009040606
201001020611
201001020601
201009040605
201001020610
201001020603
201009040611
201006040608
201006040603
201006040604
201009040608
201009040609
201009040612
201006040607
201006040611
201001020712
201006040709
201001020706
201006040701
201001020704
201006040711
201009040707
201006040712
201006040710
201006040702
201006040708
201009040712
201009040703
201009040701
201001020705
201001020707
201006040706
201006040704
201006040705
201009040711
201001020710
201006040703
201001020709
201006040707
201001020701
201001020711
201001020702
201009040704
201009040708
201009040709
201001020708
201001020703
201009040706
201009040702
201009040710
201009040705
201006040810
201001020802
201006040803
201001020804
201009040811
201009040801
201009040809
201006040812
201009040804
201001020807
201006040809
201006040808
201009040812
201006040802
201006040804
201009040805
201006040805
201001020803
201001020801
201006040807
201001020811
201009040802
201006040801
201009040806
201009040808
201009040807
201001020808
201009040803
201006040811
201001020805
201001020810
201001020809
201001020806
201006040806
201009040810
201001020812
201005040110
201008050102
201008050104
201005040109
201005040111
201005040106
201008050110
201008050112
201005040103
201005040112
201008050109
201008050105
201008050101
201008050103
201005040105
201008050108
201005040101
201005040104
201005040102
201005040107
201005040108
201008050106
201008050111
201008050107
201005040205
201008050205
201005040208
201005040209
201005040212
201008050203
201005040210
201008050206
201005040202
201005040201
201008050204
201008050202
201005040211
201008050201
201008050207
201008050208
201008050212
201005040207
201005040206
201005040203
201008050209
201008050211
201005040204
201008050210
201008050302
201005040312
201005040306
201008050309
201008050312
201008050310
201005040311
201008050304
201005040302
201005040307
201005040310
201008050303
201005040304
201005040301
201008050305
201008050307
201008050308
201005040309
201005040303
201008050311
201005040308
201005040305
201008050306
201008050301
201008050402
201008050407
201008050405
201008050409
201008050408
201008050412
201005040401
201005040406
201005040405
201008050403
201005040410
201005040403
201005040408
201008050404
201005040402
201005040404
201005040411
201008050406
201005040407
201008050411
201008050410
201005040409
201008050401
201005040412
201005040504
201005040509
201008050506
201003030108
201005040507
201003030105
201003030104
201008050507
201003030107
201005040502
201005040510
201005040503
201005040501
201008050501
201008050509
201005040505
201008050503
201005040511
201008050502
201003030102
201008050508
201008050511
201008050510
201003030109
201005040512
201003030103
201008050504
201008050512
201003030101
201003030110
201003030111
201003030106
201005040508
201003030112
201008050505
201005040506
201005040608
201005040609
201005040605
201003030211
201003030208
201003030207
201003030201
201003030203
201008050604
201008050607
201005040602
201003030210
201005040601
201008050606
201008050605
201008050610
201003030202
201008050608
201003030205
201005040611
201005040604
201003030206
201005040610
201005040607
201008050603
201005040606
201008050609
201008050611
201005040612
201008050602
201003030212
201003030209
201003030204
201008050612
201005040603
201008050601
201008050706
201008050709
201003030301
201003030307
201003030312
201008050710
201003030303
201003030310
201008050707
201003030302
201008050702
201008050704
201003030306
201003030308
201008050711
201008050708
201003030304
201003030309
201008050701
201008050705
201003030305
201008050712
201008050703
201003030311
201003030412
201003030403
201005040802
201005040812
201005040808
201008050811
201008050801
201003030402
201005040807
201003030406
201003030408
201005040801
201003030407
201008050805
201008050808
201005040806
201003030405
201005040809
201008050810
201008050803
201003030411
201008050807
201005040805
201008050804
201005040804
201008050809
201003030410
201008050806
201003030409
201003030404
201008050802
201005040803
201003030401
201008050812
201005040810
201005040811
201005040704
201005040705
201005040711
201005040712
201005040706
201005040708
201005040703
201005040710
201005040702
201005040701
201005040709
201005040707
201008060107
201003030501
201005050110
201003030505
201003030504
201008060111
201008060105
201003030510
201008060109
201005050111
201003030502
201005050101
201008060102
201005050105
201005050109
201003030506
201005050112
201008060106
201008060101
201003030508
201008060104
201003030503
201005050102
201008060103
201005050106
201003030512
201003030509
201008060112
201003030507
201005050107
201005050104
201008060108
201005050108
201005050103
201008060110
201003030511
201005050208
201008060207
201003030610
201008060210
201005050201
201008060212
201008060209
201003030609
201008060206
201008060201
201008060208
201008060202
201008060204
201005050205
201005050206
201003030608
201003030603
201003030612
201003030602
201008060205
201003030607
201005050207
201005050211
201005050209
201008060211
201003030605
201005050212
201005050202
201005050203
201003030606
201005050204
201003030601
201003030604
201005050210
201003030611
201008060203
201005050312
201008060303
201003030701
201003030706
201005050305
201003030702
201008060309
201008060312
201003030709
201008060310
201008060306
201003030708
201008060304
201005050301
201005050302
201005050306
201003030711
201003030710
201005050310
201003030705
201003030704
201005050304
201008060308
201005050309
201005050307
201003030707
201008060302
201005050303
201008060301
201005050308
201008060307
201003030712
201008060311
201005050311
201008060305
201003030703
201003030809
201003030810
201008060404
201005050409
201005050407
201008060402
201005050406
201003030804
201005050402
201005050401
201005050412
201005050404
201003030807
201008060403
201008060412
201008060406
201003030812
201008060408
201003030802
201005050410
201003030805
201003030806
201003030811
201005050408
201008060405
201005050403
201003030801
201008060409
201008060410
201005050405
201003030808
201005050411
201003030803
201008060407
201008060401
201008060411
201008060504
201003030905
201005050507
201005050504
201008060508
201005050501
201003030912
201005050502
201003030903
201003030902
201003030911
201008060510
201008060506
201003030910
201008060507
201008060505
201005050506
201003030904
201005050505
201003030901
201005050512
201003030907
201003030908
201005050509
201005050510
201003030906
201008060512
201008060509
201003030909
201008060511
201005050503
201008060503
201005050511
201005050508
201008060502
201008060501
201008060608
201008060612
201003031012
201008060610
201005050606
201003031005
201003031003
201005050601
201003031010
201008060611
201005050611
201003031004
201005050603
201003031001
201008060606
201008060604
201005050604
201008060601
201005050609
201005050607
201005050605
201003031009
201008060602
201003031006
201003031008
201005050612
201005050610
201005050602
201008060603
201008060607
201008060609
201005050608
201003031002
201003031007
201008060605
201003031011
201008060706
201005050712
201008060701
201005050711
201005050704
201005050706
201008060711
201008060707
201008060705
201005050705
201008060702
201008060708
201005050707
201008060710
201005050703
201005050710
201005050701
201008060712
201005050709
201005050702
201005050708
201008060709
201008060703
201008060704
201005050811
201005050807
201008060805
201008060812
201008060810
201005050809
201005050803
201008060803
201008060808
201008060806
201005050805
201005050810
201005050804
201005050801
201008060802
201008060811
201008060801
201008060804
201008060807
201005050808
201005050802
201005050806
201008060809
201006050108
201006050111
201009050111
201010030108
201010030111
201006050107
201009050102
201009050101
201006050104
201010030107
201010030103
201006050112
201006050105
201006050109
201010030109
201009050107
201006050101
201009050105
201010030101
201010030106
201010030102
201009050112
201010030105
201009050106
201010030110
201010030104
201006050106
201009050110
201006050102
201006050110
201009050108
201010030112
201009050104
201006050103
201009050109
201009050103
201010030204
201009050211
201010030209
201009050204
201009050209
201009050205
201010030207
201010030208
201006050204
201009050207
201006050209
201006050206
201006050202
201006050208
201010030205
201006050211
201006050207
201006050203
201009050208
201009050210
201010030203
201010030211
201010030210
201006050205
201010030202
201006050212
201006050210
201009050212
201009050202
201010030212
201006050201
201010030201
201009050206
201010030206
201009050201
201009050203
201006050307
201006050305
201006050312
201006050310
201010030302
201006050303
201006050304
201009050303
201010030312
201006050301
201010030301
201006050302
201010030311
201009050301
201009050304
201010030308
201009050306
201009050309
201010030305
201006050311
201009050308
201006050308
201009050305
201009050311
201010030310
201010030309
201009050312
201010030306
201006050306
201006050309
201010030307
201009050310
201010030304
201009050302
201010030303
201009050307
201006050410
201009050403
201006050405
201010030410
201006050411
201010030402
201009050410
201006050403
201006050409
201009050412
201006050401
201009050411
201006050402
201009050408
201010030401
201010030412
201006050412
201009050402
201010030409
201009050404
201006050404
201010030411
201006050408
201009050401
201010030407
201009050409
201010030408
201009050406
201006050407
201009050407
201010030403
201006050406
201009050405
201010030405
201010030406
201010030404
201010030504
201006050504
201009050507
201006050505
201006050502
201010030512
201010030505
201009050504
201010030502
201006050507
201009050505
201010030501
201006050508
201009050511
201006050509
201010030510
201009050509
201009050508
201006050510
201010030511
201006050501
201006050512
201010030503
201009050501
201009050510
201009050503
201006050503
201009050502
201010030506
201006050511
201010030508
201009050512
201009050506
201006050506
201010030507
201010030509
201010030601
201009050601
201006050608
201009050602
201006050607
201006050604
201010030610
201006050610
201009050609
201010030607
201010030602
201009050606
201006050609
201010030606
201009050608
201006050605
201006050601
201009050612
201006050606
201010030609
201006050612
201010030608
201010030605
201009050605
201010030611
201010030603
201009050603
201009050611
201009050604
201009050610
201006050602
201006050603
201009050607
201010030612
201006050611
201010030604
201006050704
201006050701
201010030708
201006050712
201006050707
201010030711
201006050711
201006050708
201006050702
201010030709
201009050701
201009050709
201010030705
201006050710
201009050706
201010030702
201010030707
201006050705
201010030703
201009050707
201010030701
201009050703
201010030706
201009050705
201009050712
201009050704
201009050710
201010030710
201006050709
201010030712
201006050703
201009050708
201010030704
201009050711
201006050706
201009050702
201006050804
201006050807
201010030810
201009050812
201006050803
201006050806
201006050808
201009050802
201006050802
201006050809
201009050807
201006050810
201006050811
201010030801
201010030803
201009050810
201006050805
201010030809
201009050806
201009050805
201009050808
201006050801
201009050801
201010030805
201010030811
201010030808
201009050803
201010030804
201010030806
201009050811
201010030807
201010030812
201009050809
201010030802
201009050804