201108010102
201106010108
201106010110
201108010109
201108010112
201106010109
201108010105
201108010108
201106010104
201106010107
201106010105
201106010112
201108010110
201108010104
201106010106
201106010103
201108010101
201108010106
201106010101
201108010103
201106010111
201108010111
201106010102
201108010107
201106010205
201108010204
201108010210
201108010211
201108010208
201108010203
201108010207
201106010209
201106010206
201108010212
201106010207
201108010201
201108010202
201108010209
201106010201
201106010208
201106010210
201108010205
201108010206
201106010212
201106010202
201106010211
201106010204
201106010203
201108010309
201108010311
201106010306
201106010304
201106010307
201106010302
201108010310
201108010305
201106010301
201108010312
201108010303
201108010306
201108010301
201108010302
201106010305
201106010303
201106010309
201106010311
201106010310
201108010308
201106010308
201108010304
201108010307
201106010312
201108010403
201106010407
201108010402
201108010406
201106010406
201108010410
201106010404
201108010405
201106010411
201106010408
201106010410
201106010409
201108010401
201106010412
201108010411
201108010407
201106010402
201106010401
201108010404
201108010409
201106010403
201108010412
201108010408
201106010405
201108010505
201106010502
201108010501
201108010509
201108010512
201108010507
201108010504
201108010503
201108010511
201108010508
201106010507
201106010510
201106010505
201106010508
201106010509
201106010511
201108010510
201106010512
201108010506
201106010504
201106010501
201106010506
201108010502
201106010503
201106010607
201108010605
201106010610
201108010609
201106010609
201106010603
201108010603
201106010605
201108010611
201106010611
201106010612
201108010602
201106010606
201108010607
201106010602
201108010606
201108010610
201108010612
201108010601
201106010608
201108010608
201106010601
201108010604
201106010703
201110010107
201110010111
201106010704
201108010705
201110010105
201108010706
201108010709
201110010108
201110010112
201106010708
201106010710
201108010701
201108010703
201110010103
201108010710
201110010106
201110010102
201110010110
201106010706
201108010708
201106010709
201106010707
201108010702
201110010101
201108010704
201106010711
201106010705
201106010702
201106010701
201108010712
201110010104
201106010712
201108010707
201110010109
201108010711
201110010208
201110010209
201108010812
201108010809
201110010207
201106010804
201108010801
201110010211
201106010807
201106010802
201110010205
201110010212
201108010811
201106010811
201110010206
201110010201
201106010808
201108010810
201106010812
201110010204
201106010806
201108010804
201108010803
201108010802
201108010805
201108010808
201110010203
201106010801
201106010805
201106010809
201110010210
201106010810
201106010803
201110010202
201108010807
201108010806
201105010102
201108020102
201108020109
201110010302
201105010107
201110010307
201108020107
201105010112
201110010301
201108020111
201110010312
201105010104
201105010101
201110010310
201105010111
201110010305
201105010105
201105010109
201108020106
201108020108
201110010303
201110010306
201105010110
201110010304
201108020112
201110010309
201108020101
201105010106
201108020105
201110010311
201105010103
201108020104
201108020110
201108020103
201110010308
201105010108
201110010408
201108020208
201105010210
201108020207
201105010203
201110010407
201105010202
201110010405
201108020209
201110010404
201105010207
201105010208
201108020201
201110010401
201105010211
201105010204
201105010205
201110010410
201108020203
201108020205
201110010406
201108020211
201108020212
201105010209
201105010206
201110010409
201105010212
201110010403
201108020206
201108020204
201110010411
201110010402
201110010412
201105010201
201108020210
201108020202
201110010505
201105010309
201105010305
201108020311
201110010506
201108020309
201110010508
201108020307
201105010311
201108020312
201108020303
201110010501
201108020310
201110010511
201105010301
201108020304
201110010504
201105010308
201110010507
201108020308
201105010302
201108020306
201108020302
201105010312
201105010310
201110010503
201110010502
201105010303
201110010512
201105010304
201105010306
201105010307
201110010509
201108020305
201108020301
201110010510
201110010603
201105010404
201108020404
201110010610
201108020412
201110010612
201110010605
201110010606
201105010405
201105010410
201110010611
201108020403
201108020411
201110010604
201105010408
201110010602
201105010407
201105010402
201105010411
201105010406
201105010409
201108020402
201105010403
201110010607
201105010401
201105010412
201108020406
201108020405
201110010601
201108020407
201108020410
201108020408
201108020409
201108020401
201110010608
201110010609
201108020502
201110010702
201108020511
201110010701
201108020507
201108020506
201108020505
201105010507
201108020510
201105010512
201110010703
201108020504
201105010511
201108020501
201108020509
201108020512
201105010502
201108020503
201105010510
201105010505
201108020508
201105010503
201105010506
201105010501
201105010504
201105010508
201105010509
201105010612
201108020605
201108020611
201110010811
201108020606
201110010808
201110010812
201108020603
201105010603
201105010607
201110010802
201105010602
201105010606
201108020612
201110010807
201110010805
201110010801
201105010609
201108020602
201108020607
201110010803
201105010608
201105010605
201110010809
201105010611
201105010610
201108020608
201108020609
201105010601
201110010806
201108020601
201105010604
201110010810
201108020610
201108020604
201110010804
201110010705
201110010709
201110010707
201110010704
201110010711
201110010708
201110010710
201110010706
201110010712
201108020703
201108020704
201108020702
201105010708
201108020711
201108020709
201105010702
201105010703
201105010704
201105010707
201108020705
201108020707
201108020712
201108020708
201105010712
201105010706
201105010711
201108020710
201105010710
201108020706
201105010701
201105010705
201108020701
201105010709
201105010807
201108020809
201108020802
201105010806
201105010803
201108020808
201108020801
201108020811
201105010802
201105010804
201108020806
201108020807
201108020804
201105010808
201105010812
201105010805
201105010810
201105010809
201108020803
201105010811
201105010801
201108020812
201108020805
201108020810
201109010107
201110020101
201110020108
201109010111
201110020105
201106020101
201109010106
201106020105
201106020107
201106020102
201110020109
201106020108
201106020109
201110020112
201109010103
201106020112
201110020111
201109010112
201109010104
201110020104
201106020103
201109010102
201109010108
201110020103
201110020106
201110020102
201109010109
201110020110
201106020106
201109010110
201106020111
201109010101
201106020110
201110020107
201109010105
201106020104
201106020202
201109010207
201109010206
201109010208
201110020210
201110020201
201110020204
201106020209
201106020206
201109010203
201110020202
201109010212
201110020209
201106020211
201106020212
201110020205
201109010210
201106020201
201106020210
201109010209
201109010202
201109010204
201110020206
201110020212
201106020204
201110020207
201109010205
201110020208
201106020207
201110020211
201106020205
201106020208
201109010211
201110020203
201106020203
201109010201
201106020309
201106020310
201109010307
201110020304
201106020303
201106020305
201109010301
201106020308
201109010308
201110020310
201109010311
201110020303
201106020312
201110020311
201109010309
201109010302
201106020301
201106020302
201110020309
201106020304
201110020301
201110020312
201106020306
201109010312
201109010304
201106020311
201109010303
201110020305
201110020306
201109010310
201106020307
201110020302
201109010305
201110020307
201109010306
201110020308
201106020409
201110020409
201106020402
201110020402
201106020410
201110020412
201110020411
201106020406
201110020407
201109010405
201106020407
201110020403
201110020408
201109010408
201106020412
201109010401
201109010410
201110020401
201109010407
201106020408
201109010404
201106020404
201110020405
201110020404
201109010411
201109010409
201109010406
201109010403
201109010412
201106020411
201110020410
201106020405
201109010402
201110020406
201106020401
201106020403
201110020710
201109010711
201109010705
201110020708
201109010708
201110020703
201109010703
201110020702
201109010702
201109010712
201109010704
201110020705
201110020712
201110020707
201110020706
201109010710
201109010701
201109010709
201109010706
201109010707
201110020709
201110020711
201110020704
201110020701
201110020803
201109010801
201109010803
201110020808
201110020804
201110020802
201110020812
201110020810
201109010802
201109010812
201109010808
201109010809
201110020805
201110020809
201110020806
201109010807
201109010804
201109010806
201110020811
201109010810
201110020807
201110020801
201109010811
201109010805
201109010502
201109010505
201109010501
201109010511
201109010509
201109010507
201109010512
201109010503
201109010506
201109010508
201109010504
201109010510
201110020502
201109020111
201109020106
201109020104
201110020511
201110020507
201110020506
201110020508
201110020505
201109020105
201109020107
201110020503
201110020510
201110020509
201110020504
201109020102
201109020110
201109020112
201109020109
201109020103
201109020101
201110020501
201110020512
201109020108
201110020611
201109020210
201110020612
201109020208
201109020206
201110020601
201109020205
201109020201
201110020605
201110020607
201110020609
201110020602
201109020207
201109020209
201109020212
201110020606
201110020604
201109020204
201110020603
201110020610
201110020608
201109020203
201109020202
201109020211
201110020906
201109020305
201109020304
201110020907
201110020903
201109020310
201109020307
201109020309
201109020301
201110020902
201109020311
201110020904
201110020912
201110020909
201109020308
201109020306
201110020905
201110020901
201109020312
201109020303
201110020910
201110020911
201109020302
201110020908
201110021003
201110021007
201110021012
201110021004
201109020405
201110021006
201109020409
201109020404
201109020408
201109020411
201109020407
201110021008
201109020401
201109020410
201110021001
201110021002
201110021005
201110021009
201109020402
201110021011
201109020406
201110021010
201109020403
201109020412
201110021112
201109020509
201109020511
201110021104
201109020501
201110021105
201109020502
201109020505
201109020510
201110021110
201109020508
201109020507
201109020503
201109020512
201110021109
201110021103
201109020506
201110021108
201109020504
201110021101
201110021111
201110021107
201110021106
201110021102
201110021206
201110021207
201109020609
201110021204
201110021202
201110021205
201110021208
201109020603
201109020608
201110021212
201109020610
201109020606
201110021211
201110021210
201109020611
201109020602
201109020607
201109020612
201110021209
201110021203
201109020605
201109020604
201110021201
201109020601
201110030107
201110030111
201110030101
201109020706
201110030109
201109020707
201109020704
201109020709
201110030106
201109020708
201109020702
201110030104
201110030108
201110030112
201109020703
201110030105
201109020712
201109020701
201110030103
201109020711
201110030110
201109020710
201110030102
201109020705
201110030202
201109020809
201110030209
201109020804
201109020810
201109020807
201110030201
201109020803
201109020811
201109020801
201110030203
201109020802
201110030211
201109020812
201110030208
201110030206
201110030207
201110030210
201110030204
201110030205
201109020808
201109020805
201109020806
201110030212
201105020108
201104010107
201104010109
201108030101
201104010105
201108030103
201105020111
201104010110
201105020104
201104010103
201104010111
201105020106
201108030107
201105020110
201105020103
201104010104
201104010108
201108030102
201105020107
201104010101
201108030108
201104010102
201108030105
201105020112
201108030112
201108030104
201104010112
201105020105
201108030109
201105020102
201108030111
201105020109
201105020101
201108030110
201104010106
201108030106
201108030206
201104010204
201105020208
201108030207
201104010207
201105020209
201108030203
201105020207
201104010203
201105020212
201108030208
201104010202
201108030204
201105020202
201105020204
201104010212
201108030211
201108030212
201104010210
201108030202
201108030209
201104010208
201104010206
201105020201
201108030205
201105020203
201108030201
201104010211
201105020205
201108030210
201104010205
201105020210
201104010201
201105020211
201105020206
201104010209
201105020307
201108030302
201104010301
201108030311
201104010305
201108030304
201108030312
201104010307
201105020303
201108030303
201105020301
201108030305
201108030301
201104010309
201104010308
201104010302
201108030309
201104010306
201105020305
201108030307
201105020311
201105020304
201105020309
201104010311
201104010312
201105020306
201108030306
201108030310
201104010303
201105020310
201108030308
201104010304
201105020302
201105020312
201104010310
201105020308
201104010408
201108030410
201104010411
201104010406
201104010407
201105020410
201108030407
201104010401
201105020412
201108030409
201105020401
201105020409
201104010405
201108030403
201108030405
201105020405
201105020402
201105020403
201105020406
201108030404
201108030411
201108030408
201105020407
201104010409
201104010410
201108030402
201108030412
201105020411
201108030406
201104010402
201104010412
201105020404
201105020408
201108030401
201104010404
201104010403
201104010509
201108030504
201108030510
201108030505
201105020502
201108030511
201108030509
201105020501
201104010508
201105020507
201105020510
201108030503
201108030501
201104010504
201105020509
201104010507
201105020505
201104010501
201105020504
201105020511
201108030512
201105020512
201104010503
201104010506
201105020508
201104010511
201108030508
201105020503
201108030506
201105020506
201104010505
201104010502
201104010510
201108030507
201108030502
201104010512
201108030607
201104010606
201108030611
201108030601
201105020605
201104010601
201108030608
201105020603
201105020601
201104010608
201105020612
201108030610
201105020602
201105020611
201105020606
201105020608
201108030604
201108030603
201108030612
201104010607
201104010604
201104010602
201104010605
201105020607
201105020610
201104010610
201104010603
201104010609
201108030605
201105020609
201105020604
201104010612
201108030606
201108030602
201104010611
201108030609
201104010708
201108030705
201105020712
201108030704
201105020710
201108030710
201104010703
201104010705
201105020704
201108030706
201105020701
201105020702
201105020708
201104010711
201104010702
201104010712
201108030707
201104010709
201105020703
201108030708
201108030703
201104010704
201108030709
201105020705
201108030702
201104010706
201105020711
201104010707
201108030711
201108030712
201105020709
201104010710
201105020706
201104010701
201105020707
201108030701
201108030802
201104010808
201108030808
201108030810
201105020810
201104010811
201108030807
201108030806
201105020801
201104010806
201104010803
201108030805
201108030801
201105020802
201104010809
201104010804
201108030804
201105020812
201104010812
201105020808
201105020807
201108030803
201108030812
201105020806
201105020803
201104010801
201104010807
201105020804
201104010805
201104010802
201108030809
201108030811
201105020811
201105020805
201104010810
201105020809
201104010911
201108030909
201108030907
201105030101
201105030107
201108030908
201105030106
201104010909
201105030110
201108030911
201104010910
201104010912
201108030910
201104010907
201105030105
201104010901
201108030904
201104010902
201108030905
201105030112
201105030104
201104010903
201105030108
201108030912
201104010906
201108030901
201108030903
201105030109
201105030103
201108030902
201104010905
201108030906
201104010908
201104010904
201105030102
201105030111
201104011007
201108031012
201105030210
201105030205
201108031008
201104011002
201108031006
201104011010
201105030209
201108031001
201108031003
201104011001
201104011003
201108031002
201105030204
201108031010
201105030211
201108031007
201104011005
201105030212
201108031009
201104011011
201105030201
201104011012
201105030206
201104011006
201104011009
201105030208
201108031005
201108031004
201105030207
201108031011
201104011008
201104011004
201105030202
201105030203
201105030310
201108031107
201108031111
201104020104
201105030302
201105030312
201104020111
201105030303
201104020103
201105030307
201108031110
201104020102
201105030304
201104020109
201104020101
201104020110
201108031105
201104020107
201105030311
201105030306
201108031108
201108031109
201104020106
201108031103
201104020112
201105030309
201108031102
201104020105
201108031101
201108031106
201108031112
201105030305
201105030301
201105030308
201104020108
201108031104
201105030409
201108031209
201108031211
201104020211
201108031204
201108031202
201105030403
201104020204
201105030401
201104020212
201104020208
201105030408
201104020206
201105030405
201105030406
201105030402
201104020205
201108031207
201105030411
201105030404
201104020207
201105030407
201108031203
201104020201
201108031212
201104020210
201108031208
201108031210
201105030410
201105030412
201108031206
201108031201
201104020209
201104020202
201108031205
201104020203
201105030512
201105030506
201105030510
201105030504
201109030111
201104020310
201109030103
201104020309
201104020308
201109030102
201105030508
201105030501
201109030105
201109030107
201104020307
201105030502
201104020301
201104020306
201105030507
201109030109
201109030110
201104020311
201109030101
201104020304
201105030503
201104020305
201109030106
201104020312
201105030505
201105030509
201109030104
201109030112
201109030108
201105030511
201104020303
201104020302
201104020407
201109030209
201104020402
201109030205
201104020403
201105030608
201109030210
201105030610
201105030611
201109030204
201104020406
201104020412
201104020404
201105030606
201109030202
201105030601
201105030605
201109030212
201105030607
201109030207
201104020401
201104020410
201105030603
201109030203
201104020411
201104020408
201105030604
201109030208
201105030602
201104020405
201109030206
201109030211
201105030612
201109030201
201105030609
201104020409
201109030305
201104020509
201104020511
201105030708
201105030709
201109030309
201105030703
201104020507
201104020504
201109030303
201105030712
201109030304
201105030705
201109030301
201109030306
201105030707
201109030302
201109030310
201104020506
201109030312
201109030311
201104020505
201109030307
201105030706
201104020512
201104020508
201109030308
201105030704
201104020510
201105030711
201104020503
201105030701
201104020501
201104020502
201105030710
201105030702
201105030808
201104020605
201105030811
201104020608
201105030810
201105030802
201109030406
201104020606
201109030405
201109030403
201104020610
201109030401
201109030410
201104020602
201105030804
201109030409
201105030803
201104020612
201105030801
201104020611
201109030404
201109030407
201104020601
201105030809
201105030812
201109030412
201109030408
201109030411
201105030806
201104020603
201109030402
201105030805
201104020607
201105030807
201104020604
201104020609
201106030110
201106030107
201102010104
201106030104
201102010111
201102010109
201109040110
201102010102
201109040103
201102010112
201109040101
201102010108
201109040111
201102010105
201102010107
201109040108
201106030101
201109040109
201106030106
201106030105
201109040106
201109040104
201106030112
201109040105
201106030102
201109040112
201106030103
201106030111
201106030109
201102010103
201102010101
201102010106
201102010110
201106030108
201109040102
201109040107
201109040202
201106030212
201102010206
201109040205
201109040207
201106030203
201106030207
201102010211
201106030204
201102010207
201106030201
201109040209
201109040203
201109040211
201109040212
201109040206
201102010201
201102010212
201102010208
201102010210
201102010202
201106030211
201102010209
201109040210
201106030206
201106030205
201102010204
201102010203
201106030210
201109040204
201109040201
201106030208
201106030209
201109040208
201106030202
201102010205
201109040308
201106030304
201106030306
201106030302
201102010306
201102010305
201102010302
201102010307
201109040307
201106030303
201106030311
201109040311
201102010309
201102010304
201106030310
201102010312
201109040304
201106030308
201109040305
201109040303
201109040309
201102010308
201106030312
201109040312
201109040302
201102010303
201109040310
201106030307
201102010311
201109040301
201102010301
201106030309
201102010310
201106030305
201106030301
201109040306
201102010411
201106030403
201109040411
201106030402
201102010403
201109040401
201102010409
201109040403
201109040404
201109040406
201109040408
201109040405
201106030401
201102010410
201106030407
201106030411
201106030408
201102010404
201106030410
201106030412
201102010412
201109040409
201106030405
201106030406
201109040412
201106030404
201102010406
201102010407
201102010408
201102010402
201109040407
201102010405
201109040410
201109040402
201106030409
201102010401
201108040109
201106030503
201106030509
201106030505
201106030502
201102010507
201108040101
201106030507
201106030508
201108040111
201108040107
201106030512
201108040106
201108040102
201102010501
201106030501
201102010511
201102010510
201106030504
201102010505
201102010504
201102010503
201102010506
201108040103
201102010502
201102010508
201108040104
201108040105
201102010512
201102010509
201108040110
201106030511
201106030510
201106030506
201108040108
201108040112
201108040204
201108040206
201106030606
201102010609
201108040203
201102010611
201102010608
201108040212
201108040201
201106030601
201108040207
201108040202
201108040209
201102010602
201102010604
201102010607
201108040211
201102010612
201102010610
201102010605
201102010606
201106030603
201106030609
201102010601
201108040208
201108040210
201106030607
201106030602
201106030610
201106030605
201106030608
201106030612
201108040205
201106030611
201106030604
201102010603
201108040309
201106030705
201102010709
201102010705
201108040306
201106030706
201102010706
201108040301
201106030708
201106030710
201108040307
201102010711
201106030704
201108040308
201102010707
201108040310
201102010708
201106030702
201106030709
201102010704
201102010703
201108040302
201106030701
201102010702
201102010701
201108040311
201108040312
201102010712
201108040304
201102010710
201106030712
201108040303
201106030703
201106030707
201106030711
201108040305
201108040411
201108040402
201102010801
201106030801
201102010811
201106030807
201102010808
201102010802
201108040412
201102010805
201108040406
201106030808
201108040408
201102010807
201102010806
201108040403
201102010803
201106030809
201108040407
201106030803
201106030812
201106030805
201108040409
201106030810
201102010809
201106030804
201108040401
201108040404
201102010804
201102010812
201106030811
201106030802
201102010810
201108040410
201108040405
201106030806
201102020106
201102020107
201104030107
201108040511
201102020108
201104030106
201108040510
201102020101
201104030108
201104030104
201104030112
201104030102
201104030105
201108040506
201108040509
201108040512
201108040507
201104030110
201104030103
201102020109
201102020105
201108040504
201102020112
201102020103
201102020104
201102020102
201104030101
201108040502
201104030109
201102020111
201108040508
201102020110
201104030111
201108040503
201108040501
201108040505
201102020208
201102020202
201104030201
201102020206
201104030209
201102020205
201108040607
201108040612
201108040610
201102020201
201108040608
201108040611
201102020210
201102020204
201104030210
201104030212
201108040604
201108040606
201104030206
201102020203
201104030208
201104030211
201108040603
201104030207
201102020207
201104030202
201108040605
201104030205
201102020212
201108040602
201104030203
201102020211
201102020209
201108040601
201104030204
201108040609
201104030308
201108040705
201102020306
201104030307
201104030310
201104030303
201102020304
201104030306
201108040708
201104030312
201108040712
201108040709
201104030309
201108040703
201102020303
201108040711
201104030301
201102020301
201102020310
201108040706
201104030304
201108040707
201108040701
201108040704
201102020311
201102020305
201108040702
201104030302
201102020302
201108040710
201104030305
201104030311
201102020309
201102020308
201102020307
201102020312
201102020401
201102020408
201102020410
201108040809
201108040807
201104030407
201102020403
201104030404
201102020412
201108040808
201108040804
201104030403
201104030406
201102020407
201108040801
201102020405
201104030408
201102020404
201108040806
201102020406
201104030401
201108040811
201108040810
201108040805
201104030410
201108040802
201104030412
201104030411
201104030409
201108040803
201102020411
201108040812
201104030405
201102020402
201102020409
201104030402
201110040108
201110040103
201102020508
201102020509
201102020507
201102020504
201104030501
201104030504
201110040101
201110040104
201102020505
201110040109
201104030511
201110040105
201104030508
201110040112
201102020511
201102020506
201110040102
201110040106
201104030505
201104030512
201102020510
201102020503
201104030502
201102020501
201104030509
201110040110
201102020512
201104030506
201104030510
201110040111
201104030503
201104030507
201102020502
201110040107
201104030609
201102020612
201102020601
201104030603
201110040210
201104030610
201102020610
201102020608
201104030605
201110040201
201104030607
201102020609
201110040204
201102020605
201104030608
201104030602
201104030606
201110040208
201102020603
201110040203
201110040202
201110040211
201102020607
201104030611
201102020604
201110040207
201104030604
201102020602
201110040205
201102020606
201110040212
201104030612
201102020611
201110040209
201104030601
201110040206
201104030703
201104030707
201110040307
201102020702
201102020709
201102020711
201110040310
201110040306
201110040308
201102020701
201104030710
201102020705
201110040304
201102020712
201104030708
201110040302
201104030704
201110040312
201102020706
201110040305
201104030711
201104030702
201102020707
201104030705
201104030709
201110040309
201110040301
201104030706
201102020703
201102020704
201104030712
201110040303
201102020710
201104030701
201110040311
201102020708
201110040411
201110040404
201102020811
201110040402
201102020810
201102020809
201110040401
201104030810
201102020812
201104030801
201102020805
201104030802
201110040406
201104030809
201110040405
201102020801
201110040412
201110040403
201104030805
201102020804
201104030812
201104030808
201110040407
201102020807
201102020803
201104030807
201102020802
201102020808
201110040410
201104030804
201104030806
201104030811
201102020806
201110040408
201110040409
201104030803
201101010102
201104040101
201104040109
201104040104
201104040108
201104040106
201101010110
201104040107
201101010111
201110040503
201110040509
201110040511
201104040105
201101010107
201110040501
201101010103
201101010106
201110040505
201110040508
201101010105
201104040112
201110040512
201104040102
201110040510
201110040502
201101010101
201104040111
201104040103
201101010104
201101010112
201104040110
201110040507
201101010109
201101010108
201110040504
201110040506
201110040608
201110040606
201104040211
201104040204
201104040208
201104040202
201101010204
201101010212
201104040210
201101010207
201110040601
201110040612
201104040212
201110040609
201104040207
201110040603
201101010202
201110040604
201110040605
201104040201
201101010203
201101010211
201101010210
201101010206
201110040607
201110040602
201110040610
201101010205
201101010201
201104040205
201110040611
201104040203
201101010209
201101010208
201104040209
201104040206
201104040307
201110040708
201101010310
201101010305
201110040705
201101010309
201104040311
201104040302
201110040703
201110040709
201110040706
201110040702
201104040310
201110040707
201104040303
201101010306
201101010307
201110040710
201104040309
201101010308
201104040301
201101010312
201101010302
201104040304
201104040308
201101010304
201104040312
201110040712
201101010301
201104040305
201110040711
201104040306
201110040701
201101010311
201110040704
201101010303
201101010407
201104040401
201104040409
201104040404
201101010410
201101010404
201101010401
201104040405
201101010408
201104040402
201110040811
201101010402
201110040805
201104040406
201104040411
201101010409
201101010411
201101010406
201104040408
201101010405
201110040808
201110040809
201110040802
201101010412
201104040403
201110040806
201104040410
201104040407
201110040801
201110040803
201110040804
201110040810
201110040807
201104040412
201101010403
201110040812
201104040512
201104040505
201101010507
201110040909
201101010506
201101010505
201101010512
201104040507
201101010503
201110040904
201110040905
201110040912
201110040903
201110040906
201101010508
201104040506
201104040503
201101010504
201110040908
201104040511
201110040911
201104040508
201110040910
201104040510
201101010502
201104040502
201101010501
201104040509
201110040907
201104040504
201101010511
201110040901
201110040902
201101010509
201104040501
201101010510
201104040610
201110041007
201104040601
201104040603
201104040604
201110041008
201101010610
201110041002
201101010612
201104040609
201104040612
201101010606
201101010604
201101010605
201101010611
201101010601
201101010602
201110041011
201110041010
201110041006
201101010603
201104040607
201110041012
201104040606
201110041005
201110041004
201104040602
201104040608
201110041009
201110041003
201101010609
201101010607
201101010608
201104040611
201104040605
201110041001
201101010707
201110041108
201104040707
201104040711
201110041101
201110041103
201101010706
201104040702
201110041102
201104040701
201101010708
201110041105
201101010710
201101010712
201104040705
201101010704
201104040704
201101010702
201104040709
201110041111
201101010705
201104040708
201104040703
201101010701
201110041109
201104040712
201110041107
201101010709
201101010711
201110041106
201110041110
201110041104
201101010703
201104040710
201104040706
201110041112
201101010808
201104040807
201101010801
201104040809
201110041204
201104040802
201101010812
201104040806
201101010805
201110041208
201110041205
201101010811
201110041207
201104040808
201104040810
201110041209
201104040805
201104040803
201101010809
201104040811
201101010804
201110041203
201104040801
201110041210
201104040804
201101010803
201101010806
201110041206
201110041212
201110041202
201110041201
201101010807
201101010810
201101010802
201110041211
201104040812
201109050110
201109050107
201106040109
201106040112
201109050101
201106040111
201106040108
201106040102
201109050112
201106040106
201101020106
201109050106
201109050108
201109050111
201109050104
201101020104
201106040101
201109050102
201109050103
201101020108
201106040110
201101020101
201106040104
201101020110
201106040107
201101020103
201101020102
201101020111
201101020112
201109050105
201106040105
201101020109
201109050109
201101020105
201106040103
201101020107
201101020210
201101020205
201106040206
201101020203
201106040207
201109050209
201109050212
201106040212
201106040209
201101020208
201101020204
201106040201
201109050206
201106040205
201106040211
201101020209
201101020211
201106040202
201106040210
201109050202
201106040203
201109050204
201109050208
201109050211
201101020202
201109050205
201106040204
201109050203
201101020212
201101020206
201109050201
201101020201
201109050207
201109050210
201106040208
201101020207
201101020302
201101020303
201106040301
201101020301
201106040304
201101020306
201101020312
201106040302
201106040306
201101020310
201106040309
201106040312
201106040311
201106040308
201101020309
201106040303
201101020308
201106040305
201101020304
201101020307
201101020305
201101020311
201106040307
201106040310
201106040401
201106040409
201106040404
201106040408
201109050301
201106040405
201109050304
201109050310
201106040407
201109050312
201109050311
201109050303
201106040406
201109050307
201106040412
201109050302
201109050309
201109050305
201106040402
201106040411
201109050306
201106040410
201109050308
201106040403
201109050403
201101020406
201109050412
201101020409
201109050410
201109050405
201101020405
201109050406
201109050402
201101020411
201109050409
201101020403
201109050404
201101020408
201101020402
201101020407
201109050407
201101020412
201109050411
201101020410
201109050401
201101020401
201109050408
201101020404
201101020510
201109050501
201106040504
201106040503
201101020506
201101020501
201106040509
201109050511
201101020511
201101020503
201106040511
201109050509
201109050503
201109050507
201106040501
201109050504
201106040510
201106040502
201109050502
201109050512
201109050508
201106040508
201101020508
201101020507
201106040512
201106040507
201106040505
201109050505
201101020505
201101020512
201109050510
201106040506
201101020504
201109050506
201101020509
201101020502
201109050610
201101020602
201109050606
201106040611
201109050603
201106040605
201109050609
201101020611
201101020605
201106040612
201101020608
201106040601
201109050604
201101020603
201101020606
201106040602
201101020601
201106040610
201106040607
201109050611
201109050602
201109050605
201101020604
201109050608
201101020610
201101020612
201106040608
201106040604
201106040606
201101020609
201109050612
201101020607
201109050601
201109050607
201106040609
201106040603
201106040710
201101020704
201106040711
201106040706
201109050706
201101020702
201109050701
201106040709
201106040708
201101020706
201109050708
201109050709
201109050707
201101020712
201101020703
201109050702
201106040703
201106040704
201109050710
201101020710
201106040701
201106040707
201109050704
201109050712
201101020707
201106040702
201106040705
201101020711
201101020705
201101020709
201101020701
201101020708
201109050705
201109050703
201109050711
201106040712
201101020812
201101020811
201109050804
201106040801
201109050806
201109050809
201106040811
201101020803
201101020807
201101020805
201106040804
201106040806
201109050802
201109050808
201106040802
201101020810
201106040809
201109050803
201106040808
201109050812
201101020804
201106040810
201109050810
201106040812
201106040805
201109050811
201101020802
201109050801
201106040803
201109050807
201101020808
201101020801
201106040807
201101020809
201101020806
201109050805
201108050112
201108050103
201105040103
201105040109
201108050106
201108050105
201108050108
201108050104
201108050109
201105040105
201105040108
201108050101
201108050111
201105040106
201105040101
201105040112
201108050102
201105040111
201105040110
201105040104
201108050107
201105040102
201108050110
201105040107
201105040204
201105040206
201105040202
201105040207
201108050210
201108050207
201108050208
201105040209
201108050205
201105040210
201105040201
201105040208
201108050204
201108050211
201108050201
201105040203
201108050212
201105040211
201108050202
201108050206
201108050209
201105040205
201105040212
201108050203
201105040307
201105040303
201105040301
201105040306
201105040309
201105040310
201105040311
201105040304
201105040308
201105040302
201105040305
201105040312
201108050310
201105040401
201105040406
201104050110
201105040404
201108050312
201104050104
201108050308
201108050307
201108050303
201108050302
201105040405
201104050101
201104050103
201105040412
201104050105
201105040402
201105040403
201108050301
201104050108
201104050106
201105040408
201105040409
201104050107
201104050102
201108050304
201104050112
201105040410
201108050309
201108050306
201105040407
201105040411
201104050111
201108050311
201104050109
201108050305
201105040505
201108050404
201108050402
201104050207
201104050209
201104050205
201108050401
201108050403
201108050411
201105040510
201104050212
201105040508
201105040512
201104050208
201108050406
201108050408
201105040511
201108050410
201105040509
201104050201
201105040502
201105040504
201105040506
201105040501
201104050206
201104050203
201104050210
201104050202
201108050405
201105040503
201105040507
201108050409
201108050407
201104050211
201104050204
201108050412
201108050505
201104050304
201105040609
201104050309
201108050511
201105040612
201104050305
201108050501
201104050302
201108050508
201104050312
201105040611
201108050507
201105040610
201104050308
201108050509
201108050506
201108050512
201104050306
201104050307
201108050502
201105040607
201105040603
201105040601
201108050504
201105040604
201104050301
201104050303
201108050510
201108050503
201105040608
201105040605
201105040602
201104050311
201104050310
201105040606
201105040708
201108050608
201104050408
201105040702
201105040711
201108050611
201104050407
201105040701
201105040712
201108050610
201104050401
201104050410
201104050411
201105040704
201108050601
201105040703
201105040707
201104050405
201108050602
201108050607
201108050605
201108050612
201105040710
201104050406
201104050412
201108050603
201105040709
201104050403
201104050402
201105040706
201108050606
201108050604
201104050409
201104050404
201105040705
201108050609
201105040812
201108050706
201104050512
201105040802
201104050502
201104050509
201105040806
201105040811
201108050707
201108050711
201105040803
201108050703
201104050508
201108050702
201104050510
201104050501
201105040807
201105040809
201108050705
201104050506
201108050709
201105040810
201105040805
201104050504
201104050511
201108050708
201108050701
201105040804
201104050503
201108050710
201108050704
201104050505
201104050507
201105040808
201108050712
201105040801
201108050801
201108050810
201105040901
201108050805
201104050612
201104050602
201105040912
201108050802
201108050807
201108050808
201105040909
201108050809
201108050803
201108050804
201108050811
201104050604
201105040907
201105040905
201108050806
201104050601
201104050611
201104050608
201104050603
201104050610
201105040904
201105040911
201104050609
201105040902
201108050812
201104050607
201104050605
201105040910
201105040906
201104050606
201105040903
201105040908
201105050103
201108060107
201105050111
201105050106
201104050704
201104050705
201104050707
201105050102
201108060101
201105050101
201105050108
201104050708
201108060105
201104050711
201104050703
201108060111
201105050112
201104050710
201104050712
201108060106
201108060112
201108060102
201105050110
201105050109
201104050706
201104050709
201104050702
201108060108
201105050104
201105050107
201104050701
201108060103
201105050105
201108060104
201108060109
201108060110
201108060203
201105050210
201104050803
201105050207
201108060204
201108060206
201108060209
201104050811
201104050809
201104050807
201105050209
201104050810
201104050808
201108060202
201108060208
201105050201
201105050204
201104050812
201105050203
201104050802
201104050806
201105050212
201105050202
201108060212
201108060207
201108060201
201105050208
201105050205
201108060205
201104050804
201108060210
201108060211
201105050211
201105050206
201104050801
201104050805
201108060301
201105050301
201105050312
201104050910
201105050311
201104050902
201108060310
201104050904
201108060305
201108060306
201108060312
201104050906
201104050905
201104050912
201108060311
201104050903
201108060309
201104050901
201108060303
201104050907
201105050304
201105050302
201105050305
201105050310
201105050307
201105050309
201104050908
201108060308
201104050909
201104050911
201108060304
201108060307
201105050308
201108060302
201105050303
201105050306
201104051004
201105050401
201105050410
201105050412
201104051011
201105050407
201108060404
201108060411
201104051006
201108060405
201105050408
201105050405
201104051007
201105050402
201108060402
201105050404
201108060409
201108060403
201104051005
201104051012
201104051010
201108060410
201104051008
201105050403
201104051001
201108060412
201108060406
201105050406
201104051009
201105050411
201108060407
201108060408
201104051003
201104051002
201105050409
201108060401
201105050509
201104051101
201105050502
201105050503
201108060509
201105050511
201108060501
201105050512
201108060504
201105050510
201108060511
201104051106
201108060502
201108060506
201104051112
201108060510
201108060505
201108060503
201105050505
201105050506
201104051104
201104051108
201105050501
201108060512
201104051102
201108060507
201104051107
201105050508
201104051110
201104051111
201105050507
201104051103
201104051105
201105050504
201108060508
201104051109
201105050611
201108060604
201108060605
201104051208
201104051207
201108060607
201108060610
201108060601
201105050602
201104051212
201105050612
201104051202
201108060611
201105050606
201104051211
201108060608
201108060609
201104051210
201105050604
201105050610
201108060612
201104051204
201104051205
201108060606
201105050605
201104051209
201105050607
201105050609
201108060602
201108060603
201104051201
201104051203
201104051206
201105050601
201105050603
201105050608
201108060712
201108060711
201108060707
201110050109
201105050701
201105050709
201110050103
201105050712
201108060710
201110050102
201110050111
201108060709
201105050707
201110050110
201105050706
201105050710
201110050108
201110050101
201105050704
201110050104
201105050703
201105050711
201110050112
201108060701
201105050705
201108060705
201108060702
201110050107
201108060708
201105050708
201110050106
201105050702
201110050105
201108060706
201108060703
201108060704
201110050210
201108060811
201105050809
201110050206
201110050208
201105050808
201110050211
201108060804
201110050212
201108060812
201108060807
201110050202
201108060802
201108060809
201105050810
201105050805
201110050207
201108060806
201110050203
201108060803
201110050201
201108060808
201105050801
201110050209
201105050803
201108060801
201110050205
201105050807
201105050806
201108060810
201110050204
201105050804
201105050811
201105050802
201108060805
201106050107
201106050110
201109060109
201106050112
201109060105
201110050302
201110050303
201106050111
201109060101
201109060104
201110050305
201110050311
201110050308
201110050304
201106050105
201110050307
201106050108
201109060106
201110050306
201106050103
201106050109
201109060112
201109060108
201110050310
201110050312
201109060107
201109060103
201109060110
201110050301
201109060102
201109060111
201106050102
201106050106
201110050309
201106050104
201106050101
201109060204
201109060202
201110050412
201106050201
201110050407
201109060208
201106050205
201109060206
201106050212
201109060211
201109060201
201110050405
201110050408
201106050211
201106050207
201110050410
201110050402
201106050210
201109060207
201106050209
201106050202
201106050208
201110050401
201110050411
201109060210
201109060209
201110050406
201110050403
201109060203
201110050409
201106050204
201106050206
201109060212
201110050404
201106050203
201109060205
201109060309
201106050307
201106050312
201106050302
201109060310
201106050311
201109060305
201110050511
201109060311
201110050506
201110050501
201106050303
201109060301
201106050301
201106050305
201106050306
201109060307
201110050502
201109060306
201109060303
201110050508
201109060308
201106050310
201110050503
201110050505
201110050504
201110050510
201106050308
201106050309
201109060304
201110050509
201110050507
201109060302
201109060312
201106050304
201110050512
201109060411
201106050407
201109060406
201110050605
201109060412
201109060410
201109060403
201109060405
201106050411
201106050405
201110050601
201109060409
201110050608
201110050603
201106050402
201109060404
201106050408
201110050611
201106050412
201109060408
201106050403
201110050606
201109060407
201106050406
201106050404
201110050602
201106050410
201109060402
201106050401
201110050612
201110050609
201106050409
201110050610
201109060401
201110050607
201110050604
201106050510
201106050506
201106050512
201109060512
201109060509
201106050501
201109060511
201110050702
201106050508
201110050705
201106050509
201110050711
201110050710
201110050712
201109060504
201110050704
201106050503
201110050706
201106050507
201109060501
201109060508
201106050502
201110050708
201109060506
201106050511
201109060507
201109060502
201109060503
201110050701
201110050703
201109060505
201106050504
201110050707
201110050709
201109060510
201106050505
201109060611
201110050812
201110050804
201109060605
201110050802
201106050612
201109060610
201109060602
201110050805
201106050604
201109060601
201110050807
201106050608
201106050605
201110050808
201106050611
201106050601
201106050603
201106050609
201110050809
201110050803
201106050602
201109060607
201109060612
201109060606
201110050811
201110050801
201106050606
201109060609
201106050610
201109060608
201109060603
201109060604
201106050607
201110050810
201110050806
201110050908
201106050709
201110050912
201109060704
201110050909
201106050708
201106050704
201109060702
201109060707
201109060710
201106050701
201110050904
201110050905
201109060705
201106050707
201106050702
201106050712
201110050901
201110050902
201109060703
201110050907
201109060709
201110050911
201110050903
201106050703
201110050910
201109060711
201109060708
201106050706
201106050711
201106050710
201109060706
201109060701
201109060712
201106050705
201110050906
201106050804
201110051002
201110051005
201110051012
201109060804
201110051010
201109060808
201106050803
201106050808
201109060806
201110051009
201106050801
201110051003
201110051007
201110051001
201106050806
201109060802
201109060809
201109060801
201106050807
201106050802
201106050809
201110051004
201110051008
201106050805
201106050811
201109060803
201109060812
201106050810
201110051006
201109060805
201109060810
201110051011
201109060807
201109060811