201208010107
201208010110
201206010103
201208010106
201206010111
201208010102
201208010105
201206010108
201208010104
201208010103
201208010108
201206010101
201208010109
201208010112
201206010107
201208010101
201206010106
201206010102
201206010104
201206010110
201206010105
201206010109
201208010111
201206010112
201208010203
201206010204
201208010206
201208010210
201206010205
201206010207
201208010204
201208010202
201208010207
201208010209
201206010212
201206010201
201206010209
201206010208
201208010201
201208010211
201206010206
201206010202
201206010211
201208010208
201206010203
201208010212
201206010210
201208010205
201206010312
201208010310
201206010302
201206010310
201208010311
201208010309
201208010301
201208010307
201208010302
201208010303
201208010306
201208010305
201208010312
201206010304
201206010305
201206010311
201206010307
201206010301
201206010306
201206010303
201208010308
201208010304
201206010308
201206010309
201208010407
201208010403
201208010402
201210010105
201210010102
201210010106
201206010405
201208010408
201210010103
201208010412
201206010401
201208010409
201206010412
201210010109
201208010405
201206010406
201206010410
201208010411
201210010104
201210010101
201210010108
201210010111
201210010110
201206010404
201206010407
201210010112
201206010408
201208010410
201210010107
201208010404
201206010403
201206010411
201206010402
201208010401
201208010406
201206010409
201208010504
201206010508
201208010503
201208010507
201210010210
201206010510
201206010505
201206010512
201208010508
201210010206
201206010503
201208010505
201208010501
201208010511
201210010205
201208010509
201210010208
201206010511
201210010207
201210010211
201210010209
201210010202
201208010510
201206010504
201206010502
201206010507
201206010501
201208010506
201208010512
201210010203
201210010201
201208010502
201210010212
201206010509
201206010506
201210010204
201210010308
201208010612
201210010311
201210010310
201206010606
201210010301
201206010607
201208010609
201208010605
201206010608
201210010309
201206010603
201206010605
201210010303
201210010312
201206010601
201208010607
201206010602
201210010304
201208010608
201208010611
201206010610
201210010302
201208010604
201208010603
201206010612
201206010611
201208010601
201210010307
201208010602
201210010306
201206010604
201208010606
201208010610
201210010305
201206010609
201208010708
201208010703
201210010409
201206010707
201210010404
201210010407
201208010709
201206010708
201210010405
201210010406
201210010412
201206010703
201210010403
201206010701
201208010710
201206010712
201210010411
201206010706
201208010707
201210010401
201206010710
201210010410
201208010706
201208010704
201208010712
201206010705
201210010402
201206010709
201206010711
201210010408
201206010704
201208010711
201208010705
201206010702
201208010701
201208010702
201205010111
201208020103
201208020111
201208020102
201205010101
201210010508
201208020108
201208020101
201205010103
201208020110
201210010507
201208020104
201210010506
201210010503
201210010511
201205010102
201208020109
201208020107
201210010501
201210010505
201205010105
201208020105
201210010502
201205010109
201210010504
201205010106
201208020106
201210010510
201205010112
201205010107
201205010110
201210010512
201205010108
201208020112
201205010104
201210010509
201210010603
201208020212
201210010611
201205010207
201210010612
201208020210
201208020205
201205010211
201210010608
201210010605
201205010205
201205010209
201210010602
201210010609
201205010210
201208020211
201208020201
201210010610
201208020208
201208020206
201208020202
201208020204
201205010201
201210010607
201210010606
201205010212
201205010203
201205010202
201210010601
201208020207
201205010206
201208020203
201210010604
201208020209
201205010204
201205010208
201208020307
201208020309
201210010708
201205010306
201205010301
201208020303
201210010709
201208020302
201208020308
201205010308
201205010303
201205010311
201208020301
201210010705
201205010302
201205010310
201210010711
201210010706
201205010312
201205010305
201210010712
201205010307
201210010703
201208020306
201205010309
201208020311
201208020310
201210010707
201210010701
201210010710
201208020304
201208020305
201205010304
201210010702
201210010704
201208020312
201205010404
201205010409
201208020402
201205010408
201208020412
201210010810
201205010406
201205010407
201208020405
201210010801
201208020410
201208020407
201205010401
201210010805
201205010403
201208020408
201205010410
201210010808
201210010812
201210010802
201205010411
201205010412
201208020404
201210010811
201208020409
201205010402
201210010809
201208020401
201210010806
201208020406
201208020411
201210010803
201208020403
201205010405
201210010807
201210010804
201205010503
201205010510
201208020505
201208020504
201210010906
201205010506
201210010907
201210010905
201210010901
201208020512
201208020507
201210010904
201205010504
201208020501
201208020502
201208020510
201210010910
201205010511
201205010509
201205010501
201210010903
201210010911
201210010909
201205010505
201205010502
201205010508
201210010908
201208020509
201205010507
201208020508
201208020506
201205010512
201208020503
201208020511
201210010912
201210010902
201208020608
201210011011
201210011004
201205010610
201205010612
201208020612
201208020605
201208020610
201208020607
201208020611
201210011001
201205010609
201210011005
201205010603
201208020603
201205010608
201208020606
201210011009
201210011012
201205010606
201208020601
201210011010
201210011008
201208020604
201205010602
201210011003
201208020609
201210011007
201205010607
201205010611
201205010605
201205010601
201208020602
201210011002
201210011006
201205010604
201208020708
201208020704
201208020710
201208020711
201208020705
201208020701
201208020707
201205010707
201205010701
201205010705
201205010708
201208020702
201205010709
201205010711
201208020712
201205010710
201208020703
201205010712
201208020709
201205010704
201208020706
201205010703
201205010706
201205010702
201205010802
201205010808
201208020810
201208020804
201205010810
201208020807
201208020811
201208020812
201208020809
201208020802
201205010806
201205010805
201208020805
201205010803
201205010807
201205010809
201208020806
201205010804
201205010811
201208020801
201205010801
201208020803
201205010812
201208020808
201209010112
201206020104
201206020110
201209010105
201209010109
201206020112
201206020109
201209010103
201209010111
201206020108
201206020107
201209010106
201206020105
201206020102
201206020111
201209010101
201209010110
201209010102
201209010107
201206020103
201209010104
201206020106
201206020101
201209010108
201206020210
201206020204
201209010202
201206020203
201209010209
201206020211
201209010207
201209010208
201206020202
201209010204
201209010211
201209010206
201206020209
201206020205
201206020206
201209010201
201209010205
201206020207
201209010212
201206020212
201206020208
201209010203
201206020201
201209010210
201209010301
201206020302
201209010309
201206020311
201207010108
201206020307
201206020306
201206020309
201207010103
201209010305
201206020301
201206020312
201206020303
201207010106
201206020308
201207010110
201207010105
201206020304
201209010303
201207010109
201209010308
201209010310
201209010311
201209010307
201207010102
201209010302
201207010104
201207010107
201207010101
201207010112
201209010306
201206020310
201206020305
201207010111
201209010312
201209010304
201207010211
201207010210
201206020410
201209010411
201209010406
201206020412
201206020401
201206020409
201206020411
201207010204
201206020406
201207010203
201209010412
201207010202
201209010409
201207010208
201209010403
201207010207
201207010209
201206020402
201209010407
201209010408
201206020403
201207010212
201209010402
201209010410
201209010405
201206020407
201206020405
201209010404
201206020408
201206020404
201209010401
201207010201
201207010205
201207010206
201206020508
201206020502
201206020511
201207010304
201207010310
201209010512
201207010307
201206020503
201209010509
201207010301
201209010502
201206020512
201209010501
201209010504
201207010302
201207010303
201207010309
201207010305
201209010503
201209010511
201209010506
201207010306
201207010312
201206020510
201207010311
201209010508
201206020504
201209010505
201206020501
201206020506
201206020505
201206020509
201209010507
201207010308
201206020507
201209010510
201209010607
201209010609
201206020608
201206020606
201209010601
201207010412
201207010408
201209010603
201207010410
201209010611
201206020611
201206020609
201207010406
201209010604
201209010605
201209010612
201209010608
201206020605
201206020601
201207010405
201206020603
201206020610
201206020604
201207010402
201207010401
201206020612
201207010404
201209010606
201209010602
201206020607
201207010411
201207010403
201207010407
201206020602
201209010610
201207010409
201206020705
201206020712
201209010702
201209010707
201206020706
201209010703
201206020710
201209010706
201206020711
201207010503
201209010708
201207010509
201209010712
201206020702
201207010511
201207010502
201207010504
201209010711
201209010704
201207010506
201206020708
201207010510
201206020701
201207010512
201206020707
201209010710
201206020703
201206020709
201209010705
201207010507
201207010508
201207010501
201207010505
201209010701
201209010709
201206020704
201206020809
201206020811
201209010808
201207010610
201209010801
201206020807
201209010811
201209010810
201206020810
201206020812
201209010803
201206020805
201206020806
201206020802
201209010809
201209010804
201206020803
201207010607
201209010805
201209010812
201206020804
201206020808
201207010603
201209010802
201207010606
201209010807
201206020801
201207010612
201207010611
201207010604
201207010608
201207010602
201209010806
201207010605
201207010609
201207010601
201207010702
201207010710
201207010708
201206030106
201207010709
201206030101
201207010712
201207010711
201209020108
201206030112
201206030103
201209020111
201206030107
201209020106
201206030102
201207010701
201206030105
201209020101
201207010705
201209020112
201207010706
201209020104
201209020105
201209020109
201206030108
201206030109
201207010707
201209020110
201207010704
201209020102
201209020103
201206030104
201207010703
201206030111
201206030110
201209020107
201207010808
201209020202
201207010803
201209020204
201207010812
201206030205
201206030202
201207010801
201207010807
201209020206
201207010811
201209020210
201209020203
201207010809
201207010810
201207010805
201206030212
201206030207
201206030204
201209020209
201207010806
201206030208
201209020212
201206030210
201209020207
201206030206
201206030209
201207010802
201209020205
201209020211
201206030201
201209020208
201206030203
201209020201
201207010804
201206030211
201209020311
201209020303
201209020308
201206030301
201206030303
201206030304
201206030305
201209020310
201206030306
201209020307
201206030311
201209020305
201206030308
201206030312
201209020302
201206030310
201206030307
201209020309
201209020304
201209020306
201209020312
201206030302
201206030309
201209020301
201209020408
201209020404
201209020410
201206030409
201206030403
201209020403
201206030408
201209020405
201206030411
201206030404
201209020401
201206030406
201209020406
201209020412
201206030401
201206030405
201206030410
201209020411
201206030407
201209020409
201209020402
201209020407
201206030402
201206030412
201203010106
201209020502
201203010105
201203010108
201209020508
201206030509
201203010103
201206030504
201206030503
201206030506
201203010102
201206030508
201209020512
201203010111
201209020505
201209020507
201209020506
201209020511
201209020510
201203010107
201203010110
201206030511
201206030512
201203010101
201209020503
201209020501
201206030501
201206030505
201206030507
201206030510
201209020509
201203010109
201206030502
201209020504
201203010104
201203010112
201203010211
201203010210
201206030604
201203010208
201206030606
201209020607
201206030608
201203010203
201203010205
201209020603
201209020606
201203010209
201203010202
201209020605
201209020612
201203010207
201206030603
201209020610
201206030611
201203010201
201206030612
201203010206
201206030601
201209020602
201209020608
201206030609
201203010212
201206030605
201209020601
201206030607
201203010204
201209020609
201206030610
201209020604
201209020611
201206030602
201209020703
201209020701
201209020708
201203010303
201203010305
201203010308
201206030701
201203010304
201209020707
201206030705
201209020709
201206030710
201209020711
201206030702
201203010302
201209020702
201209020712
201209020704
201203010301
201206030704
201203010310
201206030712
201203010309
201203010306
201209020706
201209020705
201209020710
201203010312
201206030709
201206030707
201206030711
201203010311
201206030708
201206030706
201206030703
201203010307
201206030804
201203010410
201209020803
201206030802
201209020806
201203010404
201203010407
201203010402
201209020809
201203010408
201206030806
201206030805
201209020801
201206030811
201209020804
201209020812
201206030803
201209020810
201209020808
201203010411
201203010403
201209020805
201206030807
201203010405
201206030809
201209020811
201203010406
201206030808
201209020807
201203010401
201203010412
201209020802
201206030812
201206030810
201206030801
201203010409
201203010512
201208030110
201203010506
201208030111
201205020106
201205020101
201205020109
201205020112
201205020105
201208030107
201205020102
201208030103
201205020107
201208030108
201205020108
201203010507
201203010510
201203010504
201203010503
201208030109
201203010509
201208030112
201205020110
201205020111
201203010511
201203010505
201208030105
201205020103
201203010508
201205020104
201203010501
201208030101
201208030104
201203010502
201208030106
201208030102
201205020202
201203010606
201203010612
201205020208
201205020205
201205020211
201203010610
201205020203
201203010602
201208030205
201208030207
201208030208
201208030209
201203010608
201208030206
201205020206
201208030211
201208030212
201205020209
201208030201
201203010603
201208030203
201203010604
201205020210
201203010611
201205020207
201203010601
201208030210
201205020201
201203010605
201205020212
201203010607
201208030204
201208030202
201205020204
201203010609
201205020302
201208030305
201208030304
201208030308
201203010706
201205020305
201203010710
201205020306
201203010705
201205020312
201205020308
201208030307
201203010701
201203010707
201203010704
201203010711
201205020309
201208030310
201208030303
201205020310
201205020307
201208030311
201205020301
201203010708
201205020304
201208030306
201203010703
201208030301
201205020303
201203010712
201208030312
201205020311
201203010702
201203010709
201208030309
201208030302
201203010801
201208030412
201205020410
201208030401
201205020402
201203010803
201203010806
201208030407
201205020403
201205020407
201205020408
201208030406
201203010810
201203010809
201205020406
201203010812
201205020404
201203010811
201205020411
201208030409
201205020405
201208030410
201208030402
201203010808
201208030404
201203010805
201208030405
201205020412
201205020401
201203010804
201208030403
201203010807
201208030408
201208030411
201205020409
201203010802
201205020511
201208030507
201205020507
201204010112
201208030511
201205020503
201204010106
201208030509
201205020512
201204010109
201208030504
201208030512
201204010111
201204010102
201208030506
201204010110
201205020505
201205020509
201204010105
201205020506
201208030508
201205020510
201205020501
201204010103
201204010108
201205020508
201205020504
201205020502
201204010101
201204010107
201208030501
201208030510
201208030503
201208030502
201208030505
201204010104
201208030602
201208030609
201205020603
201205020609
201204010202
201205020611
201208030606
201205020601
201205020602
201208030607
201204010211
201204010201
201208030604
201208030612
201205020606
201204010206
201205020607
201205020605
201205020612
201204010205
201205020604
201204010203
201208030605
201204010207
201204010210
201208030611
201204010204
201205020610
201204010212
201205020608
201204010208
201208030601
201204010209
201208030603
201208030610
201208030608
201208030701
201204010308
201204010305
201205020705
201208030711
201204010310
201205020707
201208030705
201204010303
201204010304
201205020703
201205020701
201204010302
201204010312
201205020709
201208030707
201208030702
201204010309
201204010301
201205020711
201208030703
201204010306
201208030712
201208030704
201205020706
201205020708
201208030709
201205020710
201208030710
201204010311
201204010307
201205020704
201205020712
201205020702
201208030706
201208030708
201204010403
201204010409
201208030806
201205020804
201204010406
201208030803
201205020803
201208030802
201208030810
201208030801
201204010412
201205020812
201205020805
201204010405
201204010407
201205020801
201205020802
201208030807
201204010404
201204010401
201205020808
201208030812
201204010402
201205020810
201205020809
201208030804
201204010411
201208030808
201208030811
201208030809
201205020811
201204010410
201205020806
201204010408
201205020807
201208030805
201208030907
201208030909
201205020901
201204010506
201208030904
201205020908
201208030905
201205020910
201208030901
201204010512
201204010502
201205020904
201205020911
201204010508
201204010509
201205020907
201204010511
201204010507
201204010510
201208030911
201208030903
201208030906
201204010505
201208030912
201205020905
201208030902
201205020906
201204010504
201205020902
201205020909
201204010503
201205020912
201208030908
201208030910
201205020903
201204010501
201205021004
201204010606
201208031003
201205021009
201208031005
201208031010
201205021003
201208031004
201208031008
201208031007
201204010612
201204010601
201205021012
201205021007
201204010604
201208031011
201208031012
201204010610
201205021005
201204010603
201204010609
201204010607
201208031006
201204010605
201204010611
201208031009
201208031001
201204010602
201205021011
201208031002
201205021006
201204010608
201205021001
201205021008
201205021010
201205021002
201205021111
201208031102
201208031111
201208031101
201205021101
201208031106
201205021106
201205021103
201208031107
201208031108
201205021108
201208031104
201205021104
201208031109
201205021105
201205021107
201208031103
201208031105
201205021110
201208031112
201208031110
201205021112
201205021102
201205021109
201205021212
201208031211
201208031207
201208031209
201205021203
201208031205
201205021201
201208031204
201208031203
201205021204
201205021208
201208031210
201205021211
201208031208
201205021207
201205021205
201208031201
201208031206
201208031202
201208031212
201205021209
201205021202
201205021210
201205021206
201209030107
201205030106
201205030102
201205030104
201209030102
201209030104
201205030110
201205030107
201205030111
201209030112
201209030101
201209030108
201205030103
201209030106
201209030111
201209030109
201209030103
201205030101
201205030109
201205030112
201209030110
201209030105
201205030105
201205030108
201209030205
201205030207
201209030207
201209030202
201209030201
201209030211
201205030202
201205030203
201209030209
201205030201
201205030204
201205030205
201209030210
201205030210
201209030212
201205030208
201209030206
201205030209
201209030208
201209030203
201205030211
201209030204
201205030212
201205030206
201209030311
201205030301
201205030305
201202010106
201205030309
201205030312
201202010110
201209030302
201209030309
201209030304
201209030312
201202010105
201202010108
201209030301
201205030310
201209030310
201209030303
201202010103
201209030305
201202010104
201202010107
201202010109
201209030306
201205030307
201205030303
201205030311
201205030304
201205030308
201202010101
201205030302
201209030308
201209030307
201202010111
201205030306
201202010102
201202010112
201209030405
201202010205
201209030412
201202010201
201205030411
201205030410
201205030405
201205030407
201202010210
201202010209
201205030401
201205030406
201202010202
201209030410
201202010204
201205030412
201205030404
201205030409
201202010212
201209030407
201209030411
201209030403
201209030404
201205030402
201205030408
201205030403
201209030401
201202010207
201209030406
201202010203
201209030408
201209030409
201209030402
201202010211
201202010206
201202010208
201203020104
201202010301
201209030507
201209030506
201202010302
201209030512
201209030502
201203020103
201209030504
201209030503
201203020107
201209030510
201203020106
201202010307
201209030508
201203020111
201203020109
201203020112
201209030511
201202010305
201203020102
201209030501
201203020101
201209030509
201202010311
201209030505
201203020108
201203020105
201202010309
201202010304
201202010303
201202010306
201202010312
201202010308
201202010310
201203020110
201209030601
201203020202
201209030602
201202010404
201203020206
201209030603
201203020212
201203020210
201203020208
201202010401
201203020207
201202010406
201209030606
201203020203
201202010403
201202010402
201209030607
201209030605
201209030612
201209030611
201203020209
201203020201
201209030604
201209030608
201209030609
201202010408
201209030610
201202010405
201202010412
201203020211
201202010409
201202010407
201202010410
201203020205
201202010411
201203020204
201209030709
201202010506
201202010508
201209030706
201209030705
201202010503
201209030701
201202010502
201203020308
201209030708
201209030702
201203020310
201209030711
201202010501
201202010509
201203020307
201209030710
201203020305
201202010510
201202010507
201202010504
201203020302
201203020303
201202010511
201209030704
201209030712
201209030703
201209030707
201203020311
201203020312
201203020301
201203020309
201202010505
201203020306
201202010512
201203020304
201203020410
201209030801
201202010606
201202010609
201209030808
201209030803
201202010601
201209030807
201203020411
201202010607
201209030805
201209030809
201202010608
201209030806
201202010611
201209030812
201203020405
201209030802
201202010604
201203020407
201209030804
201203020402
201209030810
201202010612
201203020403
201203020409
201202010603
201202010610
201202010602
201209030811
201203020412
201203020401
201203020406
201203020408
201202010605
201203020404
201207020110
201207020102
201207020106
201202020105
201203020502
201202020109
201202020104
201202020108
201207020105
201203020510
201203020505
201202020112
201202020106
201203020511
201203020508
201202020110
201203020512
201202020103
201202020101
201203020503
201203020509
201207020108
201203020506
201202020107
201207020103
201207020111
201203020504
201203020507
201202020102
201207020104
201207020112
201203020501
201202020111
201207020109
201207020107
201207020101
201202020207
201203020611
201202020212
201202020201
201202020204
201203020602
201203020605
201203020612
201202020209
201207020206
201203020609
201207020208
201207020202
201203020608
201203020604
201203020610
201203020607
201207020204
201207020211
201202020202
201202020206
201207020212
201207020201
201203020601
201203020606
201207020205
201202020208
201202020203
201203020603
201207020207
201202020205
201202020211
201207020210
201207020203
201202020210
201207020209
201203020705
201202020307
201202020310
201207020306
201207020307
201207020309
201207020310
201202020302
201202020308
201207020305
201202020311
201207020312
201203020704
201207020304
201203020702
201203020712
201203020703
201207020311
201203020710
201203020711
201202020306
201202020309
201203020701
201203020708
201203020707
201202020303
201202020312
201202020304
201207020301
201207020308
201207020303
201202020305
201207020302
201203020706
201202020301
201203020709
201202020406
201207020402
201203020803
201203020812
201203020802
201207020412
201202020401
201203020811
201202020408
201202020412
201203020808
201207020401
201207020406
201203020810
201207020405
201207020409
201203020806
201203020804
201207020404
201207020407
201202020403
201202020402
201202020410
201203020801
201207020411
201203020807
201203020809
201207020410
201207020403
201202020405
201203020805
201202020409
201207020408
201202020404
201202020407
201202020411
201202020506
201207020506
201207020512
201202020501
201207020503
201202020502
201202020503
201204020101
201207020502
201202020505
201202020511
201202020504
201204020102
201202020510
201204020109
201204020108
201207020508
201204020106
201204020104
201207020510
201202020508
201207020511
201202020509
201204020107
201204020111
201207020505
201204020103
201207020507
201207020504
201204020112
201202020512
201202020507
201207020501
201207020509
201204020105
201204020110
201202020606
201202020605
201202020608
201204020206
201202020607
201204020207
201207020604
201207020611
201207020607
201204020202
201204020210
201207020606
201204020203
201207020601
201204020208
201207020609
201204020211
201202020612
201202020604
201204020209
201204020205
201204020212
201202020611
201202020602
201202020601
201207020603
201207020608
201204020204
201207020602
201202020603
201202020610
201207020612
201204020201
201202020609
201207020610
201207020605
201207020708
201201010101
201204020306
201207020710
201207020706
201207020704
201207020712
201204020302
201201010109
201201010103
201201010104
201204020308
201201010108
201201010111
201207020709
201201010106
201204020311
201207020702
201201010110
201204020304
201201010105
201207020711
201204020312
201204020301
201201010112
201207020703
201204020309
201207020705
201204020303
201201010102
201204020305
201204020310
201201010107
201204020307
201207020707
201207020701
201204020403
201207020803
201204020404
201207020808
201207020810
201201010212
201201010211
201207020801
201207020807
201201010206
201201010204
201201010208
201201010210
201201010202
201207020802
201207020806
201207020811
201204020406
201201010205
201204020412
201204020409
201207020804
201201010201
201201010209
201201010207
201201010203
201204020401
201204020407
201207020809
201207020812
201204020402
201204020408
201207020805
201204020405
201204020410
201204020411
201210020104
201201010308
201204020502
201201010306
201210020110
201210020112
201201010307
201204020503
201204020506
201204020511
201204020509
201210020106
201204020512
201210020105
201204020510
201201010311
201201010309
201201010303
201204020507
201210020103
201204020508
201210020107
201201010312
201201010310
201201010304
201201010302
201210020102
201210020101
201201010301
201210020108
201201010305
201210020111
201210020109
201204020501
201204020505
201204020504
201204020610
201210020204
201210020208
201210020210
201210020201
201204020603
201201010410
201204020612
201201010407
201210020202
201210020206
201201010403
201204020605
201210020209
201204020607
201204020611
201204020601
201201010402
201201010404
201201010406
201204020602
201204020608
201210020203
201204020609
201210020211
201201010408
201210020205
201204020604
201201010411
201201010405
201210020207
201201010412
201210020212
201201010409
201204020606
201201010401
201201010509
201204020705
201204020709
201201010508
201210020303
201210020309
201201010511
201210020312
201204020710
201201010506
201201010507
201210020302
201210020305
201201010510
201204020708
201201010501
201201010503
201210020311
201204020701
201210020308
201210020307
201201010502
201204020711
201210020304
201204020707
201210020310
201204020704
201210020306
201204020712
201204020702
201201010512
201201010505
201204020703
201210020301
201201010504
201204020706
201201010612
201201010610
201201010604
201210020403
201204020807
201204020811
201201010603
201204020808
201204020802
201204020805
201204020806
201201010608
201210020401
201201010607
201204020812
201210020405
201210020409
201204020810
201201010602
201210020412
201201010611
201210020408
201210020402
201201010605
201210020407
201201010609
201210020411
201201010601
201204020804
201210020406
201204020801
201204020809
201210020404
201201010606
201210020410
201204020803
201204030112
201201010701
201210020512
201204030107
201201010707
201201010708
201210020510
201210020505
201204030108
201204030103
201210020507
201201010711
201210020506
201201010706
201201010704
201201010710
201204030101
201204030104
201210020508
201201010705
201201010703
201210020504
201210020501
201201010709
201204030111
201204030105
201210020509
201210020502
201210020511
201204030110
201204030106
201204030102
201210020503
201201010712
201204030109
201201010702
201201010806
201204030209
201201010802
201204030210
201204030212
201201010811
201201010807
201204030206
201210020608
201201010812
201204030211
201210020609
201201010810
201204030202
201204030204
201210020610
201201010805
201201010803
201204030203
201201010809
201204030201
201210020601
201210020606
201210020612
201210020607
201210020605
201201010801
201210020611
201204030208
201210020602
201210020604
201204030207
201210020603
201201010804
201201010808
201204030205
201210020708
201201020108
201204030310
201210020702
201204030307
201204030305
201204030306
201210020712
201204030304
201204030301
201210020703
201204030303
201201020105
201210020705
201201020106
201201020112
201204030311
201201020103
201210020707
201201020109
201201020102
201210020710
201210020701
201201020107
201210020706
201204030308
201201020101
201210020711
201201020111
201204030312
201204030302
201204030309
201201020110
201210020704
201201020104
201210020709
201210020801
201201020209
201201020208
201201020207
201204030404
201201020210
201201020206
201210020806
201201020201
201204030407
201204030411
201204030405
201204030408
201204030412
201204030403
201210020804
201210020810
201210020803
201204030401
201210020812
201210020809
201210020805
201201020204
201201020212
201204030402
201210020808
201210020807
201204030410
201210020811
201201020203
201201020202
201210020802
201204030406
201201020205
201204030409
201201020211
201204030510
201210020910
201201020308
201210020901
201201020307
201204030508
201210020909
201204030509
201210020906
201210020903
201204030504
201210020907
201201020301
201204030512
201201020305
201210020912
201210020908
201204030506
201204030503
201204030511
201201020310
201210020904
201204030507
201210020905
201204030502
201210020911
201201020306
201204030501
201201020311
201210020902
201201020303
201201020309
201201020304
201204030505
201201020312
201201020302
201204030612
201210021001
201210021004
201210021005
201210021011
201201020412
201201020408
201210021008
201210021012
201201020411
201204030611
201201020410
201210021009
201201020403
201201020406
201201020404
201204030610
201204030607
201210021010
201201020401
201210021006
201201020409
201201020407
201201020405
201204030601
201204030602
201204030606
201204030604
201201020402
201204030608
201210021007
201204030605
201204030603
201204030609
201210021003
201210021002
201210021109
201210021112
201201020502
201210021108
201210021105
201201020508
201201020510
201204030706
201204030702
201204030710
201210021107
201204030711
201204030708
201201020505
201210021103
201210021111
201210021101
201204030704
201201020504
201201020503
201201020507
201210021102
201210021110
201201020509
201201020511
201204030701
201210021104
201201020501
201201020506
201204030709
201210021106
201201020512
201204030712
201204030707
201204030705
201204030703
201201020604
201210021212
201204030801
201201020605
201210021206
201204030807
201210021203
201204030812
201210021210
201204030804
201201020602
201201020607
201210021204
201204030805
201201020610
201201020612
201210021202
201204030808
201201020601
201201020603
201204030810
201210021201
201210021209
201204030809
201201020609
201204030811
201210021208
201201020611
201204030803
201204030802
201204030806
201201020608
201210021207
201210021211
201201020606
201210021205
201209040101
201206040112
201209040107
201206040106
201209040108
201209040110
201206040101
201209040102
201206040104
201206040103
201209040105
201209040111
201209040104
201206040108
201209040106
201206040110
201206040111
201206040109
201209040109
201206040107
201209040112
201206040102
201209040103
201206040105
201209040203
201206040202
201209040209
201206040207
201206040204
201209040206
201206040212
201209040205
201206040208
201209040207
201206040201
201209040211
201206040210
201209040212
201209040210
201206040209
201209040201
201209040202
201206040206
201209040208
201206040211
201206040203
201206040205
201209040204
201206040312
201206040305
201209040310
201206040306
201209040311
201209040308
201206040308
201209040305
201209040303
201209040312
201206040304
201206040307
201206040311
201206040301
201209040302
201206040310
201206040303
201209040304
201209040301
201206040302
201209040306
201206040309
201209040307
201209040309
201209040411
201209040409
201206040408
201209040405
201206040401
201206040407
201206040409
201209040410
201209040407
201209040404
201209040408
201206040406
201209040402
201206040402
201209040401
201209040412
201206040403
201206040404
201209040403
201206040411
201206040412
201209040406
201206040405
201206040410
201209040506
201209040511
201206040512
201209040507
201209040509
201209040508
201206040505
201209040503
201206040508
201206040509
201206040507
201209040502
201206040503
201209040501
201209040510
201206040506
201209040512
201206040504
201209040504
201206040510
201206040501
201206040511
201209040505
201206040502
201206040606
201209040605
201209040611
201206040611
201206040603
201209040603
201206040608
201206040612
201206040609
201206040604
201209040607
201206040610
201206040607
201209040602
201209040609
201209040610
201209040601
201209040612
201209040608
201209040604
201206040602
201206040601
201206040605
201209040606
201209040707
201206040708
201206040710
201206040706
201209040702
201206040704
201206040702
201209040712
201209040705
201206040707
201209040703
201209040701
201209040708
201206040709
201206040701
201209040710
201209040706
201206040703
201206040712
201209040704
201206040705
201209040711
201206040711
201209040709
201209040801
201209040810
201209040809
201209040802
201209040812
201209040806
201206040808
201206040811
201209040804
201209040805
201209040803
201206040802
201206040805
201206040812
201209040811
201206040803
201206040804
201206040807
201209040808
201206040810
201206040809
201206040801
201209040807
201206040806
201206040901
201206040904
201206040906
201206040905
201206040907
201206040903
201206040908
201206040910
201206040912
201206040909
201206040911
201206040902
201209040908
201209040912
201209040902
201209040909
201209040911
201209040904
201209040903
201209040910
201209040907
201209040901
201209040905
201209040906
201205040111
201205040107
201205040105
201205040112
201208040104
201208040111
201208040106
201205040103
201208040102
201205040108
201208040101
201205040102
201208040109
201205040101
201208040110
201205040109
201208040112
201205040104
201208040103
201208040105
201208040107
201208040108
201205040106
201205040110
201208040209
201205040208
201208040210
201205040211
201208040204
201205040212
201205040202
201205040201
201208040211
201205040204
201205040207
201208040203
201208040202
201205040205
201208040212
201208040207
201208040205
201205040203
201205040209
201208040201
201208040208
201205040206
201205040210
201208040206
201208040304
201208040310
201205040312
201205040305
201205040301
201205040306
201205040307
201205040304
201208040303
201205040308
201208040312
201205040303
201208040302
201208040308
201208040309
201208040305
201208040301
201205040302
201208040311
201205040311
201205040310
201208040306
201205040309
201208040307
201208040406
201204040108
201205040402
201204040106
201208040410
201205040409
201205040401
201205040410
201208040407
201208040401
201204040104
201204040112
201204040103
201208040411
201208040412
201204040102
201205040406
201204040111
201204040101
201204040110
201208040408
201208040404
201204040105
201205040404
201205040408
201204040107
201208040405
201205040405
201208040403
201208040409
201208040402
201205040407
201205040403
201205040412
201205040411
201204040109
201205040511
201205040504
201205040503
201208040509
201208040511
201205040501
201204040201
201208040508
201204040203
201204040204
201205040510
201204040212
201208040504
201208040510
201205040507
201208040503
201204040208
201204040206
201205040506
201204040205
201208040507
201208040502
201208040505
201204040209
201205040505
201204040210
201208040512
201205040509
201205040502
201204040207
201204040202
201208040506
201205040512
201205040508
201208040501
201204040211
201204040302
201204040309
201208040612
201205040603
201204040305
201208040605
201204040304
201208040604
201208040609
201208040601
201208040608
201208040602
201208040610
201208040606
201204040308
201204040306
201204040311
201208040603
201205040606
201205040612
201205040605
201205040611
201204040307
201205040607
201208040611
201205040601
201205040604
201204040303
201205040608
201204040301
201205040602
201208040607
201204040312
201205040609
201205040610
201204040310
201204040411
201204040412
201205040704
201208040701
201204040402
201208040706
201208040712
201208040702
201204040401
201204040407
201208040703
201205040709
201204040408
201205040707
201205040711
201208040710
201208040708
201205040708
201205040701
201205040710
201205040705
201208040705
201208040707
201205040712
201205040706
201208040709
201208040704
201208040711
201204040406
201205040703
201205040702
201204040405
201204040409
201204040404
201204040403
201204040410
201205040806
201205040809
201204040508
201204040506
201205040811
201208040803
201204040505
201204040503
201208040807
201204040504
201204040512
201205040804
201208040809
201204040509
201205040805
201205040810
201208040804
201208040802
201208040810
201208040811
201208040801
201205040803
201204040507
201208040808
201204040510
201208040805
201204040502
201208040812
201205040802
201205040808
201205040807
201208040806
201204040501
201204040511
201205040812
201205040801
201204040603
201204040606
201208040909
201205040909
201208040912
201208040911
201204040609
201208040905
201205040901
201208040910
201205040911
201208040906
201205040906
201208040901
201205040910
201205040907
201204040608
201204040602
201204040611
201208040908
201204040610
201205040912
201204040605
201205040904
201204040604
201204040601
201208040907
201208040902
201208040904
201205040903
201204040612
201208040903
201205040908
201205040902
201204040607
201205040905
201205050108
201205050110
201205050112
201208050109
201208050103
201205050107
201203030103
201208050102
201203030106
201205050106
201208050112
201203030101
201205050104
201208050104
201208050106
201208050110
201208050111
201203030104
201203030109
201203030110
201205050103
201208050105
201205050101
201203030108
201205050111
201203030111
201208050108
201205050109
201208050101
201208050107
201205050105
201203030102
201203030107
201203030112
201205050102
201203030105
201203030206
201205050204
201205050210
201203030212
201208050205
201203030201
201208050212
201205050203
201208050210
201208050204
201203030207
201205050201
201208050207
201205050206
201205050207
201208050209
201203030210
201205050208
201208050206
201203030208
201205050209
201208050201
201203030204
201203030205
201208050211
201208050208
201205050212
201203030211
201203030202
201205050202
201205050211
201208050203
201203030203
201203030209
201208050202
201205050205
201205050304
201205050310
201205050303
201203030304
201203030302
201205050309
201203030305
201203030310
201208050308
201203030301
201205050305
201208050307
201203030309
201205050308
201203030307
201203030311
201208050301
201208050310
201205050306
201205050301
201208050302
201203030308
201203030303
201208050311
201203030312
201208050305
201205050312
201208050312
201208050304
201208050303
201208050306
201205050307
201205050311
201203030306
201208050309
201205050302
201208050402
201208050410
201203030412
201205050402
201205050410
201205050405
201208050407
201203030408
201208050409
201205050404
201208050408
201203030409
201205050409
201205050401
201205050407
201208050406
201205050411
201205050406
201208050412
201208050404
201205050412
201208050405
201203030403
201208050401
201203030407
201205050403
201203030404
201203030401
201208050403
201203030406
201205050408
201208050411
201203030402
201203030405
201203030410
201203030411
201208050512
201203030503
201205050505
201203030509
201208050509
201208050504
201205050504
201205050511
201208050501
201203030507
201205050501
201208050502
201208050507
201205050506
201208050511
201203030511
201203030502
201203030510
201208050505
201205050508
201208050503
201208050508
201203030506
201203030501
201205050502
201205050503
201208050510
201203030512
201205050510
201205050512
201205050509
201203030505
201203030504
201208050506
201203030508
201205050507
201203030607
201208050611
201208050608
201208050604
201203030612
201203030603
201203030609
201205050605
201208050610
201205050606
201203030605
201205050604
201208050606
201205050608
201205050609
201208050612
201203030608
201208050603
201208050609
201203030602
201205050602
201208050605
201205050607
201203030610
201208050601
201205050603
201205050610
201203030601
201203030604
201203030606
201205050601
201205050612
201208050607
201203030611
201208050602
201205050611
201208050709
201208050711
201208050706
201208050712
201205050701
201205050707
201205050712
201205050709
201208050710
201205050705
201205050708
201205050706
201205050711
201208050702
201205050704
201208050705
201208050701
201208050703
201208050704
201208050707
201208050708
201205050710
201205050702
201205050703
201205050808
201205050811
201205050801
201208050805
201208050807
201208050804
201208050810
201205050810
201208050801
201208050812
201205050803
201208050808
201205050807
201205050809
201208050806
201208050811
201205050805
201208050802
201205050804
201208050803
201205050806
201205050802
201208050809
201207030102
201209050110
201206050108
201209050102
201207030105
201209050101
201207030106
201209050103
201206050110
201207030101
201209050105
201206050103
201209050108
201209050106
201209050107
201209050111
201206050106
201207030110
201206050102
201209050109
201207030107
201206050107
201207030104
201206050109
201207030103
201207030111
201207030108
201207030112
201206050105
201209050104
201206050101
201206050111
201207030109
201206050112
201206050104
201209050112
201209050212
201207030209
201207030211
201206050204
201206050206
201206050212
201206050202
201207030202
201209050209
201206050208
201206050203
201207030204
201209050207
201209050203
201207030206
201209050206
201206050205
201206050201
201207030212
201207030201
201207030210
201209050205
201206050207
201209050204
201206050209
201209050201
201207030208
201206050211
201209050202
201206050210
201207030205
201209050210
201207030203
201209050208
201209050211
201207030207
201206050303
201206050310
201206050312
201206050302
201206050308
201209050302
201207030306
201207030303
201206050311
201207030309
201207030312
201209050310
201209050306
201207030307
201206050307
201209050309
201207030302
201207030308
201206050305
201206050309
201207030311
201207030301
201207030304
201209050304
201207030305
201209050305
201209050303
201209050308
201206050301
201209050311
201209050301
201209050307
201206050306
201207030310
201209050312
201206050304
201207030408
201206050409
201206050410
201207030401
201209050410
201209050409
201206050406
201209050412
201209050405
201206050401
201207030404
201207030406
201209050403
201206050408
201206050403
201206050402
201207030405
201206050405
201207030412
201209050408
201206050404
201207030409
201209050411
201209050406
201207030410
201209050404
201207030411
201206050412
201209050401
201207030403
201206050407
201209050407
201207030402
201206050411
201207030407
201209050402
201206050502
201206050507
201206050503
201206050505
201207030502
201209050502
201207030508
201207030506
201206050501
201207030510
201206050509
201209050512
201209050506
201209050503
201209050511
201206050504
201209050508
201206050508
201207030501
201207030505
201207030512
201207030509
201206050511
201209050504
201206050512
201209050509
201207030504
201207030503
201207030511
201209050510
201209050505
201209050501
201206050510
201206050506
201207030507
201209050507
201209050612
201206050611
201209050609
201209050611
201209050605
201206050608
201209050608
201207030606
201207030612
201207030611
201207030601
201209050610
201206050604
201209050601
201207030604
201207030610
201206050609
201209050604
201206050612
201209050607
201207030608
201209050602
201206050601
201206050607
201207030607
201206050603
201209050606
201209050603
201207030609
201206050610
201207030602
201207030603
201206050602
201207030605
201206050605
201206050606
201206050707
201206050711
201209050708
201209050710
201206050705
201206050702
201209050704
201209050707
201206050710
201209050701
201206050706
201206050701
201206050709
201209050709
201206050704
201209050706
201206050712
201209050705
201209050702
201206050703
201209050711
201209050703
201206050708
201209050712
201206050811
201209050811
201206050807
201209050808
201209050803
201209050809
201209050804
201206050809
201209050810
201206050804
201206050808
201206050805
201206050801
201209050812
201209050805
201209050807
201206050803
201206050806
201206050810
201209050802
201209050806
201209050801
201206050802
201209050905
201209050911
201206050909
201206050905
201206050912
201206050908
201209050901
201209050908
201206050906
201206050907
201206050902
201206050911
201209050903
201209050910
201209050909
201209050907
201206050904
201209050904
201206050901
201209050906
201206050910
201209050912
201209050902
201206050903