201308010112
201306010102
201308010110
201308010101
201308010108
201308010103
201308010104
201306010101
201308010102
201306010111
201306010106
201306010112
201306010104
201306010105
201308010106
201308010107
201306010108
201308010111
201308010105
201306010103
201308010109
201306010110
201306010107
201306010109
201308010211
201306010205
201306010208
201308010204
201308010205
201306010202
201306010201
201308010210
201308010203
201308010209
201308010206
201306010212
201306010211
201306010207
201308010212
201306010209
201308010202
201306010210
201306010206
201306010204
201308010201
201306010203
201308010207
201308010208
201308010311
201308010305
201306010308
201306010312
201308010302
201308010301
201306010306
201308010312
201308010308
201306010309
201306010301
201306010311
201306010303
201308010310
201308010303
201308010306
201306010307
201308010307
201306010304
201306010305
201308010309
201308010304
201306010310
201306010302
201306010401
201306010408
201308010409
201306010412
201308010410
201308010401
201308010411
201306010405
201306010402
201306010403
201306010406
201308010403
201306010410
201308010404
201308010402
201306010411
201306010407
201308010412
201308010408
201308010406
201306010409
201308010405
201306010404
201308010407
201308010505
201308010509
201308010510
201308010508
201308010512
201306010501
201306010503
201308010507
201308010501
201308010503
201308010502
201306010504
201308010504
201308010506
201306010502
201308010511
201307010108
201307010109
201308010602
201308010603
201306010602
201307010107
201306010604
201306010603
201306010605
201306010612
201308010610
201308010606
201307010112
201306010601
201308010609
201306010608
201308010605
201306010611
201306010607
201307010103
201308010612
201307010105
201306010606
201307010106
201307010111
201308010604
201307010104
201308010608
201308010607
201307010102
201307010110
201306010609
201308010601
201307010101
201308010611
201306010610
201308010708
201308010710
201307010205
201307010206
201306010704
201306010705
201307010201
201307010203
201307010204
201308010707
201306010710
201306010709
201308010704
201308010712
201307010202
201306010706
201306010701
201307010212
201307010209
201308010711
201307010207
201308010705
201307010208
201306010707
201306010708
201306010702
201306010712
201308010709
201308010702
201306010703
201307010211
201307010210
201308010703
201306010711
201308010706
201308010701
201306010508
201306010507
201306010509
201306010510
201306010511
201306010512
201306010505
201306010506
201308020110
201308020112
201305010104
201307010311
201308020106
201307010308
201308020107
201307010309
201307010306
201305010101
201305010102
201305010106
201305010111
201308020104
201308020109
201307010305
201305010112
201305010105
201305010108
201308020102
201308020111
201305010109
201305010103
201307010312
201308020101
201308020105
201308020108
201308020103
201305010107
201305010110
201307010302
201307010304
201307010307
201307010303
201307010310
201307010301
201308020201
201308020207
201305010209
201307010401
201308020206
201305010201
201305010207
201305010202
201307010406
201308020204
201307010403
201305010208
201307010407
201307010410
201307010402
201307010409
201305010205
201307010405
201308020203
201308020211
201305010204
201308020212
201307010411
201308020208
201308020210
201307010404
201308020202
201305010210
201307010408
201308020205
201305010212
201305010211
201308020209
201307010412
201305010203
201305010206
201307010505
201307010511
201308020307
201305010306
201308020309
201305010304
201305010301
201307010510
201307010512
201305010303
201305010309
201307010506
201308020301
201308020305
201308020308
201308020310
201305010312
201307010502
201307010507
201307010503
201305010307
201308020304
201308020311
201307010504
201307010509
201307010501
201305010311
201305010308
201305010305
201308020302
201308020306
201308020303
201308020312
201305010302
201307010508
201305010310
201308020412
201305010406
201305010408
201308020402
201305010402
201307010605
201305010409
201308020406
201307010612
201308020411
201307010608
201307010603
201307010609
201307010607
201307010606
201305010401
201308020401
201307010610
201308020410
201307010611
201308020403
201307010604
201308020404
201305010411
201305010403
201305010412
201305010404
201307010601
201308020409
201305010407
201305010405
201308020405
201307010602
201308020407
201305010410
201308020408
201305010503
201310010101
201305010501
201308020506
201305010509
201305010508
201305010506
201308020510
201310010102
201310010105
201305010512
201310010111
201310010108
201310010112
201308020501
201308020503
201305010505
201305010502
201310010103
201305010504
201308020504
201310010107
201308020508
201310010109
201305010511
201310010104
201308020505
201308020512
201308020509
201305010507
201308020507
201310010110
201308020502
201310010106
201308020511
201305010510
201310010202
201310010209
201308020609
201310010206
201305010606
201305010609
201305010607
201310010204
201308020603
201308020604
201308020608
201305010605
201305010608
201310010203
201310010210
201308020610
201310010212
201308020607
201308020605
201305010604
201308020602
201308020612
201305010603
201310010208
201305010612
201310010201
201310010211
201308020606
201308020601
201305010611
201305010601
201308020611
201310010207
201310010205
201305010602
201305010610
201305010702
201305010706
201308020712
201308020703
201308020706
201310010304
201305010709
201308020702
201305010701
201310010309
201310010312
201308020710
201308020708
201310010307
201310010306
201310010305
201310010311
201310010302
201305010711
201310010308
201310010303
201308020705
201305010705
201310010301
201305010710
201305010703
201308020704
201305010704
201310010310
201305010707
201308020701
201308020707
201305010712
201308020709
201308020711
201305010708
201310010406
201308020805
201308020810
201305010808
201308020801
201310010410
201305010801
201305010811
201308020811
201305010804
201305010802
201310010412
201308020807
201310010403
201310010408
201305010810
201310010409
201308020812
201308020803
201305010806
201308020804
201310010405
201305010803
201308020808
201308020809
201310010402
201305010805
201308020806
201308020802
201310010401
201305010807
201305010809
201310010411
201305010812
201310010404
201310010407
201306020107
201306020108
201309010112
201306020104
201306020110
201306020112
201310010510
201310010505
201310010502
201306020103
201309010108
201310010508
201309010111
201306020106
201310010503
201309010110
201306020111
201309010105
201310010504
201309010109
201306020109
201310010509
201309010104
201309010103
201310010506
201310010507
201309010106
201309010101
201309010107
201306020101
201306020105
201310010501
201309010102
201310010511
201306020102
201310010512
201309010211
201310010612
201306020204
201310010607
201306020208
201309010204
201309010209
201309010212
201310010603
201306020212
201306020203
201306020207
201309010206
201310010611
201306020209
201310010601
201309010203
201306020206
201310010608
201309010208
201310010602
201310010605
201309010207
201309010201
201309010210
201306020211
201309010202
201310010604
201306020205
201306020201
201309010205
201310010606
201306020210
201310010609
201310010610
201306020202
201306020303
201306020309
201310010701
201310010710
201310010704
201306020307
201309010301
201309010304
201309010308
201309010305
201310010703
201310010709
201310010711
201310010708
201309010302
201310010706
201309010303
201309010311
201310010702
201306020302
201309010306
201306020311
201306020310
201309010309
201306020305
201306020304
201309010307
201309010312
201306020312
201310010712
201306020301
201310010707
201310010705
201306020306
201309010310
201306020308
201309010407
201310010809
201306020403
201306020407
201310010811
201306020411
201310010808
201306020404
201309010410
201309010408
201309010402
201310010807
201306020408
201309010409
201306020405
201309010401
201309010412
201310010806
201306020402
201309010404
201309010406
201310010801
201309010405
201310010812
201309010403
201310010802
201306020406
201306020409
201310010810
201306020410
201310010804
201310010805
201306020401
201310010803
201309010411
201306020412
201309010510
201307020111
201306020511
201306020509
201309010512
201306020508
201309010507
201309010508
201309010502
201309010506
201309010511
201306020510
201307020108
201307020103
201309010501
201306020503
201307020104
201307020112
201306020501
201306020504
201309010504
201307020106
201306020505
201307020102
201309010503
201309010509
201307020105
201307020107
201306020506
201307020109
201306020502
201306020507
201309010505
201306020512
201307020101
201307020110
201307020210
201309010611
201309010605
201306020605
201306020608
201306020607
201306020602
201306020612
201309010608
201307020202
201309010604
201309010610
201307020204
201306020609
201306020606
201309010607
201309010602
201307020212
201306020604
201306020601
201309010606
201309010612
201307020209
201307020205
201306020611
201309010603
201309010609
201307020206
201307020203
201306020610
201309010601
201306020603
201307020201
201307020207
201307020208
201307020211
201309010708
201307020312
201306020702
201309010706
201309010703
201307020302
201306020701
201309010709
201306020709
201306020707
201307020308
201309010702
201306020704
201309010712
201306020710
201307020305
201307020309
201307020306
201307020301
201309010701
201306020712
201309010704
201306020708
201307020303
201306020705
201307020307
201307020310
201306020703
201307020311
201309010707
201307020304
201306020711
201309010711
201309010710
201306020706
201309010705
201307020402
201306020804
201306020812
201307020412
201306020801
201309010803
201307020411
201309010805
201309010812
201307020403
201307020406
201307020409
201309010806
201307020405
201307020401
201306020803
201306020810
201306020807
201306020808
201306020811
201307020407
201306020809
201309010802
201309010808
201309010804
201306020805
201309010807
201309010810
201306020802
201309010801
201306020806
201307020404
201309010809
201307020410
201309010811
201307020408
201309020110
201309020105
201309020109
201307020507
201306030110
201306030107
201309020101
201306030108
201307020509
201306030109
201307020501
201307020510
201306030112
201307020503
201307020512
201309020102
201307020506
201309020107
201307020504
201309020106
201307020511
201306030104
201306030106
201306030102
201306030101
201309020104
201309020111
201309020103
201307020508
201306030111
201306030105
201309020112
201306030103
201309020108
201307020505
201307020502
201307020610
201309020202
201307020604
201306030201
201307020611
201306030204
201306030203
201307020605
201306030209
201307020601
201306030207
201307020603
201307020607
201309020205
201306030202
201307020609
201309020212
201309020204
201306030208
201306030210
201306030212
201309020210
201307020608
201307020606
201309020206
201309020208
201306030211
201307020602
201307020612
201309020207
201309020201
201306030206
201306030205
201309020203
201309020211
201309020209
201306030307
201309020307
201309020301
201306030301
201306030308
201309020303
201306030306
201306030310
201306030311
201309020305
201309020311
201306030312
201306030309
201306030303
201309020310
201309020304
201309020308
201306030302
201309020312
201306030305
201309020306
201309020309
201309020302
201306030304
201309020407
201306030404
201306030407
201309020405
201306030402
201306030405
201309020406
201306030406
201306030410
201309020411
201306030403
201309020408
201309020412
201306030409
201309020404
201309020410
201306030408
201309020402
201306030401
201306030412
201309020401
201309020403
201306030411
201309020409
201309020505
201309020508
201309020507
201306030503
201303010107
201306030508
201306030510
201303010105
201309020512
201306030511
201303010110
201306030501
201303010112
201306030505
201303010111
201303010103
201306030506
201303010108
201306030512
201309020510
201303010109
201303010102
201309020504
201306030502
201309020503
201303010104
201303010106
201309020502
201309020506
201303010101
201306030509
201306030504
201309020501
201309020509
201309020511
201306030507
201309020606
201306030602
201303010201
201306030609
201306030601
201306030608
201309020603
201306030606
201306030607
201306030605
201303010207
201303010208
201309020611
201309020608
201309020609
201306030610
201306030603
201306030612
201309020601
201303010210
201309020602
201309020604
201303010205
201303010206
201303010202
201309020605
201309020607
201306030611
201303010211
201303010203
201309020612
201303010209
201306030604
201309020610
201303010204
201303010212
201309020701
201303010304
201309020702
201303010301
201306030701
201306030703
201306030705
201309020710
201309020705
201309020708
201306030706
201303010309
201309020709
201306030707
201309020711
201309020704
201306030702
201306030708
201303010312
201309020703
201303010306
201309020712
201303010305
201306030712
201303010308
201309020707
201303010303
201306030710
201303010302
201306030704
201303010307
201309020706
201303010311
201306030711
201303010310
201306030709
201309020809
201309020808
201303010410
201306030809
201303010403
201303010404
201309020812
201303010408
201309020802
201303010412
201309020803
201303010409
201309020804
201306030801
201309020806
201306030807
201309020805
201306030806
201306030804
201303010401
201309020811
201306030812
201303010402
201306030811
201306030803
201306030802
201303010406
201309020810
201309020801
201306030808
201303010407
201306030810
201309020807
201303010405
201303010411
201306030805
201308030110
201305020105
201303010505
201303010510
201308030106
201308030108
201303010512
201305020106
201303010507
201308030109
201308030112
201308030105
201303010511
201305020109
201303010509
201308030101
201303010506
201305020110
201303010504
201303010501
201303010502
201305020101
201308030107
201303010503
201308030102
201308030104
201305020112
201305020104
201305020111
201305020107
201308030111
201305020108
201305020103
201305020102
201303010508
201308030103
201308030210
201308030207
201305020202
201308030206
201308030201
201305020201
201305020205
201305020207
201305020204
201305020208
201308030212
201308030203
201308030204
201308030208
201308030209
201308030211
201305020211
201305020206
201305020212
201305020209
201305020203
201305020210
201308030202
201308030205
201303010703
201308030302
201303010707
201305020304
201305020305
201305020307
201308030312
201303010704
201308030304
201303010712
201308030308
201303010706
201303010711
201308030310
201305020306
201303010705
201305020309
201303010701
201308030307
201303010708
201305020311
201305020308
201303010710
201305020310
201308030303
201305020303
201308030301
201308030309
201303010709
201305020312
201308030305
201305020301
201303010702
201305020302
201308030311
201308030306
201303010806
201305020409
201303010805
201305020408
201308030408
201308030407
201303010804
201305020404
201303010809
201305020412
201305020405
201303010807
201305020402
201303010811
201305020411
201305020407
201303010801
201308030412
201308030406
201308030403
201303010812
201303010802
201308030410
201305020403
201308030405
201305020401
201305020410
201308030402
201308030404
201303010803
201303010808
201308030409
201305020406
201308030401
201308030411
201303010810
201303010603
201303010602
201303010612
201303010611
201303010601
201303010610
201303010605
201303010604
201303010606
201303010608
201303010609
201303010607
201305020506
201308030512
201308030510
201308030506
201305020505
201304010110
201308030511
201308030501
201304010105
201305020504
201308030507
201304010102
201305020508
201305020512
201308030508
201305020511
201304010106
201305020510
201305020502
201305020507
201304010107
201308030505
201308030509
201304010103
201305020509
201304010101
201304010112
201308030504
201304010104
201304010108
201308030502
201305020503
201304010111
201308030503
201304010109
201305020501
201308030601
201305020605
201305020610
201304010211
201308030606
201308030611
201304010210
201305020606
201308030603
201308030610
201304010203
201304010204
201305020611
201304010205
201308030608
201304010212
201308030609
201304010207
201304010202
201305020609
201308030605
201305020602
201308030604
201304010201
201305020607
201304010206
201305020612
201308030602
201304010209
201305020604
201305020603
201305020608
201308030607
201308030612
201305020601
201304010208
201304010309
201304010310
201308030707
201308030708
201304010308
201308030705
201305020702
201305020710
201304010302
201305020703
201305020709
201308030704
201308030712
201304010305
201304010311
201304010303
201308030702
201308030703
201308030706
201308030711
201304010312
201305020704
201308030709
201308030710
201305020705
201305020706
201304010301
201304010306
201305020712
201305020708
201305020711
201305020707
201308030701
201304010304
201304010307
201305020701
201308030803
201308030809
201308030801
201305020808
201304010401
201308030802
201308030806
201305020805
201304010406
201305020807
201304010409
201308030810
201304010410
201305020809
201304010407
201305020811
201308030805
201305020803
201308030804
201304010408
201304010412
201308030808
201305020810
201305020812
201304010403
201304010411
201305020802
201305020801
201308030807
201304010404
201305020806
201308030811
201304010402
201305020804
201308030812
201304010405
201308030905
201308030907
201305020910
201308030903
201308030910
201308030908
201308030909
201308030911
201304010511
201305020904
201305020905
201305020902
201308030901
201305020908
201304010510
201305020909
201308030904
201305020912
201305020901
201304010501
201304010507
201305020907
201308030906
201304010509
201304010508
201304010504
201304010505
201308030902
201304010503
201304010512
201305020906
201304010502
201308030912
201304010506
201305020903
201305020911
201305021010
201308031006
201304010602
201304010609
201305021004
201308031004
201305021002
201308031009
201308031003
201308031008
201308031005
201308031002
201305021003
201305021006
201304010612
201305021011
201308031007
201308031012
201304010603
201304010606
201304010604
201304010610
201305021005
201305021001
201304010608
201304010611
201305021009
201308031010
201304010605
201305021007
201305021008
201304010601
201308031001
201308031011
201304010607
201305021012
201305021108
201305021107
201305021105
201305021101
201308031112
201308031101
201305021110
201305021103
201305021106
201308031106
201308031107
201305021109
201308031103
201308031110
201305021111
201308031111
201305021112
201305021104
201308031105
201308031104
201308031102
201305021102
201308031109
201308031108
201305021202
201308031211
201308031210
201308031206
201305021201
201305021211
201305021212
201308031201
201305021208
201308031204
201305021207
201308031205
201305021206
201305021209
201308031207
201308031202
201308031212
201305021205
201305021204
201308031203
201305021203
201305021210
201308031208
201308031209
201309030103
201309030109
201305030108
201309030111
201305030106
201309030105
201309030112
201309030104
201309030101
201305030110
201305030111
201305030103
201305030112
201309030102
201305030105
201305030104
201309030106
201309030108
201309030107
201309030110
201305030107
201305030101
201305030102
201305030109
201309030212
201305030201
201309030202
201309030204
201305030209
201309030203
201309030205
201305030203
201309030210
201309030206
201305030207
201305030212
201309030201
201305030208
201305030202
201309030207
201305030205
201305030210
201305030211
201309030208
201305030206
201309030211
201305030204
201309030209
201305030302
201309030301
201309030305
201309030310
201305030303
201309030308
201309030304
201309030302
201305030312
201309030311
201305030307
201305030305
201309030307
201305030309
201305030311
201309030309
201305030310
201309030312
201305030306
201309030303
201305030304
201309030306
201305030308
201305030301
201305030401
201305030410
201305030412
201309030401
201305030403
201309030404
201309030409
201309030411
201305030402
201305030411
201305030405
201309030402
201305030407
201309030412
201305030404
201309030410
201309030407
201309030408
201309030406
201309030403
201305030408
201305030409
201309030405
201305030406
201302010109
201305030511
201302010101
201302010108
201309030507
201302010110
201305030504
201309030511
201305030501
201309030505
201305030509
201309030506
201309030508
201309030510
201305030512
201305030508
201302010103
201302010106
201309030503
201305030506
201305030510
201309030501
201309030502
201309030504
201305030505
201309030509
201302010102
201305030507
201302010107
201305030502
201302010104
201302010105
201302010112
201302010111
201305030503
201309030512
201302010205
201305030611
201302010212
201305030610
201309030607
201302010201
201309030612
201309030603
201302010207
201309030609
201305030612
201305030601
201305030608
201305030603
201309030602
201305030607
201302010210
201302010203
201309030604
201302010202
201302010211
201305030604
201309030605
201302010209
201305030602
201302010204
201305030605
201309030601
201305030609
201309030610
201309030608
201302010206
201309030606
201305030606
201302010208
201309030611
201302010309
201309030701
201305030702
201302010306
201305030709
201305030706
201302010305
201302010311
201302010312
201305030708
201302010304
201302010302
201305030701
201305030705
201302010308
201305030711
201309030702
201305030712
201309030707
201309030706
201309030708
201302010303
201309030712
201305030707
201305030703
201309030710
201309030705
201305030704
201309030711
201309030704
201305030710
201302010307
201302010310
201302010301
201309030709
201309030703
201302010412
201305030807
201309030808
201305030804
201309030809
201305030810
201302010410
201302010403
201302010411
201309030812
201302010401
201305030803
201302010408
201305030802
201305030806
201305030805
201302010402
201302010404
201302010407
201309030810
201309030805
201305030808
201309030811
201305030809
201309030801
201309030807
201309030802
201302010406
201309030806
201309030804
201309030803
201305030811
201305030812
201305030801
201302010405
201302010409
201303020110
201307030110
201303020107
201302010508
201302010510
201302010511
201303020111
201307030108
201307030103
201302010506
201307030105
201303020109
201302010512
201303020103
201302010507
201303020105
201307030101
201303020101
201303020112
201307030111
201302010501
201303020106
201307030112
201302010504
201302010502
201307030109
201307030102
201303020108
201302010505
201307030106
201302010503
201307030107
201307030104
201303020102
201302010509
201303020104
201302010601
201307030206
201303020206
201307030205
201307030208
201302010604
201302010609
201307030207
201302010608
201303020202
201303020205
201303020210
201303020211
201303020208
201302010607
201302010612
201303020204
201307030204
201302010605
201302010603
201307030202
201307030212
201302010610
201303020201
201303020209
201302010602
201303020212
201307030211
201302010611
201307030209
201307030201
201303020207
201303020203
201307030203
201302010606
201307030210
201303020303
201303020304
201307030312
201302020109
201307030303
201307030310
201303020311
201307030311
201302020103
201302020111
201303020301
201307030302
201303020308
201307030308
201302020102
201302020101
201303020305
201303020312
201302020108
201307030306
201303020307
201303020310
201307030307
201302020105
201307030309
201302020106
201302020112
201302020104
201307030304
201302020110
201302020107
201307030305
201303020309
201303020306
201303020302
201307030301
201302020206
201307030405
201303020411
201303020408
201307030407
201303020409
201302020210
201303020401
201307030402
201307030412
201303020407
201302020209
201307030410
201307030406
201307030401
201302020212
201302020211
201302020203
201302020201
201302020207
201302020204
201303020404
201307030403
201307030411
201303020412
201302020208
201303020406
201303020410
201307030408
201302020205
201307030409
201303020402
201302020202
201303020405
201303020403
201307030404
201303020508
201307030510
201307030501
201307030503
201303020509
201302020308
201303020512
201307030507
201302020305
201302020306
201302020311
201307030508
201302020312
201307030504
201302020303
201307030502
201307030506
201302020304
201303020506
201307030505
201303020501
201302020302
201307030511
201307030509
201302020309
201303020503
201302020310
201303020502
201303020511
201303020504
201302020307
201303020505
201303020507
201307030512
201303020510
201302020301
201307030612
201307030606
201307030610
201302020402
201302020410
201307030602
201302020403
201307030604
201303020609
201303020612
201302020408
201303020608
201307030609
201302020412
201302020401
201307030607
201302020409
201307030611
201307030601
201307030608
201303020603
201307030603
201302020407
201303020601
201302020405
201303020605
201303020607
201302020411
201303020604
201303020611
201302020406
201303020602
201303020606
201302020404
201303020610
201307030605
201302020503
201303020705
201307030705
201303020709
201302020512
201307030701
201302020501
201307030707
201307030710
201307030704
201307030706
201307030703
201302020509
201302020508
201307030711
201303020711
201302020511
201302020510
201302020505
201303020712
201307030702
201302020506
201303020702
201303020710
201307030709
201303020708
201303020704
201307030712
201302020504
201303020701
201303020707
201307030708
201303020706
201302020502
201303020703
201302020507
201303020809
201302020611
201303020802
201307030810
201302020605
201302020602
201303020801
201307030807
201302020603
201307030811
201307030801
201302020610
201303020803
201302020609
201302020608
201307030806
201307030802
201307030809
201307030808
201303020808
201307030803
201303020811
201302020607
201302020606
201307030805
201303020806
201303020804
201303020807
201302020604
201307030804
201307030812
201303020810
201303020812
201302020601
201302020612
201303020805
201310020103
201310020112
201304020105
201304020106
201302030110
201310020110
201310020108
201310020106
201302030102
201302030101
201310020111
201310020105
201302030109
201304020107
201304020110
201304020111
201302030108
201304020103
201310020102
201310020109
201302030105
201304020104
201302030111
201304020109
201310020107
201304020112
201302030103
201304020102
201302030107
201310020101
201304020101
201302030112
201302030106
201310020104
201302030104
201304020108
201310020203
201310020206
201304020201
201310020207
201304020211
201310020211
201302030209
201302030205
201302030203
201302030206
201304020206
201310020209
201304020209
201310020212
201304020208
201302030212
201302030204
201302030207
201304020202
201304020203
201302030211
201310020210
201310020208
201302030202
201310020205
201302030210
201310020201
201310020202
201302030208
201304020207
201304020210
201310020204
201304020212
201302030201
201304020204
201304020205
201310020312
201302030307
201302030304
201304020305
201302030306
201304020302
201304020303
201310020311
201304020306
201310020307
201310020309
201302030301
201310020306
201310020303
201304020309
201304020310
201310020304
201302030302
201304020304
201302030303
201310020305
201310020301
201302030305
201310020302
201302030309
201304020311
201304020301
201304020307
201302030310
201310020308
201302030312
201302030308
201304020312
201310020310
201302030311
201304020308
201310020402
201304020401
201310020405
201310020406
201304020410
201304020407
201310020401
201310020408
201302030409
201302030403
201302030407
201310020409
201304020409
201304020403
201302030402
201310020410
201302030401
201304020405
201304020412
201310020412
201310020403
201304020404
201302030406
201310020407
201310020404
201310020411
201302030411
201302030405
201302030404
201302030410
201304020402
201304020406
201304020411
201304020408
201302030412
201302030408
201310020502
201302030501
201310020505
201302030510
201302030504
201304020510
201310020508
201310020501
201302030511
201302030503
201302030505
201304020507
201302030508
201310020507
201304020501
201302030507
201302030509
201304020503
201304020508
201310020503
201310020512
201304020502
201304020505
201302030502
201310020506
201304020509
201304020504
201310020504
201310020511
201302030506
201304020506
201310020509
201304020512
201310020510
201304020511
201302030512
201302030606
201304020612
201302030611
201302030607
201310020612
201310020603
201304020608
201304020604
201310020609
201310020608
201310020604
201304020602
201302030601
201302030603
201310020611
201310020601
201304020607
201302030612
201302030608
201310020606
201310020610
201302030610
201302030605
201310020605
201302030609
201304020606
201304020611
201304020610
201304020603
201302030604
201304020605
201304020601
201302030602
201304020609
201310020602
201310020607
201302040108
201304020712
201310020702
201310020703
201302040109
201304020705
201304020708
201310020712
201310020701
201302040104
201302040103
201304020711
201304020704
201310020705
201310020707
201304020706
201310020704
201302040106
201304020701
201310020708
201304020703
201310020710
201302040111
201304020707
201302040110
201310020709
201302040107
201302040101
201304020702
201302040102
201302040112
201304020710
201310020706
201304020709
201310020711
201302040105
201310020812
201304020812
201304020801
201304020808
201310020806
201304020810
201310020801
201304020805
201302040212
201302040211
201304020811
201304020809
201310020809
201302040204
201310020803
201310020810
201310020805
201302040202
201304020802
201302040208
201310020807
201302040206
201302040205
201302040209
201304020804
201304020803
201302040207
201310020808
201310020811
201304020807
201304020806
201302040203
201302040201
201310020804
201302040210
201310020802
201304020909
201302040312
201304020904
201302040310
201310020904
201302040301
201310020905
201304020912
201310020907
201302040308
201304020911
201302040303
201304020902
201304020905
201304020906
201310020910
201304020907
201302040306
201310020908
201310020903
201310020906
201310020901
201304020908
201302040305
201302040311
201304020901
201302040302
201302040309
201310020912
201304020910
201302040304
201304020903
201310020902
201310020909
201302040307
201310020911
201302040405
201302040410
201302040406
201302040408
201304021010
201310021011
201310021001
201304021008
201304021011
201304021006
201304021002
201310021003
201310021012
201304021004
201304021012
201302040409
201310021010
201310021008
201302040407
201302040411
201302040412
201310021002
201310021005
201310021009
201304021005
201310021004
201310021006
201304021009
201302040401
201310021007
201302040402
201302040403
201302040404
201304021007
201304021003
201304021001
201304021109
201310021102
201302040511
201310021104
201302040507
201304021112
201304021105
201310021105
201302040509
201304021111
201310021108
201310021112
201310021106
201302040501
201302040502
201310021103
201304021110
201302040503
201310021110
201304021107
201302040510
201304021104
201302040508
201304021101
201310021101
201302040504
201302040512
201310021109
201304021106
201302040506
201304021108
201310021107
201302040505
201304021102
201304021103
201310021111
201302040604
201302040608
201310021204
201304021211
201302040603
201310021209
201310021202
201310021207
201302040612
201302040610
201302040602
201302040609
201302040606
201304021206
201310021212
201304021212
201302040607
201310021201
201304021202
201302040611
201310021205
201304021207
201304021208
201310021211
201310021210
201304021209
201304021210
201304021203
201304021204
201302040605
201302040601
201310021206
201304021205
201310021208
201310021203
201304021201
201309040105
201309040107
201309040112
201306040110
201306040102
201309040108
201306040111
201306040103
201306040101
201306040108
201306040112
201309040103
201306040109
201306040105
201309040102
201309040106
201309040101
201309040104
201306040106
201309040109
201306040104
201309040111
201309040110
201306040107
201309040211
201309040202
201309040212
201309040204
201309040205
201306040210
201306040205
201306040212
201309040206
201309040203
201306040211
201306040204
201306040207
201306040203
201309040208
201309040201
201309040207
201306040206
201309040209
201306040208
201306040209
201309040210
201306040202
201306040201
201306040306
201309040311
201306040308
201309040304
201309040301
201306040307
201309040305
201306040310
201306040301
201306040303
201306040312
201306040304
201306040305
201309040308
201306040302
201306040311
201309040312
201309040310
201309040309
201309040307
201309040303
201309040302
201309040306
201306040309
201309040403
201309040409
201309040401
201306040404
201309040407
201309040412
201309040406
201309040404
201309040408
201309040410
201306040407
201309040402
201306040403
201306040402
201309040405
201306040408
201306040401
201309040411
201306040409
201306040412
201306040410
201306040405
201306040411
201306040406
201306040509
201306040507
201309040502
201306040503
201306040504
201309040510
201309040512
201306040505
201306040508
201309040509
201306040501
201306040511
201306040502
201306040512
201306040510
201309040504
201306040506
201309040508
201309040507
201309040501
201309040503
201309040511
201309040505
201309040506
201309040608
201309040604
201306040606
201306040605
201306040603
201309040605
201309040607
201306040604
201309040602
201309040606
201309040610
201306040608
201309040612
201309040601
201306040611
201309040603
201306040612
201306040607
201306040601
201306040609
201309040611
201306040602
201309040609
201306040610
201309040709
201306040710
201309040708
201309040701
201309040711
201309040707
201306040705
201306040704
201309040710
201306040703
201309040705
201309040712
201309040704
201306040702
201306040711
201309040702
201306040709
201306040701
201309040703
201306040707
201306040708
201309040706
201306040712
201306040706
201306040812
201306040811
201306040806
201306040802
201306040805
201306040804
201309040810
201306040803
201306040809
201309040807
201309040802
201306040807
201306040810
201306040801
201309040808
201309040801
201309040811
201309040809
201309040805
201309040812
201309040806
201309040803
201306040808
201309040804
201306040902
201309040906
201309040903
201306040908
201309040910
201309040908
201306040910
201306040909
201306040907
201306040905
201309040905
201306040911
201306040904
201306040906
201309040907
201309040911
201309040904
201306040903
201306040912
201309040901
201306040901
201309040909
201309040902
201309040912
201305040111
201305040103
201308040109
201304030109
201308040105
201308040102
201304030105
201308040111
201304030110
201305040104
201308040110
201308040107
201304030102
201304030108
201304030106
201308040106
201308040112
201308040104
201305040112
201305040105
201304030112
201304030111
201308040103
201304030107
201305040109
201305040110
201305040102
201305040101
201308040101
201308040108
201304030101
201304030104
201304030103
201305040108
201305040106
201305040107
201304030203
201304030202
201305040208
201304030206
201308040210
201305040201
201304030208
201304030209
201304030205
201305040202
201304030207
201304030212
201305040203
201305040210
201304030201
201308040206
201305040207
201305040211
201305040212
201305040206
201308040204
201305040205
201308040209
201308040201
201308040211
201304030204
201304030210
201304030211
201308040203
201308040208
201305040209
201308040202
201308040205
201308040212
201305040204
201308040207
201305040310
201308040306
201305040303
201305040304
201308040309
201308040304
201305040311
201308040302
201308040303
201308040305
201305040305
201305040308
201308040312
201305040302
201305040307
201305040312
201308040301
201305040309
201308040308
201308040311
201308040310
201305040301
201308040307
201305040306
201308040407
201308040408
201308040409
201308040405
201305040406
201305040405
201308040401
201308040412
201305040407
201308040404
201308040406
201305040411
201305040410
201308040411
201308040402
201308040403
201305040404
201305040401
201308040410
201305040409
201305040402
201305040408
201305040403
201305040412
201305040507
201305040511
201305040505
201308040510
201308040506
201305040503
201308040505
201305040510
201308040507
201308040502
201308040511
201305040501
201305040504
201308040503
201305040506
201308040501
201305040502
201305040509
201305040512
201308040512
201308040509
201308040508
201308040504
201305040508
201304030301
201304030309
201308040606
201308040610
201304030307
201305040610
201305040601
201308040603
201308040611
201305040606
201308040612
201308040608
201308040605
201304030310
201304030306
201308040601
201305040607
201305040611
201305040608
201304030308
201305040605
201304030305
201304030302
201305040612
201308040607
201308040602
201304030303
201308040604
201304030304
201305040604
201304030312
201305040609
201304030311
201308040609
201305040602
201305040603
201308040702
201308040705
201304030406
201308040710
201304030402
201304030410
201305040712
201308040709
201304030404
201308040708
201305040708
201305040703
201304030401
201305040705
201308040712
201305040702
201308040704
201304030411
201304030405
201308040703
201304030412
201304030409
201308040707
201305040704
201305040707
201305040706
201305040710
201308040711
201304030408
201305040711
201308040701
201304030407
201305040701
201308040706
201305040709
201304030403
201304030502
201304030511
201308040809
201305040812
201308040807
201305040801
201304030506
201305040806
201304030501
201308040810
201305040811
201308040802
201304030504
201305040807
201305040805
201305040809
201308040811
201304030507
201305040803
201304030508
201304030510
201308040801
201305040808
201305040802
201308040804
201305040804
201308040805
201308040808
201304030503
201304030509
201308040803
201305040810
201308040812
201304030505
201304030512
201308040806
201308040911
201304030603
201304030611
201305040907
201305040909
201305040901
201305040903
201305040902
201305040908
201304030612
201308040903
201304030608
201305040911
201304030602
201304030601
201304030604
201308040907
201304030606
201305040904
201305040912
201308040902
201308040909
201308040901
201308040906
201308040912
201304030607
201305040906
201305040910
201304030610
201308040910
201308040904
201305040905
201304030609
201308040908
201304030605
201308040905
201305050108
201303030110
201308050102
201303030105
201303030106
201305050109
201308050109
201305050105
201308050108
201308050101
201308050103
201305050103
201305050112
201308050112
201303030108
201303030107
201305050102
201308050105
201303030102
201303030109
201303030101
201308050104
201303030111
201305050110
201305050104
201303030112
201308050106
201305050106
201308050111
201303030104
201305050101
201303030103
201305050111
201308050110
201305050107
201308050107
201303030209
201305050202
201305050206
201303030211
201303030203
201305050208
201308050205
201305050210
201308050202
201303030205
201308050210
201308050212
201308050204
201303030201
201305050209
201305050212
201305050201
201308050203
201303030202
201303030206
201305050203
201308050206
201308050201
201308050208
201308050211
201305050205
201303030208
201305050211
201303030212
201308050209
201303030207
201303030210
201305050204
201303030204
201305050207
201308050207
201305050302
201303030306
201303030311
201303030308
201305050309
201305050303
201305050307
201308050306
201305050306
201305050311
201308050307
201305050304
201305050312
201308050309
201303030310
201303030301
201303030307
201305050305
201308050301
201303030303
201308050304
201303030302
201308050308
201305050301
201308050311
201303030309
201303030305
201303030312
201308050312
201308050305
201308050302
201303030304
201308050303
201305050310
201308050310
201305050308
201305050404
201308050412
201308050405
201305050411
201303030411
201305050412
201305050410
201308050410
201303030401
201303030408
201303030409
201308050402
201308050407
201308050406
201305050406
201305050409
201303030403
201308050404
201308050401
201305050401
201305050407
201308050408
201303030410
201305050403
201303030407
201308050409
201303030402
201303030405
201308050403
201308050411
201303030406
201303030412
201305050402
201303030404
201305050408
201305050405
201303030505
201308050501
201303030501
201305050501
201305050504
201303030507
201305050510
201308050508
201308050509
201308050506
201305050508
201305050509
201305050505
201308050512
201303030512
201303030502
201303030510
201305050503
201308050511
201308050503
201305050511
201308050510
201305050512
201303030509
201308050507
201303030503
201303030504
201308050505
201305050506
201303030506
201308050504
201303030508
201305050507
201305050502
201308050502
201303030511
201305050612
201308050612
201305050605
201308050608
201305050606
201308050605
201305050603
201303030601
201303030612
201308050607
201303030603
201303030602
201303030610
201308050611
201303030611
201303030604
201308050604
201303030606
201308050601
201305050607
201303030607
201305050611
201303030608
201305050604
201308050602
201305050602
201303030605
201308050606
201305050609
201305050610
201305050608
201305050601
201308050609
201303030609
201308050610
201308050603
201308050704
201305050706
201308050703
201305050702
201308050706
201308050707
201305050707
201305050711
201305050709
201305050705
201308050712
201305050708
201308050702
201308050701
201305050703
201305050710
201308050710
201305050704
201308050705
201305050701
201305050712
201308050708
201308050709
201308050711
201305050807
201305050811
201308050809
201305050803
201308050810
201308050806
201305050801
201308050808
201308050812
201308050801
201305050810
201308050807
201305050802
201308050811
201305050806
201305050804
201308050802
201308050805
201305050808
201305050809
201308050803
201305050805
201308050804
201307040103
201307040111
201306050110
201309050105
201307040105
201306050106
201309050107
201307040104
201309050110
201309050108
201307040112
201307040109
201307040107
201306050111
201306050101
201306050103
201306050108
201307040102
201309050106
201309050112
201309050104
201306050107
201307040108
201306050112
201307040101
201309050109
201309050103
201307040106
201306050109
201307040110
201309050101
201309050102
201306050105
201309050111
201306050102
201306050104
201307040203
201307040211
201309050209
201306050206
201309050207
201309050204
201306050205
201307040201
201307040202
201309050210
201309050201
201307040204
201309050212
201307040205
201307040210
201307040207
201307040212
201306050207
201307040206
201307040209
201306050204
201306050210
201309050202
201309050203
201306050208
201306050211
201309050206
201306050201
201306050203
201309050208
201309050211
201306050212
201306050202
201309050205
201306050209
201307040208
201306050305
201307040305
201307040309
201306050311
201307040307
201307040303
201309050306
201307040306
201306050307
201306050308
201309050308
201306050312
201307040301
201307040308
201306050301
201306050303
201309050303
201307040302
201306050304
201306050310
201309050310
201306050302
201309050304
201307040310
201309050301
201309050312
201306050306
201309050305
201309050307
201307040312
201309050309
201307040304
201307040311
201309050311
201309050302
201306050309
201306050406
201307040401
201309050402
201309050404
201309050406
201306050405
201306050407
201309050401
201309050405
201307040408
201306050404
201309050412
201307040406
201309050407
201307040402
201306050411
201307040410
201309050408
201309050409
201309050411
201307040411
201307040409
201306050402
201307040403
201307040405
201306050409
201307040412
201306050410
201306050403
201306050412
201306050401
201306050408
201309050403
201307040407
201309050410
201307040404
201307040501
201309050512
201307040512
201307040510
201309050502
201306050507
201307040505
201306050503
201306050511
201306050502
201309050506
201307040506
201309050507
201309050508
201309050503
201309050501
201307040502
201307040504
201306050501
201307040508
201307040503
201306050504
201309050510
201306050512
201306050505
201309050504
201309050509
201307040507
201306050508
201306050509
201307040511
201306050506
201307040509
201309050505
201306050510
201309050511
201309050608
201307040610
201307040606
201307040605
201307040609
201309050602
201306050611
201307040601
201309050610
201309050607
201309050603
201306050604
201309050611
201307040611
201306050603
201309050604
201309050605
201309050609
201306050601
201307040603
201307040602
201306050608
201307040608
201306050607
201306050606
201307040612
201309050612
201307040607
201306050605
201306050610
201306050609
201309050601
201306050612
201306050602
201309050606
201307040604
201306050709
201306050701
201309050701
201306050711
201306050710
201309050705
201309050708
201309050710
201309050709
201309050702
201306050705
201309050712
201306050704
201306050703
201309050707
201306050706
201306050712
201309050711
201306050708
201309050703
201306050707
201306050702
201309050706
201309050704
201306050809
201306050810
201309050808
201309050811
201306050803
201309050812
201309050804
201309050807
201309050802
201309050803
201306050805
201306050811
201309050805
201309050810
201306050808
201309050801
201306050804
201306050802
201306050807
201309050806
201306050801
201306050806
201309050809
201309050904
201309050910
201306050901
201306050911
201309050905
201309050901
201306050904
201306050905
201309050903
201306050907
201306050912
201306050909
201309050902
201309050906
201306050908
201309050911
201306050902
201309050907
201306050910
201309050912
201306050906
201309050908
201309050909
201306050903