201408010105
201408010104
201408010111
201406010108
201406010101
201408010109
201406010102
201408010112
201406010103
201408010106
201406010107
201406010105
201408010103
201408010101
201408010102
201406010104
201408010108
201406010106
201406010110
201406010111
201408010110
201408010107
201406010112
201406010109
201406010203
201408010208
201408010212
201406010204
201408010207
201408010205
201406010211
201406010206
201406010201
201406010212
201408010206
201406010208
201406010207
201408010201
201406010205
201408010203
201406010210
201408010204
201406010202
201408010210
201408010211
201408010209
201408010202
201406010209
201408010302
201408010312
201408010306
201406010309
201408010310
201408010308
201406010304
201408010307
201406010303
201406010307
201406010306
201408010305
201406010310
201406010312
201408010303
201408010304
201408010301
201408010309
201406010301
201406010311
201406010302
201408010311
201406010308
201406010305
201408010405
201408010408
201406010404
201406010405
201406010411
201408010412
201406010409
201406010401
201408010411
201408010401
201408010402
201408010410
201408010407
201406010410
201408010403
201406010402
201408010406
201406010412
201408010409
201406010403
201406010408
201406010407
201406010406
201408010404
201406010510
201406010505
201406010501
201406010503
201408010512
201408010510
201408010507
201406010511
201408010508
201406010509
201406010508
201408010501
201406010506
201408010504
201406010502
201408010506
201408010503
201406010507
201408010511
201408010509
201408010505
201408010502
201406010512
201406010504
201408010601
201408010602
201406010612
201406010602
201406010605
201407010109
201406010609
201408010611
201408010605
201407010108
201407010112
201406010611
201406010603
201407010101
201406010610
201407010106
201408010606
201406010606
201406010607
201408010607
201407010110
201407010107
201406010608
201408010609
201407010102
201407010105
201408010603
201406010604
201407010111
201407010104
201406010601
201408010604
201407010103
201408010610
201408010612
201408010608
201406010704
201406010711
201408010706
201406010702
201406010709
201407010202
201406010708
201407010203
201408010707
201408010702
201408010711
201407010212
201406010710
201406010705
201406010707
201407010204
201407010208
201407010205
201408010701
201408010704
201406010712
201408010709
201407010210
201406010706
201408010705
201407010211
201407010209
201408010708
201408010703
201407010201
201406010701
201407010207
201408010712
201406010703
201408010710
201407010206
201407010309
201407010302
201406010802
201406010804
201407010308
201406010803
201408010810
201408010803
201407010304
201406010810
201406010807
201406010809
201408010809
201406010812
201406010808
201408010811
201407010305
201406010806
201408010812
201407010312
201408010807
201407010306
201408010801
201408010806
201407010310
201407010303
201407010311
201408010804
201406010811
201406010805
201408010802
201408010805
201407010301
201408010808
201406010801
201407010307
201406010907
201408010911
201406010906
201406010912
201407010411
201407010410
201406010911
201408010912
201407010412
201407010407
201407010406
201407010402
201406010905
201407010408
201408010905
201408010901
201406010908
201408010902
201406010903
201406010910
201406010909
201406010904
201407010405
201408010907
201406010902
201408010906
201408010903
201406010901
201408010904
201407010403
201408010910
201407010401
201408010908
201408010909
201407010409
201407010404
201408020104
201408020109
201405010108
201408020108
201405010110
201405010112
201405010101
201405010104
201408020110
201408020111
201408020107
201408020106
201405010107
201408020112
201408020105
201405010102
201408020103
201405010103
201408020102
201405010111
201405010105
201405010109
201405010106
201408020101
201408020201
201408020202
201408020207
201408020204
201405010211
201408020210
201405010209
201405010210
201408020203
201405010204
201408020212
201408020208
201405010206
201408020206
201405010207
201408020211
201405010205
201405010202
201405010203
201408020205
201405010201
201405010208
201408020209
201405010212
201410010106
201408020309
201408020311
201410010102
201408020301
201408020303
201410010103
201408020308
201410010104
201408020302
201410010109
201408020310
201408020307
201410010105
201410010111
201408020312
201408020305
201410010101
201410010112
201408020306
201410010110
201410010108
201410010107
201410010201
201408020404
201408020408
201410010210
201408020412
201408020407
201408020410
201410010206
201408020403
201410010209
201408020409
201408020406
201410010208
201408020401
201410010211
201410010212
201410010204
201410010207
201410010202
201408020402
201408020411
201410010205
201408020405
201410010203
201405010309
201405010306
201405010310
201405010305
201405010304
201405010311
201405010302
201405010312
201405010308
201405010307
201405010301
201405010303
201408020504
201408020508
201410010301
201408020510
201408020505
201410010303
201410010308
201408020512
201408020509
201410010312
201410010307
201408020511
201408020503
201410010309
201408020502
201408020501
201410010311
201410010304
201410010302
201408020506
201410010305
201410010310
201410010306
201408020507
201410010403
201408020612
201410010410
201408020609
201410010405
201410010404
201410010412
201408020605
201408020604
201408020608
201410010407
201408020606
201410010409
201408020601
201410010408
201408020611
201410010406
201410010401
201408020607
201410010411
201408020610
201408020602
201410010402
201408020603
201405010409
201405010407
201405010412
201405010411
201405010401
201405010410
201405010405
201405010408
201405010402
201405010406
201405010403
201405010503
201405010502
201405010505
201405010504
201405010511
201405010501
201405010509
201405010510
201405010507
201405010512
201405010506
201405010705
201410010511
201405010701
201408020703
201408020712
201405010702
201405010712
201410010502
201405010710
201410010512
201405010709
201405010706
201410010504
201410010505
201408020702
201410010501
201410010510
201410010508
201408020707
201408020708
201405010708
201408020711
201405010703
201405010711
201408020701
201410010506
201410010509
201408020710
201405010707
201410010503
201410010507
201408020705
201405010704
201408020709
201408020706
201408020704
201408020811
201408020806
201410010611
201410010607
201408020807
201405010807
201405010809
201410010605
201405010803
201410010601
201405010808
201405010810
201405010801
201410010609
201408020801
201408020805
201408020809
201408020803
201405010812
201405010804
201405010811
201408020810
201408020802
201410010604
201408020812
201410010612
201410010602
201410010608
201410010610
201410010606
201408020808
201405010805
201410010603
201408020804
201405010806
201405010802
201405010606
201405010610
201405010611
201405010602
201405010607
201405010603
201405010605
201405010609
201405010601
201405010608
201405010612
201405010604
201410010712
201406020111
201409010112
201409010108
201410010710
201409010103
201410010704
201409010111
201409010101
201406020101
201406020106
201409010105
201406020107
201409010106
201410010707
201406020110
201409010110
201406020112
201410010709
201406020104
201410010701
201410010708
201410010705
201406020103
201406020109
201410010702
201406020105
201406020102
201410010711
201409010104
201409010109
201409010107
201406020108
201410010706
201410010703
201409010102
201406020207
201406020212
201409010206
201410010811
201410010805
201410010803
201406020201
201410010806
201406020206
201406020203
201409010204
201406020208
201410010810
201410010808
201406020211
201410010802
201409010209
201409010207
201409010201
201409010205
201410010807
201410010804
201410010809
201410010812
201409010210
201409010202
201409010208
201406020202
201406020204
201409010212
201406020209
201409010211
201406020210
201409010203
201406020205
201410010801
201409010309
201406020305
201406020312
201409010301
201409010303
201409010306
201406020309
201406020311
201406020304
201406020301
201406020310
201409010307
201409010311
201406020306
201409010308
201409010305
201409010304
201406020303
201409010312
201409010310
201406020308
201409010302
201406020307
201406020302
201406020405
201406020407
201406020404
201406020401
201409010405
201406020406
201406020409
201409010402
201406020408
201406020412
201409010408
201409010401
201409010403
201406020410
201406020411
201409010407
201409010409
201409010412
201406020402
201406020403
201409010410
201409010411
201409010406
201409010404
201409010510
201409010512
201406020501
201407020104
201407020108
201406020506
201406020508
201407020101
201407020103
201407020105
201409010503
201406020507
201409010508
201407020111
201406020505
201407020112
201409010506
201407020106
201409010507
201406020511
201407020107
201406020502
201409010501
201409010504
201406020504
201406020509
201409010505
201409010511
201406020503
201407020109
201409010502
201406020510
201409010509
201406020512
201407020102
201407020110
201406020606
201407020202
201407020210
201406020605
201407020206
201409010601
201406020603
201406020601
201406020611
201409010608
201406020607
201406020612
201407020204
201407020201
201409010610
201407020209
201409010612
201409010603
201406020609
201409010606
201409010611
201406020608
201407020205
201407020212
201409010607
201406020604
201409010609
201407020211
201409010604
201406020602
201407020208
201409010605
201407020207
201409010602
201407020203
201406020610
201407020309
201407020307
201407020305
201406020705
201406020706
201407020310
201407020311
201406020708
201406020703
201406020701
201406020707
201407020308
201407020312
201406020702
201406020711
201407020302
201406020712
201407020304
201407020303
201407020306
201406020704
201406020709
201407020301
201406020710
201409010702
201407020408
201407020401
201407020409
201407020412
201409010705
201409010707
201409010711
201407020404
201407020406
201409010704
201409010710
201407020402
201409010708
201409010712
201407020410
201409010709
201409010701
201407020405
201407020411
201409010703
201409010706
201407020407
201407020403
201409010805
201406020811
201406020804
201406020809
201409010803
201409010811
201409010812
201406020803
201409010806
201409010804
201406020812
201409010801
201406020806
201409010809
201406020808
201406020810
201409010808
201406020805
201406020807
201409010810
201409010802
201409010807
201406020801
201406020802
201409020112
201407020508
201409020110
201406030103
201409020101
201407020509
201409020106
201406030101
201407020507
201409020111
201406030108
201406030109
201406030102
201406030105
201406030112
201409020109
201406030107
201407020505
201409020107
201406030106
201407020511
201409020102
201407020510
201406030111
201409020103
201409020108
201407020506
201407020502
201409020105
201407020503
201406030110
201406030104
201407020504
201407020501
201407020512
201409020104
201406030204
201407020604
201409020205
201406030208
201407020608
201409020202
201406030203
201409020212
201409020201
201407020605
201409020207
201406030202
201407020602
201407020603
201409020208
201409020210
201407020607
201406030207
201407020612
201409020204
201409020203
201407020609
201406030209
201407020601
201406030212
201406030211
201407020611
201409020211
201406030201
201406030206
201409020206
201409020209
201407020610
201407020606
201406030205
201406030210
201409020302
201406030309
201409020310
201409020306
201409020307
201409020305
201409020312
201406030308
201409020309
201406030312
201406030301
201409020301
201406030307
201406030303
201406030305
201406030311
201409020311
201409020308
201409020303
201406030302
201406030306
201406030310
201406030304
201409020304
201409020402
201406030408
201406030405
201409020409
201406030410
201409020408
201409020410
201406030407
201406030401
201406030402
201409020405
201406030409
201409020406
201406030411
201406030403
201409020411
201406030406
201409020407
201409020401
201409020403
201406030412
201406030404
201409020412
201409020404
201409020511
201409020506
201403010101
201403010104
201409020507
201406030504
201409020504
201406030511
201403010106
201406030506
201406030501
201403010105
201406030509
201406030508
201409020503
201406030502
201403010110
201409020501
201406030503
201409020502
201409020508
201403010109
201403010102
201403010107
201406030507
201409020512
201403010111
201406030510
201409020505
201406030505
201406030512
201409020510
201403010108
201409020509
201403010103
201403010112
201406030612
201409020603
201403010202
201409020607
201409020601
201406030606
201403010211
201403010212
201403010207
201406030604
201403010205
201409020602
201409020604
201409020610
201409020608
201406030605
201409020609
201406030601
201406030602
201403010206
201403010203
201409020606
201406030611
201406030603
201403010210
201409020612
201409020605
201403010201
201406030610
201403010204
201406030608
201403010209
201406030607
201406030609
201403010208
201409020611
201403010303
201406030709
201406030706
201406030703
201403010311
201409020711
201409020712
201406030708
201403010305
201403010312
201403010306
201409020702
201409020706
201406030712
201409020707
201409020705
201403010308
201403010310
201403010307
201403010309
201403010304
201406030704
201406030701
201403010302
201406030702
201406030705
201409020710
201406030711
201403010301
201406030707
201409020701
201409020704
201409020709
201409020708
201406030710
201409020703
201403010409
201409020803
201409020807
201409020809
201403010411
201406030810
201409020805
201409020811
201406030806
201403010412
201406030807
201403010406
201409020801
201409020808
201403010408
201406030801
201406030805
201409020802
201403010410
201406030812
201403010404
201403010405
201403010403
201406030804
201406030811
201409020806
201406030808
201403010402
201406030803
201406030809
201403010401
201409020810
201409020812
201409020804
201406030802
201403010407
201405020103
201403010512
201408030107
201403010511
201403010504
201405020101
201408030104
201405020104
201405020105
201408030103
201408030101
201405020107
201403010506
201403010507
201405020110
201403010502
201405020108
201408030112
201405020112
201408030102
201408030109
201403010510
201408030108
201408030110
201403010501
201403010503
201405020102
201403010505
201403010508
201405020106
201405020109
201408030111
201408030105
201405020111
201403010509
201408030106
201403010610
201405020205
201403010602
201405020209
201405020211
201403010606
201403010607
201405020207
201403010603
201405020204
201408030207
201405020212
201405020202
201403010611
201408030212
201403010612
201408030201
201405020203
201408030209
201408030206
201403010609
201408030205
201403010601
201405020206
201403010604
201405020208
201408030208
201408030211
201403010605
201405020201
201408030203
201403010608
201405020210
201408030204
201408030202
201408030210
201404010109
201408030311
201405020307
201408030307
201408030309
201404010103
201405020311
201404010105
201405020310
201405020306
201408030303
201405020301
201408030301
201404010111
201404010102
201408030306
201405020303
201405020308
201404010108
201408030305
201404010101
201408030302
201405020312
201405020309
201404010107
201408030304
201404010112
201408030308
201405020302
201408030312
201404010106
201405020304
201404010104
201404010110
201405020305
201408030310
201404010203
201408030405
201408030412
201405020402
201404010210
201405020407
201404010212
201405020405
201404010206
201404010211
201405020408
201404010209
201404010204
201408030409
201408030411
201405020401
201404010208
201405020403
201405020412
201408030408
201405020411
201408030403
201404010202
201408030402
201404010205
201408030407
201405020410
201404010207
201405020404
201408030404
201408030410
201404010201
201405020409
201408030401
201405020406
201408030406
201404010310
201405020509
201404010307
201404010309
201405020503
201405020511
201405020508
201405020512
201405020506
201405020510
201408030506
201404010306
201408030505
201404010304
201408030512
201404010308
201408030510
201405020502
201408030502
201404010301
201404010311
201405020507
201408030504
201404010303
201408030511
201404010312
201408030503
201408030507
201404010302
201405020505
201408030509
201405020504
201405020501
201408030508
201404010305
201408030501
201404010412
201408030607
201408030610
201405020606
201404010404
201405020601
201405020608
201408030608
201404010408
201405020612
201408030606
201408030602
201408030605
201404010411
201408030603
201404010410
201405020610
201408030601
201404010401
201404010406
201408030609
201405020609
201404010405
201405020603
201405020611
201405020604
201405020607
201408030612
201408030604
201404010409
201404010403
201405020602
201408030611
201404010402
201405020605
201404010407
201405020703
201405020706
201404010504
201408030703
201408030707
201405020711
201404010507
201404010505
201404010502
201404010501
201404010509
201408030710
201405020705
201405020708
201408030711
201405020709
201408030706
201408030712
201404010511
201405020707
201408030705
201405020710
201405020704
201405020702
201404010510
201405020712
201404010508
201408030701
201408030709
201404010512
201408030704
201408030708
201404010503
201408030702
201404010506
201405020701
201405020805
201405020806
201405020807
201404010603
201405020801
201405020808
201404010612
201404010604
201405020804
201405020811
201404010602
201408030805
201408030804
201408030808
201404010605
201408030807
201405020802
201404010609
201404010601
201405020810
201405020812
201408030812
201404010608
201408030809
201404010611
201408030806
201404010607
201404010610
201408030801
201405020803
201405020809
201408030802
201408030810
201408030811
201408030803
201404010606
201405020907
201404010701
201405020912
201405020902
201404010702
201408030902
201404010708
201405020910
201408030907
201404010703
201404010710
201404010709
201404010706
201404010711
201408030912
201408030905
201408030911
201404010705
201405020911
201408030910
201405020908
201405020901
201404010704
201408030903
201405020909
201408030904
201408030908
201405020904
201404010707
201405020903
201405020906
201408030901
201408030909
201408030906
201405020905
201404010712
201404010801
201404010812
201404010808
201405021004
201405021008
201405021005
201404010803
201405021009
201405021010
201404010809
201404010804
201405021011
201405021002
201404010805
201405021007
201405021012
201408031011
201408031007
201404010806
201405021006
201405021001
201408031001
201408031005
201408031010
201404010810
201408031006
201404010811
201408031002
201408031004
201405021003
201404010807
201408031008
201408031009
201404010802
201408031012
201408031003
201405021102
201408031103
201405021105
201405021109
201405021111
201408031110
201405021103
201408031108
201405021112
201405021101
201408031104
201408031109
201408031102
201408031105
201405021107
201408031106
201405021106
201405021110
201405021104
201408031101
201408031112
201408031107
201408031111
201405021108
201405021203
201408031202
201408031204
201408031206
201405021205
201405021211
201408031201
201408031208
201408031212
201405021206
201408031211
201408031210
201408031209
201405021212
201405021202
201405021207
201405021208
201405021201
201408031205
201408031207
201405021209
201405021204
201408031203
201405021210
201409030106
201405030102
201409030104
201405030110
201409030111
201405030105
201409030105
201405030108
201409030110
201405030106
201405030109
201409030103
201405030101
201405030111
201409030101
201409030112
201405030107
201409030102
201409030108
201405030112
201405030103
201405030104
201409030107
201409030109
201409030201
201405030212
201409030211
201409030202
201405030207
201409030206
201409030208
201405030209
201405030206
201409030212
201405030211
201405030203
201405030201
201405030208
201405030205
201405030202
201409030207
201409030203
201409030204
201405030210
201405030204
201409030210
201409030205
201409030209
201405030309
201402010112
201409030306
201405030302
201405030304
201409030302
201405030307
201405030306
201402010102
201405030310
201405030301
201409030301
201405030312
201402010111
201409030303
201409030305
201402010105
201402010106
201405030303
201409030308
201409030310
201402010109
201405030305
201409030311
201409030309
201405030308
201402010108
201402010110
201409030312
201402010104
201409030304
201402010103
201402010107
201409030307
201405030311
201402010101
201409030406
201409030412
201405030406
201409030403
201405030411
201405030409
201405030412
201402010206
201409030411
201409030402
201402010209
201409030405
201402010204
201402010212
201402010211
201409030404
201405030410
201405030407
201409030408
201405030404
201405030402
201402010201
201402010205
201402010207
201402010210
201409030401
201402010203
201409030409
201402010202
201409030410
201409030407
201405030408
201405030401
201405030405
201402010208
201405030403
201402010305
201402010307
201405030504
201405030510
201405030503
201405030501
201402010302
201405030509
201409030506
201409030512
201405030505
201405030506
201402010301
201409030511
201409030504
201405030507
201405030508
201402010308
201409030507
201409030502
201402010309
201409030509
201402010310
201409030508
201409030501
201402010304
201402010306
201409030503
201402010312
201402010311
201405030502
201402010303
201409030505
201409030510
201405030511
201405030512
201405030607
201405030601
201409030603
201402010409
201402010412
201405030602
201405030610
201405030609
201409030606
201405030603
201409030607
201409030605
201405030604
201402010405
201402010404
201402010402
201409030601
201409030609
201409030611
201402010403
201402010401
201402010408
201402010406
201405030608
201409030612
201409030610
201409030604
201409030608
201402010407
201405030606
201402010411
201402010410
201405030612
201405030611
201409030602
201405030605
201402010511
201405030707
201405030712
201402010503
201405030709
201402010512
201409030711
201405030705
201402010501
201405030703
201409030709
201405030704
201409030712
201409030710
201402010504
201409030701
201402010510
201409030703
201405030708
201409030705
201402010509
201405030701
201402010508
201405030711
201402010505
201405030710
201409030707
201405030702
201402010507
201402010502
201409030704
201409030702
201402010506
201409030708
201405030706
201409030706
201402010608
201409030801
201402010602
201409030806
201405030811
201402010611
201405030801
201409030809
201405030812
201409030808
201405030807
201402010606
201402010612
201405030808
201409030803
201402010607
201409030811
201405030802
201409030802
201409030810
201405030804
201405030805
201405030810
201402010605
201402010604
201405030803
201409030807
201409030804
201402010609
201405030806
201402010603
201402010610
201409030812
201409030805
201405030809
201402010601
201407030110
201402020111
201407030107
201402020112
201403020101
201402020102
201403020103
201402020101
201402020108
201403020105
201402020106
201402020103
201402020104
201403020104
201407030111
201407030109
201403020107
201407030103
201403020111
201402020105
201407030101
201402020109
201407030112
201407030104
201403020106
201403020102
201403020109
201403020112
201407030105
201403020108
201402020107
201403020110
201407030102
201402020110
201407030108
201407030106
201402020202
201403020208
201402020209
201403020202
201403020211
201403020203
201407030210
201407030206
201402020206
201407030209
201402020203
201407030207
201403020201
201403020204
201402020210
201403020206
201402020207
201407030204
201402020201
201407030208
201407030211
201407030202
201403020205
201403020207
201402020212
201402020211
201407030201
201407030205
201403020210
201402020208
201402020204
201407030203
201403020212
201402020205
201403020209
201407030212
201407030311
201403020311
201403020307
201407030304
201403020308
201403020303
201402020301
201403020310
201407030301
201407030302
201402020310
201407030312
201403020302
201407030310
201403020312
201407030309
201407030308
201402020302
201403020309
201402020303
201402020304
201402020305
201403020306
201403020305
201403020301
201407030305
201402020308
201407030306
201402020307
201402020311
201402020312
201407030307
201402020306
201403020304
201402020309
201407030303
201407030411
201402020403
201407030401
201403020410
201403020409
201402020402
201407030405
201402020404
201402020409
201403020405
201403020408
201403020411
201402020401
201403020412
201403020401
201407030402
201403020404
201407030403
201407030404
201402020406
201402020408
201407030409
201407030406
201403020407
201402020410
201407030410
201402020411
201407030408
201402020407
201407030412
201403020403
201403020406
201407030407
201403020402
201402020405
201402020412
201402020504
201403020510
201402020507
201407030506
201402020506
201402020501
201407030502
201403020507
201402020509
201407030503
201403020504
201407030511
201407030510
201402020510
201403020506
201407030501
201403020503
201403020501
201402020503
201403020508
201403020509
201403020512
201402020502
201407030507
201407030508
201403020511
201407030505
201407030512
201402020505
201402020512
201407030509
201403020505
201402020511
201402020508
201403020502
201407030504
201402020612
201403020603
201407030611
201402020602
201402020604
201407030603
201403020610
201403020602
201402020610
201407030610
201403020604
201403020608
201402020601
201403020609
201407030604
201402020605
201407030609
201403020606
201403020611
201403020601
201407030605
201407030601
201402020606
201402020607
201402020611
201402020608
201403020605
201407030608
201407030606
201403020607
201403020612
201407030607
201402020609
201402020603
201407030602
201407030612
201403020711
201407030711
201407030705
201407030706
201401010102
201401010112
201403020709
201407030707
201403020708
201407030709
201407030712
201407030703
201403020704
201403020705
201401010103
201403020701
201403020703
201401010107
201401010108
201403020712
201403020702
201401010101
201403020710
201403020707
201403020706
201401010106
201407030708
201401010109
201407030702
201401010104
201407030704
201401010111
201401010105
201401010110
201407030701
201407030710
201407030801
201403020807
201407030805
201401010208
201407030812
201407030810
201401010209
201401010203
201407030808
201401010212
201401010201
201401010202
201407030806
201401010211
201403020801
201403020804
201403020806
201403020812
201407030803
201403020803
201403020811
201407030807
201401010210
201401010206
201403020810
201401010205
201403020808
201401010207
201407030809
201403020809
201407030804
201407030811
201401010204
201403020805
201403020802
201407030802
201410020111
201404020107
201410020112
201401010304
201404020109
201410020106
201401010311
201401010310
201401010302
201410020101
201410020104
201410020103
201404020104
201410020107
201410020110
201410020102
201410020109
201401010309
201401010306
201401010301
201410020105
201404020101
201401010303
201410020108
201404020105
201404020106
201401010308
201401010307
201404020110
201401010305
201404020102
201404020108
201404020111
201404020103
201404020112
201401010312
201410020208
201410020204
201404020209
201404020202
201404020206
201404020207
201401010403
201410020202
201401010412
201401010411
201404020208
201401010410
201410020211
201404020210
201410020210
201410020212
201404020211
201410020201
201410020205
201410020203
201404020205
201401010404
201401010402
201404020203
201401010409
201404020201
201401010406
201410020207
201410020209
201410020206
201401010407
201404020212
201401010408
201404020204
201401010405
201401010401
201401010501
201401010512
201410020311
201401010510
201401010507
201410020307
201401010505
201410020301
201404020311
201410020305
201410020309
201410020303
201404020307
201404020304
201410020312
201404020310
201404020312
201404020305
201404020303
201401010508
201401010509
201410020308
201410020304
201410020306
201404020301
201404020309
201401010502
201401010511
201410020310
201410020302
201401010506
201401010504
201404020306
201404020302
201404020308
201401010503
201404020404
201401010602
201401010609
201404020407
201410020404
201410020410
201401010606
201404020403
201410020406
201401010610
201404020408
201410020408
201404020402
201410020403
201401010603
201404020411
201404020401
201404020409
201404020405
201401010604
201401010608
201410020409
201401010607
201404020410
201410020402
201410020407
201401010605
201404020406
201404020412
201410020401
201410020411
201401010611
201410020412
201401010601
201401010612
201410020405
201401010701
201404020502
201410020510
201401010711
201404020511
201410020511
201401010706
201401010703
201401010709
201410020507
201401010708
201404020506
201401010710
201410020509
201410020508
201401010707
201410020506
201404020501
201401010702
201410020505
201401010704
201401010712
201404020510
201404020509
201401010705
201404020503
201404020512
201404020504
201410020503
201404020508
201410020512
201410020504
201404020505
201410020502
201404020507
201410020501
201410020603
201401010809
201410020612
201401010805
201401010804
201410020602
201401010801
201404020605
201401010808
201401010806
201404020612
201401010802
201410020606
201410020608
201410020611
201404020603
201404020606
201404020608
201404020609
201401010811
201410020604
201404020602
201404020610
201404020611
201401010810
201404020604
201401010807
201404020601
201410020607
201410020609
201401010812
201410020610
201404020607
201410020601
201401010803
201410020605
201401020109
201401020104
201401020101
201410020709
201404020710
201404020704
201404020707
201401020105
201410020711
201404020711
201410020706
201410020703
201410020710
201404020709
201401020106
201401020103
201401020111
201410020702
201410020705
201410020704
201401020108
201410020701
201410020712
201401020112
201404020706
201410020708
201404020708
201404020702
201404020701
201410020707
201404020705
201404020712
201404020703
201401020110
201401020102
201401020107
201404020808
201401020212
201404020810
201404020809
201401020205
201404020801
201404020802
201404020805
201410020805
201401020208
201404020803
201410020808
201401020206
201401020204
201410020812
201410020809
201410020811
201401020210
201404020807
201401020202
201410020801
201404020812
201401020211
201401020201
201410020810
201410020802
201404020811
201401020207
201410020806
201401020203
201401020209
201410020807
201410020804
201404020804
201404020806
201410020803
201404020903
201404020908
201401020301
201410020909
201404020910
201410020901
201404020904
201401020307
201404020907
201410020906
201410020910
201404020912
201401020309
201404020902
201401020302
201404020906
201410020912
201404020911
201401020310
201410020905
201401020304
201401020306
201401020303
201410020911
201401020305
201410020907
201410020902
201404020901
201401020308
201410020903
201404020905
201404020909
201410020904
201401020311
201410020908
201401020312
201401020408
201410021006
201410021009
201410021004
201410021001
201404021008
201401020412
201401020401
201404021004
201410021012
201401020403
201404021009
201410021005
201410021011
201404021001
201410021007
201401020411
201401020409
201404021010
201404021002
201401020402
201401020405
201401020404
201401020407
201404021003
201404021012
201410021003
201401020410
201404021011
201410021002
201410021010
201410021008
201404021007
201401020406
201404021005
201404021006
201401020505
201410021109
201404021108
201410021104
201410021110
201410021112
201404021107
201410021111
201401020507
201401020501
201401020509
201401020511
201401020504
201401020502
201404021105
201410021106
201404021101
201404021112
201404021102
201410021105
201410021102
201401020508
201404021103
201410021103
201404021109
201410021107
201404021110
201401020512
201410021101
201410021108
201404021104
201401020510
201404021111
201401020503
201404021106
201401020506
201410021203
201410021206
201410021205
201404021203
201404021204
201404021211
201404021208
201401020608
201401020604
201410021201
201401020610
201410021202
201410021204
201401020609
201410021212
201401020602
201404021201
201401020607
201410021209
201404021212
201410021210
201401020612
201404021206
201401020605
201404021205
201410021211
201410021207
201401020611
201410021208
201401020603
201404021202
201404021207
201404021209
201401020606
201401020601
201404021210
201404030101
201409040106
201409040109
201404030108
201404030112
201409040103
201404030110
201404030106
201404030104
201409040108
201409040112
201409040105
201409040111
201404030103
201409040104
201404030109
201404030107
201409040101
201409040102
201404030105
201404030102
201409040107
201409040110
201404030111
201409040204
201404030204
201404030209
201409040211
201404030210
201404030208
201404030211
201404030203
201409040205
201409040207
201409040212
201409040202
201404030206
201409040208
201404030202
201409040209
201409040206
201409040203
201404030212
201404030201
201409040201
201409040210
201404030207
201404030205
201404030301
201409040306
201404030305
201409040305
201409040311
201404030309
201404030303
201409040304
201404030302
201404030310
201404030308
201404030311
201404030306
201409040310
201409040309
201404030307
201409040308
201409040307
201409040301
201409040303
201409040312
201404030304
201409040302
201404030312
201404030401
201404030406
201409040409
201404030409
201409040401
201404030408
201409040405
201404030407
201409040411
201404030403
201404030404
201404030410
201409040408
201409040407
201409040406
201409040412
201404030412
201404030405
201409040402
201409040404
201404030402
201409040410
201404030411
201409040403
201404030508
201409040509
201409040511
201404030510
201404030503
201404030504
201409040501
201409040506
201409040510
201404030507
201409040507
201409040505
201404030509
201409040512
201409040503
201409040502
201409040504
201409040508
201404030501
201404030511
201404030502
201404030505
201404030506
201404030512
201409040609
201404030604
201404030603
201404030602
201404030606
201404030608
201404030611
201409040611
201409040602
201404030612
201409040603
201409040601
201409040608
201404030607
201409040606
201409040605
201409040604
201404030610
201404030605
201409040612
201409040610
201404030609
201404030601
201409040607
201404030711
201404030704
201409040701
201409040708
201404030701
201409040706
201404030702
201409040710
201404030710
201404030708
201404030707
201409040704
201404030703
201409040709
201404030705
201409040707
201404030709
201409040702
201409040703
201409040705
201409040712
201404030712
201409040711
201404030706
201409040807
201409040811
201404030801
201409040801
201404030804
201404030807
201409040803
201404030802
201404030806
201409040806
201409040810
201404030811
201404030805
201409040809
201409040804
201404030808
201409040808
201409040812
201409040805
201409040802
201404030809
201404030812
201404030803
201404030810
201408040103
201408040102
201405040101
201405040111
201405040109
201405040103
201408040110
201405040105
201408040106
201408040111
201405040104
201408040108
201405040110
201408040104
201408040109
201408040101
201408040107
201405040108
201405040106
201405040112
201408040105
201405040102
201408040112
201405040107
201405040212
201408040204
201405040205
201405040201
201408040201
201405040204
201408040210
201405040203
201405040208
201408040205
201408040203
201405040207
201408040208
201408040212
201408040211
201405040209
201405040206
201405040202
201408040207
201408040206
201408040209
201408040202
201405040210
201405040211
201405040303
201405040301
201405040310
201405040305
201405040308
201405040311
201405040307
201405040302
201405040312
201405040309
201405040304
201405040306
201408040306
201408040309
201408040312
201408040302
201408040311
201408040307
201408040308
201408040310
201408040305
201408040304
201408040301
201408040303
201403030103
201408040406
201408040407
201403030101
201408040411
201408040412
201405040405
201403030107
201408040403
201403030109
201408040402
201405040412
201408040404
201405040403
201405040408
201408040405
201403030111
201405040404
201405040409
201403030102
201403030108
201403030112
201403030110
201408040408
201408040410
201403030104
201405040406
201403030106
201405040402
201405040407
201408040409
201403030105
201405040411
201408040401
201405040401
201405040410
201403030209
201403030210
201405040506
201408040512
201405040512
201408040506
201405040504
201405040507
201403030205
201403030203
201408040508
201403030207
201408040504
201405040503
201405040505
201403030206
201403030211
201408040509
201405040510
201403030204
201403030212
201405040511
201405040508
201408040511
201405040501
201408040505
201405040502
201408040510
201408040501
201408040502
201403030201
201405040509
201408040503
201403030208
201403030202
201408040507
201403030309
201408040608
201403030306
201405040608
201405040612
201408040611
201403030308
201403030302
201408040610
201405040601
201403030311
201405040604
201403030304
201403030310
201408040606
201408040601
201403030307
201403030305
201405040611
201405040609
201408040605
201403030301
201405040605
201408040602
201403030312
201405040607
201405040603
201408040612
201408040603
201405040602
201408040609
201408040607
201405040610
201405040606
201403030303
201408040604
201405040703
201408040703
201403030402
201403030412
201408040706
201408040708
201405040708
201408040704
201408040711
201408040709
201408040712
201403030406
201408040707
201403030410
201403030407
201405040701
201408040710
201405040705
201405040707
201403030404
201405040704
201403030405
201405040709
201403030411
201403030403
201403030408
201403030401
201405040706
201403030409
201405040702
201405040711
201405040712
201405040710
201408040701
201408040702
201408040705
201408040804
201403030512
201405040808
201408040803
201405040804
201403030509
201405040801
201403030505
201405040811
201403030501
201405040806
201403030507
201403030510
201408040811
201403030502
201403030504
201405040802
201403030506
201405040810
201408040806
201408040805
201403030503
201405040805
201405040809
201405040812
201408040809
201405040807
201408040808
201405040803
201408040812
201408040810
201403030508
201408040801
201403030511
201408040802
201408040807
201403030608
201408040902
201405040906
201403030611
201403030601
201408040904
201403030606
201408040901
201405040907
201403030603
201405040905
201403030607
201405040904
201408040906
201408040911
201408040903
201405040908
201405040912
201405040903
201408040909
201403030609
201408040908
201403030605
201403030610
201405040909
201408040910
201408040912
201405040911
201408040905
201405040901
201403030612
201403030604
201408040907
201405040910
201405040902
201403030602
201408050112
201408050107
201403040102
201405050111
201403040111
201403040110
201408050105
201408050104
201403040109
201405050107
201408050109
201403040108
201405050102
201405050105
201403040103
201405050108
201408050110
201408050102
201408050108
201408050106
201408050103
201403040104
201403040105
201403040101
201405050104
201403040106
201403040112
201408050101
201405050103
201405050101
201405050110
201405050112
201408050111
201405050109
201405050106
201403040107
201403040203
201408050209
201408050204
201403040205
201408050201
201405050209
201405050211
201405050208
201405050202
201403040212
201403040201
201405050207
201408050206
201403040211
201408050207
201405050201
201408050208
201403040202
201403040207
201403040209
201408050212
201405050204
201403040206
201405050206
201405050203
201408050202
201408050210
201405050212
201408050211
201405050205
201408050203
201403040210
201405050210
201403040208
201408050205
201403040204
201408050304
201408050305
201403040310
201405050309
201405050306
201403040302
201403040307
201403040303
201408050307
201408050308
201408050311
201408050309
201403040308
201408050310
201408050302
201405050308
201403040311
201408050303
201403040306
201403040305
201408050306
201408050312
201405050305
201405050301
201405050304
201405050303
201403040309
201405050312
201403040304
201405050302
201403040301
201405050311
201405050307
201405050310
201408050301
201403040312
201408050403
201405050410
201403040406
201403040401
201408050401
201405050401
201405050409
201408050404
201403040410
201408050410
201403040412
201403040407
201405050408
201403040402
201403040409
201405050412
201403040404
201408050411
201403040408
201408050405
201405050406
201405050405
201403040403
201408050409
201403040405
201405050411
201403040411
201405050407
201408050412
201408050406
201408050402
201405050403
201408050408
201405050404
201408050407
201405050402
201405050509
201408050512
201405050510
201408050503
201408050501
201408050506
201405050503
201405050506
201408050502
201405050504
201408050508
201408050504
201408050510
201405050512
201408050507
201405050505
201408050509
201405050501
201405050508
201405050511
201408050505
201405050502
201405050507
201408050511
201405050604
201408050610
201405050606
201408050608
201408050609
201408050612
201405050605
201408050602
201405050609
201405050611
201405050610
201405050608
201405050602
201408050604
201405050603
201408050605
201405050601
201405050607
201408050601
201408050603
201408050607
201408050611
201408050606
201405050612
201408050707
201408050710
201408050705
201408050709
201405050708
201405050712
201405050702
201405050711
201408050703
201408050706
201405050710
201405050709
201408050711
201405050701
201408050701
201405050706
201408050704
201405050707
201408050702
201408050708
201405050704
201405050705
201405050703
201408050712
201405050801
201408050806
201408050810
201408050801
201408050802
201405050812
201408050809
201405050804
201405050803
201408050807
201408050804
201405050807
201405050802
201405050810
201408050803
201408050812
201405050808
201408050805
201405050811
201405050806
201408050811
201408050808
201405050809
201405050805
201408050905
201408050909
201408050906
201405050906
201408050902
201408050903
201405050910
201405050904
201405050901
201405050907
201408050904
201408050901
201408050907
201405050905
201405050908
201405050909
201408050910
201408050908
201405050902
201408050911
201405050903
201408050912
201405050911
201407040108
201406040103
201409050110
201409050112
201409050105
201406040101
201407040106
201407040112
201409050103
201409050109
201407040101
201407040109
201409050111
201406040104
201406040107
201407040110
201407040107
201406040111
201407040104
201409050106
201409050107
201409050104
201406040105
201407040111
201409050108
201406040106
201406040112
201407040105
201406040110
201407040103
201406040108
201407040102
201409050101
201409050102
201406040109
201406040102
201406040210
201406040201
201407040203
201409050212
201407040208
201407040206
201409050211
201409050203
201407040202
201407040209
201409050207
201406040207
201406040211
201409050202
201406040208
201406040204
201406040202
201406040205
201406040203
201406040209
201409050208
201409050210
201409050205
201409050209
201407040207
201409050201
201406040206
201406040212
201407040204
201409050204
201409050206
201407040201
201407040210
201407040211
201407040212
201407040205
201406040312
201407040306
201406040308
201409050304
201409050308
201406040310
201407040308
201406040311
201406040309
201407040311
201406040305
201406040304
201407040305
201406040303
201409050312
201409050301
201409050310
201406040306
201406040307
201407040312
201409050307
201406040301
201407040304
201407040307
201409050306
201409050309
201407040302
201407040310
201407040303
201409050302
201407040309
201409050311
201409050303
201406040302
201407040301
201409050305
201409050406
201406040408
201407040405
201406040403
201406040405
201407040404
201406040404
201407040403
201406040410
201409050408
201407040408
201409050401
201407040401
201409050409
201407040409
201406040411
201406040412
201406040407
201406040406
201409050405
201409050402
201409050410
201406040409
201409050403
201407040410
201409050407
201407040411
201407040402
201409050404
201406040402
201406040401
201409050412
201409050411
201407040406
201407040407
201407040412
201409050504
201409050509
201407040505
201406040501
201407040503
201406040508
201409050510
201409050508
201409050511
201409050512
201407040507
201406040504
201406040503
201407040511
201406040512
201409050505
201406040510
201406040509
201409050502
201409050501
201406040506
201407040509
201407040506
201406040511
201409050503
201406040507
201407040508
201407040502
201409050506
201407040510
201407040504
201407040501
201406040505
201407040512
201406040502
201409050507
201409050604
201406040603
201409050611
201406040605
201406040612
201409050605
201406040606
201406040604
201409050609
201407040603
201407040605
201406040608
201407040602
201409050608
201409050606
201409050612
201406040610
201407040608
201407040612
201407040601
201409050601
201409050607
201407040609
201407040611
201406040601
201406040609
201407040604
201409050602
201406040602
201407040607
201409050603
201409050610
201406040607
201407040606
201407040610
201406040611
201406040709
201409050712
201409050701
201409050703
201406040710
201406040705
201406040712
201409050711
201406040704
201409050710
201406040701
201409050702
201406040706
201409050704
201406040703
201409050709
201409050707
201406040708
201409050708
201409050706
201406040702
201406040707
201406040711
201409050705
201409050805
201409050808
201406040806
201406040801
201406040805
201409050804
201406040809
201409050801
201406040810
201409050810
201406040808
201406040807
201409050807
201409050806
201409050809
201409050812
201406040802
201409050802
201409050803
201409050811
201406040804
201406040811
201406040803