201506010109
201506010101
201508010102
201506010112
201506010105
201506010104
201506010103
201506010107
201508010110
201506010108
201506010111
201506010106
201508010107
201508010112
201508010103
201508010109
201508010101
201508010106
201508010105
201508010108
201506010102
201508010104
201508010111
201506010110
201508010210
201508010206
201506010211
201508010201
201508010202
201506010210
201506010201
201508010209
201508010204
201506010212
201506010208
201506010206
201508010207
201508010211
201508010208
201506010202
201506010204
201506010209
201506010205
201506010203
201508010203
201508010205
201508010212
201506010207
201506010309
201508010301
201506010301
201506010312
201508010306
201508010307
201508010309
201508010311
201506010303
201508010308
201506010306
201508010312
201506010308
201506010311
201508010304
201508010305
201506010304
201506010302
201506010310
201508010302
201508010310
201506010307
201506010305
201508010303
201508010408
201508010412
201506010403
201508010402
201506010405
201508010401
201506010406
201506010404
201508010403
201506010411
201506010410
201508010405
201508010409
201506010402
201506010412
201506010409
201508010406
201508010407
201508010411
201506010407
201508010410
201506010408
201506010401
201508010404
201508010505
201508010508
201508010509
201508010502
201508010511
201506010511
201508010512
201508010506
201506010501
201506010508
201508010510
201506010506
201506010512
201506010505
201508010501
201506010510
201508010507
201506010503
201508010504
201508010503
201506010509
201506010507
201506010502
201506010504
201506010603
201506010607
201506010605
201507010110
201507010107
201508010601
201507010112
201506010602
201506010606
201506010612
201506010611
201508010610
201506010601
201506010609
201507010109
201508010602
201506010608
201508010609
201507010106
201508010603
201508010612
201507010108
201508010605
201507010105
201506010604
201508010606
201507010103
201508010607
201507010104
201508010611
201508010608
201508010604
201506010610
201507010102
201507010101
201507010111
201506010712
201507010203
201508010711
201508010706
201507010207
201507010208
201506010703
201508010705
201506010702
201506010701
201507010211
201506010705
201508010710
201508010712
201506010704
201507010202
201506010707
201508010701
201506010710
201508010709
201508010704
201508010702
201506010709
201507010205
201508010708
201507010201
201507010204
201506010708
201507010206
201507010212
201506010706
201508010707
201507010210
201508010703
201507010209
201506010711
201508010807
201508010806
201508010801
201508010804
201507010307
201507010310
201508010812
201507010303
201507010305
201507010301
201508010808
201507010306
201506010801
201506010805
201508010809
201507010311
201507010302
201506010808
201506010812
201508010802
201506010806
201508010810
201508010811
201508010803
201507010304
201506010809
201506010807
201506010811
201507010312
201507010309
201508010805
201506010803
201506010810
201506010802
201507010308
201506010804
201507010411
201507010412
201506010902
201508010905
201507010406
201506010908
201506010909
201506010912
201508010909
201508010904
201508010901
201506010905
201507010409
201506010906
201506010910
201508010911
201508010906
201507010408
201508010912
201507010407
201507010405
201506010904
201506010901
201506010903
201508010907
201508010910
201508010902
201507010402
201507010404
201507010410
201508010903
201507010403
201506010907
201506010911
201508010908
201507010401
201508020107
201505010107
201505010104
201508020110
201505010111
201508020106
201505010108
201505010102
201505010110
201508020104
201508020103
201508020102
201508020105
201505010106
201508020109
201508020112
201505010109
201508020108
201505010112
201505010101
201505010105
201508020101
201505010103
201508020111
201505010211
201508020210
201505010210
201508020204
201505010207
201508020203
201505010208
201505010203
201505010204
201505010212
201508020201
201508020211
201508020208
201505010202
201508020209
201505010201
201508020205
201508020212
201505010206
201505010205
201508020206
201508020202
201508020207
201505010209
201505010306
201505010302
201510010111
201508020306
201508020302
201505010305
201505010301
201508020309
201508020303
201510010109
201508020310
201510010106
201510010102
201508020305
201508020304
201508020311
201505010311
201510010101
201508020312
201510010107
201510010103
201505010303
201505010309
201510010110
201508020307
201508020308
201510010108
201510010105
201510010112
201505010310
201505010308
201505010307
201505010312
201508020301
201510010104
201505010304
201510010205
201510010207
201510010203
201505010404
201510010211
201508020412
201505010407
201510010202
201505010411
201510010208
201508020408
201510010210
201508020405
201508020409
201510010209
201510010206
201508020407
201508020411
201505010405
201505010403
201505010402
201505010401
201505010410
201508020404
201510010201
201510010212
201508020402
201505010406
201508020401
201508020406
201510010204
201505010408
201505010412
201508020403
201508020410
201505010409
201505010510
201508020502
201510010305
201505010508
201510010306
201508020501
201505010505
201510010309
201505010502
201505010512
201508020509
201510010304
201508020508
201508020505
201508020503
201508020507
201508020511
201505010501
201510010311
201505010509
201508020504
201510010303
201510010301
201510010312
201510010302
201505010503
201505010506
201505010507
201510010310
201510010307
201505010511
201508020510
201508020506
201508020512
201505010504
201510010308
201505010610
201510010401
201510010404
201508020611
201510010402
201508020601
201508020609
201505010602
201505010601
201505010603
201505010609
201510010406
201510010403
201510010405
201510010410
201508020606
201505010611
201505010606
201505010604
201508020602
201510010407
201508020608
201508020604
201508020612
201510010412
201510010408
201508020610
201508020603
201508020605
201508020607
201505010605
201505010607
201505010608
201505010612
201510010409
201510010411
201505010701
201510010508
201508020710
201510010512
201508020701
201510010506
201505010703
201508020702
201508020711
201508020712
201505010702
201510010510
201510010511
201508020709
201510010503
201510010509
201505010709
201508020707
201508020703
201508020704
201505010708
201510010502
201510010507
201510010501
201505010712
201508020708
201510010504
201510010505
201505010704
201505010705
201505010707
201508020705
201505010710
201505010706
201505010711
201508020706
201505010807
201508020802
201508020810
201505010802
201505010806
201505010809
201505010810
201510010609
201510010611
201510010608
201508020809
201508020808
201510010601
201510010603
201510010605
201505010805
201508020803
201508020811
201510010607
201505010812
201505010808
201508020807
201508020801
201505010804
201505010803
201508020805
201510010604
201508020804
201510010602
201505010811
201510010610
201510010606
201510010612
201508020806
201505010801
201508020812
201510010706
201510010709
201509010101
201506020107
201510010711
201509010102
201509010107
201510010702
201509010103
201509010112
201506020112
201506020108
201506020110
201510010701
201506020111
201509010104
201510010707
201506020104
201506020101
201506020103
201510010708
201509010106
201506020102
201506020109
201506020105
201510010705
201509010111
201509010105
201510010704
201506020106
201509010109
201510010712
201509010110
201509010108
201510010710
201510010703
201510010801
201509010201
201506020202
201509010202
201509010208
201510010806
201509010206
201506020210
201509010204
201509010203
201506020212
201509010210
201506020205
201510010811
201506020209
201506020207
201509010212
201509010211
201510010807
201510010802
201506020203
201506020206
201506020201
201510010812
201506020208
201506020211
201510010804
201510010809
201506020204
201510010810
201509010209
201510010808
201510010803
201510010805
201509010205
201509010207
201509010312
201506020307
201506020311
201509010302
201509010307
201506020305
201506020312
201506020304
201509010309
201509010303
201509010308
201506020310
201509010311
201506020308
201509010301
201506020309
201506020302
201506020306
201509010310
201506020303
201509010305
201509010304
201509010306
201506020301
201509010410
201509010409
201509010408
201506020402
201506020403
201509010401
201506020409
201506020407
201509010404
201506020412
201509010403
201509010405
201506020411
201506020406
201509010402
201506020405
201506020408
201506020401
201509010406
201506020410
201509010412
201509010411
201509010407
201506020404
201506020506
201509010504
201506020507
201507020102
201509010509
201506020504
201509010503
201507020104
201506020505
201509010507
201507020106
201509010508
201509010502
201507020109
201506020509
201506020512
201506020511
201509010505
201507020105
201509010510
201507020103
201507020101
201507020110
201507020111
201509010501
201509010506
201509010512
201506020502
201507020108
201507020112
201506020503
201506020501
201506020508
201509010511
201506020510
201507020107
201506020606
201506020601
201507020204
201509010608
201509010602
201509010609
201507020201
201509010603
201506020611
201506020602
201506020609
201506020610
201507020203
201506020603
201506020608
201507020207
201507020206
201507020202
201507020208
201506020605
201507020211
201509010605
201509010607
201507020209
201507020212
201509010610
201506020607
201506020604
201509010604
201509010606
201507020205
201507020210
201509010612
201509010601
201509010611
201506020612
201506020709
201507020302
201507020303
201506020706
201507020309
201509010703
201507020306
201509010711
201507020310
201507020311
201506020702
201506020712
201506020701
201507020301
201506020708
201506020707
201509010710
201507020305
201507020308
201506020710
201506020703
201507020307
201506020704
201506020711
201506020705
201509010707
201507020304
201509010712
201509010701
201509010702
201507020312
201509010704
201509010705
201509010709
201509010706
201509010708
201506020802
201506020812
201507020402
201509010807
201506020808
201507020401
201506020804
201506020803
201507020407
201507020409
201507020412
201507020408
201509010806
201507020403
201509010802
201509010809
201506020807
201506020809
201507020405
201509010801
201509010804
201509010812
201506020801
201506020805
201509010805
201507020404
201509010810
201507020411
201509010808
201506020811
201509010803
201506020810
201509010811
201507020410
201507020406
201506020806
201509020107
201506030109
201506030103
201509020112
201507020501
201506030107
201507020503
201506030108
201507020508
201506030110
201509020103
201506030105
201507020512
201507020504
201506030101
201506030104
201507020510
201509020110
201509020105
201506030111
201507020509
201509020101
201506030106
201507020507
201507020511
201507020506
201509020106
201507020502
201509020102
201506030102
201507020505
201509020108
201509020111
201509020104
201509020109
201506030112
201506030211
201509020206
201506030207
201509020203
201509020212
201507020612
201507020611
201506030201
201507020608
201506030204
201507020609
201507020610
201506030208
201509020205
201507020605
201509020201
201509020210
201507020603
201506030210
201509020202
201509020208
201507020606
201509020209
201507020604
201506030203
201509020207
201507020602
201506030206
201506030202
201506030209
201506030212
201506030205
201509020211
201509020204
201507020607
201507020601
201506030301
201509020302
201509020305
201509020308
201506030308
201509020303
201509020312
201506030310
201506030309
201506030304
201509020301
201506030305
201506030311
201509020310
201506030307
201509020311
201506030312
201506030306
201506030302
201509020307
201509020306
201506030303
201509020309
201509020304
201509020405
201509020401
201506030412
201506030405
201506030408
201506030403
201506030409
201509020404
201509020408
201509020411
201506030402
201509020412
201509020406
201509020407
201506030404
201509020403
201509020402
201506030411
201506030406
201509020409
201506030410
201509020410
201506030401
201506030407
201503010109
201509020511
201506030512
201503010104
201509020509
201509020507
201503010103
201506030510
201503010102
201506030505
201503010106
201506030509
201506030506
201506030501
201506030502
201506030503
201509020510
201509020508
201503010107
201503010101
201506030507
201509020504
201503010108
201503010111
201509020503
201506030508
201509020512
201503010110
201509020501
201503010112
201509020505
201506030504
201509020506
201503010105
201506030511
201509020502
201503010205
201506030603
201503010207
201503010203
201503010202
201509020604
201509020602
201506030608
201506030609
201506030611
201503010206
201509020611
201506030606
201506030604
201506030607
201503010210
201509020608
201503010209
201506030605
201506030602
201509020603
201506030610
201509020612
201506030612
201503010208
201509020609
201509020607
201509020601
201509020606
201503010201
201503010204
201503010211
201506030601
201509020605
201503010212
201509020610
201509020706
201509020701
201503010303
201503010301
201503010311
201503010306
201503010302
201506030705
201509020709
201506030709
201509020710
201506030706
201506030711
201503010305
201506030708
201503010310
201506030710
201509020703
201509020712
201509020711
201506030702
201506030701
201509020702
201506030712
201506030704
201506030707
201503010304
201503010309
201506030703
201503010307
201509020705
201503010312
201509020704
201509020707
201509020708
201503010308
201503010412
201503010409
201503010407
201509020808
201509020803
201506030808
201503010406
201503010402
201506030809
201503010411
201509020804
201506030812
201506030810
201509020812
201506030803
201509020806
201509020807
201509020810
201506030811
201503010410
201506030806
201506030805
201503010404
201509020811
201506030801
201503010408
201503010401
201506030804
201509020802
201509020809
201503010403
201509020801
201509020805
201503010405
201506030807
201506030802
201508030106
201503010506
201505020111
201505020103
201508030104
201503010512
201508030105
201505020101
201503010502
201503010508
201503010503
201508030102
201505020105
201505020110
201503010505
201503010509
201508030108
201508030110
201505020109
201505020106
201508030112
201503010501
201505020108
201508030101
201505020112
201508030103
201508030107
201503010504
201508030109
201505020107
201505020104
201508030111
201503010510
201505020102
201503010511
201503010507
201503010608
201508030202
201505020209
201505020203
201503010604
201503010602
201505020206
201508030209
201503010607
201503010609
201503010611
201508030208
201505020208
201503010605
201503010612
201508030205
201508030206
201505020205
201503010610
201503010603
201505020212
201508030211
201508030207
201508030203
201505020210
201505020211
201508030212
201505020204
201508030201
201503010601
201505020202
201508030204
201505020201
201505020207
201508030210
201503010606
201504010112
201504010106
201504010110
201505020304
201504010107
201504010111
201508030306
201505020302
201508030307
201504010101
201508030303
201505020306
201505020308
201508030308
201508030305
201504010103
201505020303
201504010102
201505020310
201508030310
201504010108
201505020312
201504010109
201508030304
201504010104
201505020309
201508030302
201505020301
201508030312
201508030301
201505020305
201508030311
201505020311
201504010105
201505020307
201508030309
201508030403
201505020401
201504010205
201508030410
201505020409
201508030404
201504010208
201508030412
201504010201
201504010206
201505020408
201508030406
201504010211
201505020405
201504010202
201504010204
201508030408
201508030401
201508030405
201505020402
201508030402
201508030411
201504010209
201505020404
201505020412
201504010203
201508030409
201508030407
201505020403
201505020410
201505020411
201504010210
201504010212
201504010207
201505020407
201505020406
201505020503
201508030503
201508030506
201505020506
201508030502
201508030509
201508030510
201508030501
201504010311
201505020507
201504010309
201508030507
201508030511
201504010312
201504010301
201505020502
201508030504
201505020511
201505020508
201504010303
201504010308
201505020512
201508030508
201504010302
201505020510
201504010305
201504010304
201505020509
201504010310
201505020504
201504010307
201505020505
201508030505
201505020501
201504010306
201508030512
201504010401
201504010402
201504010409
201504010411
201505020606
201508030602
201504010410
201508030607
201508030609
201508030603
201504010408
201505020602
201505020603
201508030605
201504010406
201505020611
201505020607
201505020608
201505020610
201504010404
201508030612
201508030611
201505020609
201508030610
201508030604
201508030601
201504010412
201505020604
201504010407
201505020601
201505020605
201508030608
201504010405
201505020612
201504010403
201508030606
201505020701
201508030711
201504010501
201505020712
201504010510
201505020705
201505020709
201508030710
201505020711
201504010511
201504010506
201505020706
201505020710
201505020708
201504010508
201508030708
201508030701
201504010502
201504010504
201504010505
201508030705
201508030706
201505020703
201504010512
201508030704
201508030703
201505020707
201504010507
201504010509
201508030702
201505020704
201508030712
201508030709
201508030707
201504010503
201505020702
201505020806
201505020811
201508030805
201508030808
201504010603
201505020804
201508030806
201504010601
201505020810
201508030809
201508030811
201508030812
201504010608
201508030807
201504010605
201504010612
201508030802
201505020809
201505020807
201505020808
201505020805
201504010610
201504010607
201508030803
201504010602
201505020803
201508030804
201508030810
201504010609
201505020801
201505020812
201504010611
201508030801
201505020802
201504010606
201504010604
201508030905
201504010702
201505020902
201505020904
201505020908
201505020911
201508030912
201505020903
201508030909
201505020906
201504010705
201505020912
201504010710
201504010706
201504010709
201504010704
201508030904
201505020901
201505020910
201504010701
201508030910
201508030903
201508030902
201505020907
201508030911
201504010708
201508030908
201508030906
201504010712
201508030907
201504010707
201505020909
201505020905
201508030901
201504010703
201504010711
201508031006
201504010805
201508031003
201508031002
201508031011
201504010808
201505021010
201505021012
201508031009
201508031008
201505021002
201505021011
201508031010
201505021007
201504010803
201504010809
201505021004
201504010812
201504010806
201505021001
201508031005
201504010801
201505021005
201505021006
201505021008
201508031012
201504010802
201504010810
201508031007
201508031001
201505021003
201505021009
201504010807
201504010804
201504010811
201508031004
201508031108
201508031110
201508031106
201508031105
201505021112
201505021108
201505021111
201505021103
201508031103
201508031107
201508031112
201505021101
201505021109
201505021104
201505021102
201508031111
201505021106
201505021105
201508031102
201508031109
201508031104
201505021110
201508031101
201505021107
201508031202
201505021212
201505021206
201505021202
201505021210
201508031207
201508031210
201505021203
201505021207
201508031203
201508031211
201505021204
201505021209
201505021208
201508031201
201508031206
201508031209
201508031204
201508031212
201505021205
201505021201
201505021211
201508031208
201508031205
201509030104
201509030112
201509030102
201505030106
201505030103
201509030111
201509030109
201505030110
201509030108
201505030107
201505030112
201509030101
201509030107
201509030105
201509030106
201505030105
201505030101
201505030102
201509030110
201505030111
201505030108
201505030104
201509030103
201505030109
201509030204
201505030206
201509030203
201505030211
201505030212
201509030205
201509030208
201505030202
201509030202
201509030211
201505030205
201505030210
201509030207
201505030209
201505030203
201505030208
201505030204
201509030206
201509030209
201509030201
201509030212
201505030201
201505030207
201509030210
201509030309
201509030302
201509030308
201505030305
201509030312
201509030310
201505030306
201505030304
201509030305
201505030310
201505030312
201505030308
201505030307
201505030302
201509030301
201505030311
201505030309
201509030307
201509030303
201505030301
201505030303
201509030304
201509030306
201509030311
201509030410
201505030401
201505030405
201505030407
201505030409
201509030404
201509030407
201505030410
201505030412
201505030404
201505030402
201505030406
201509030401
201505030408
201509030405
201509030403
201505030403
201509030411
201509030406
201509030409
201509030402
201509030412
201509030408
201505030411
201509030510
201505030512
201509030505
201509030512
201505030511
201505030509
201502010110
201509030501
201505030510
201505030502
201509030509
201505030501
201502010109
201509030507
201505030506
201509030511
201509030503
201502010108
201505030504
201502010102
201502010112
201502010111
201509030506
201502010103
201502010101
201505030507
201509030504
201505030505
201509030508
201505030503
201509030502
201502010106
201502010105
201505030508
201502010104
201502010107
201505030608
201502010203
201505030610
201502010206
201509030611
201505030607
201502010204
201502010201
201505030603
201509030607
201509030610
201505030606
201502010202
201509030609
201509030603
201502010208
201505030604
201505030609
201505030612
201509030601
201505030602
201502010212
201509030612
201505030611
201509030605
201505030601
201505030605
201502010207
201509030602
201502010211
201502010205
201502010210
201509030606
201509030604
201502010209
201509030608
201509030701
201502010307
201505030709
201509030710
201502010312
201509030712
201505030710
201502010306
201502010305
201505030712
201505030703
201505030705
201502010309
201509030705
201502010301
201509030706
201505030711
201502010311
201509030702
201505030706
201502010302
201509030703
201509030709
201502010310
201505030701
201505030704
201502010308
201509030707
201505030702
201509030711
201502010303
201509030708
201505030708
201505030707
201502010304
201509030704
201505030804
201509030809
201509030802
201505030805
201505030807
201502010411
201509030808
201505030811
201502010403
201509030810
201509030805
201509030806
201505030809
201505030812
201502010408
201509030804
201509030811
201502010402
201502010407
201502010409
201509030803
201509030807
201502010412
201502010401
201502010410
201502010404
201505030806
201502010405
201505030803
201509030812
201505030810
201505030808
201502010406
201505030801
201509030801
201505030802
201502010502
201502010508
201502010505
201503020102
201503020107
201503020101
201502010512
201507030111
201507030105
201507030107
201507030104
201502010509
201502010507
201503020103
201507030101
201503020110
201507030112
201502010510
201502010506
201502010511
201503020111
201507030108
201507030106
201502010503
201503020106
201507030102
201507030103
201507030110
201503020112
201503020109
201507030109
201503020104
201502010501
201502010504
201503020108
201503020105
201507030210
201502010603
201502010611
201502010606
201502010602
201502010604
201507030205
201507030208
201502010601
201507030204
201503020211
201502010605
201503020201
201507030201
201507030207
201503020206
201503020205
201503020204
201502010607
201502010610
201507030203
201503020212
201507030211
201503020210
201507030212
201502010608
201502010612
201503020209
201503020208
201507030209
201503020202
201503020203
201502010609
201507030202
201507030206
201503020207
201507030307
201503020306
201507030301
201503020311
201503020309
201503020302
201502020102
201503020307
201507030306
201502020112
201507030309
201503020303
201507030312
201502020101
201503020301
201503020305
201507030304
201503020308
201502020110
201507030311
201503020304
201502020106
201507030310
201503020312
201507030308
201502020103
201507030302
201507030303
201502020109
201502020104
201502020105
201502020111
201503020310
201502020108
201507030305
201502020107
201507030404
201507030406
201503020405
201502020202
201502020207
201502020201
201503020410
201503020412
201503020408
201502020212
201502020211
201507030408
201503020407
201507030411
201502020206
201503020409
201503020403
201503020411
201507030402
201507030412
201503020406
201502020208
201507030405
201507030401
201502020204
201503020402
201507030407
201507030410
201502020203
201502020205
201502020210
201507030409
201507030403
201502020209
201503020404
201503020401
201503020504
201507030509
201502020303
201502020309
201503020502
201507030507
201507030508
201503020508
201507030504
201503020501
201507030510
201507030506
201502020307
201502020302
201507030502
201507030511
201502020310
201507030503
201502020312
201502020304
201502020311
201503020510
201503020507
201503020506
201507030512
201502020301
201502020305
201507030501
201503020511
201507030505
201503020505
201503020503
201503020512
201503020509
201502020306
201502020308
201507030603
201502020402
201503020610
201507030602
201502020409
201503020604
201502020405
201503020611
201507030610
201503020601
201503020608
201503020609
201503020612
201507030605
201502020407
201507030611
201503020602
201503020603
201507030601
201507030607
201507030604
201507030609
201502020408
201503020606
201507030606
201502020411
201507030608
201502020410
201502020404
201502020412
201502020401
201507030612
201503020607
201502020403
201502020406
201503020605
201503020711
201502020509
201502020512
201503020706
201507030708
201503020709
201507030701
201502020506
201507030709
201507030702
201503020705
201502020507
201503020701
201503020708
201502020511
201502020505
201502020502
201503020707
201507030707
201507030705
201503020702
201502020501
201507030706
201503020704
201507030710
201503020710
201502020504
201507030712
201502020503
201507030711
201503020703
201502020510
201502020508
201507030704
201507030703
201503020712
201502020612
201502020603
201503020802
201507030805
201503020804
201507030802
201502020606
201503020805
201503020812
201507030806
201502020608
201507030801
201507030812
201503020811
201503020807
201502020605
201503020810
201507030808
201507030811
201503020806
201503020809
201503020808
201503020803
201502020610
201507030807
201507030803
201502020604
201507030804
201507030810
201502020602
201503020801
201502020609
201507030809
201502020601
201502020607
201502020611
201510020104
201501010111
201501010110
201510020107
201504020103
201504020111
201504020101
201510020108
201504020109
201501010107
201501010106
201501010103
201504020105
201504020112
201501010105
201501010101
201501010104
201510020106
201504020104
201501010102
201510020105
201510020110
201501010109
201510020103
201501010112
201504020108
201504020110
201510020109
201510020112
201501010108
201510020101
201504020106
201504020107
201510020111
201504020102
201510020102
201501010203
201501010207
201501010209
201504020206
201504020209
201504020208
201504020210
201510020203
201504020204
201510020211
201501010208
201510020212
201501010204
201504020211
201510020202
201510020201
201501010210
201510020210
201504020202
201504020212
201510020209
201501010212
201504020205
201510020206
201501010211
201504020201
201504020203
201501010205
201510020208
201501010202
201510020205
201501010206
201510020204
201501010201
201504020207
201510020207
201501010301
201504020312
201501010310
201504020307
201510020312
201510020301
201504020301
201510020302
201504020309
201504020304
201510020309
201501010307
201510020303
201501010302
201501010308
201504020305
201501010311
201510020310
201501010306
201510020305
201510020308
201504020306
201501010305
201504020310
201504020303
201510020311
201510020304
201504020311
201501010304
201510020306
201501010309
201501010303
201504020302
201501010312
201510020307
201504020308
201501010412
201510020408
201504020403
201501010404
201504020409
201504020412
201504020411
201510020402
201501010407
201501010403
201504020405
201501010406
201501010411
201510020406
201504020406
201504020410
201501010410
201501010408
201504020408
201501010405
201501010402
201504020402
201510020407
201504020407
201510020403
201510020404
201510020405
201504020401
201510020411
201510020410
201501010401
201510020412
201501010409
201510020401
201504020404
201510020409
201510020510
201501010505
201510020503
201510020501
201510020504
201501010504
201504020505
201501010511
201501010506
201510020505
201510020512
201504020507
201504020501
201510020506
201501010501
201501010502
201504020506
201501010512
201510020509
201504020509
201510020502
201504020512
201510020507
201504020508
201501010510
201504020503
201504020510
201504020504
201501010507
201501010503
201504020511
201504020502
201501010508
201510020511
201510020508
201501010509
201501010603
201504020609
201504020601
201510020605
201501010606
201504020610
201510020611
201501010602
201510020607
201510020606
201501010608
201510020601
201510020612
201501010612
201510020602
201501010611
201504020612
201504020607
201504020611
201501010610
201510020604
201510020610
201501010604
201504020606
201501010605
201510020603
201504020605
201504020602
201504020608
201510020608
201501010609
201501010607
201504020604
201510020609
201501010601
201504020603
201504020704
201504020709
201510020702
201501020104
201504020712
201501020111
201501020101
201510020709
201510020711
201501020112
201504020710
201504020706
201510020704
201510020706
201510020705
201510020710
201504020705
201501020106
201510020701
201510020703
201510020708
201501020103
201510020712
201501020110
201510020707
201501020102
201501020108
201501020105
201504020702
201504020708
201504020703
201504020711
201501020109
201501020107
201504020707
201504020701
201501020203
201504020807
201504020811
201501020201
201501020206
201510020808
201504020809
201504020808
201501020202
201510020807
201510020809
201504020802
201510020811
201510020803
201510020805
201504020804
201501020209
201504020810
201504020801
201501020207
201501020205
201510020801
201504020812
201504020803
201510020806
201510020804
201510020812
201510020810
201501020208
201501020210
201510020802
201504020806
201501020211
201501020212
201501020204
201504020805
201510020909
201510020902
201504020901
201504020911
201501020307
201510020901
201504020909
201501020304
201501020309
201504020906
201510020910
201510020907
201504020908
201501020305
201501020310
201504020912
201510020911
201501020301
201504020907
201510020912
201501020308
201510020904
201510020908
201510020903
201510020905
201504020905
201504020902
201501020302
201501020303
201501020312
201501020311
201504020904
201504020903
201504020910
201510020906
201501020306
201501020405
201510021007
201504021006
201504021007
201501020401
201504021011
201510021002
201504021001
201510021010
201510021001
201501020411
201501020412
201501020402
201504021004
201510021012
201501020406
201501020404
201501020408
201504021008
201504021002
201501020409
201501020410
201501020407
201510021005
201510021009
201504021012
201504021005
201510021008
201504021009
201504021010
201504021003
201510021011
201510021003
201510021006
201510021004
201501020403
201510021101
201501020506
201501020508
201504021102
201501020501
201510021103
201504021109
201504021112
201504021108
201510021109
201501020511
201501020502
201501020509
201510021105
201501020504
201501020503
201510021110
201501020505
201510021107
201504021111
201504021110
201504021105
201501020510
201510021102
201510021104
201510021106
201504021104
201510021112
201510021111
201504021101
201501020512
201510021108
201504021107
201501020507
201504021106
201504021103
201504021201
201501020609
201510021202
201510021206
201504021205
201510021211
201501020605
201501020602
201501020612
201510021203
201501020604
201510021212
201504021202
201510021210
201501020610
201510021201
201501020611
201510021207
201504021212
201504021210
201510021208
201501020606
201504021203
201504021206
201504021204
201504021208
201504021209
201510021209
201510021204
201504021211
201501020607
201501020608
201504021207
201501020603
201510021205
201501020601
201509040110
201506040111
201509040111
201509040107
201509040104
201506040109
201509040108
201509040102
201509040105
201506040102
201506040112
201509040112
201509040106
201509040103
201506040101
201506040110
201506040108
201509040101
201509040109
201506040105
201506040107
201506040104
201506040106
201506040103
201509040210
201506040211
201506040212
201506040208
201509040204
201509040207
201506040202
201506040206
201506040203
201506040207
201509040206
201506040210
201509040205
201509040212
201506040201
201509040208
201506040205
201509040211
201509040203
201506040209
201506040204
201509040202
201509040201
201509040209
201509040302
201509040310
201509040303
201506040306
201509040304
201506040311
201509040306
201506040312
201506040304
201509040308
201506040308
201509040309
201509040311
201506040302
201506040307
201509040307
201506040301
201506040310
201509040312
201509040305
201509040301
201506040303
201506040309
201506040305
201509040409
201509040402
201509040405
201506040412
201509040401
201509040410
201506040406
201509040408
201509040412
201509040403
201509040407
201506040402
201506040410
201506040411
201506040405
201506040408
201506040403
201509040411
201509040406
201506040401
201506040407
201506040404
201506040409
201509040404
201506040503
201509040508
201506040501
201509040512
201509040505
201509040506
201506040504
201509040501
201506040509
201509040503
201509040504
201506040511
201506040505
201506040512
201509040511
201509040510
201506040507
201506040502
201506040508
201509040509
201509040507
201506040510
201506040506
201509040502
201506040611
201506040603
201509040612
201509040611
201506040610
201506040605
201509040607
201506040607
201509040603
201509040608
201506040601
201506040608
201509040601
201506040602
201509040602
201509040609
201506040609
201509040610
201509040605
201506040612
201509040604
201506040604
201509040606
201506040606
201506040703
201506040712
201509040707
201509040703
201509040711
201509040706
201509040704
201506040711
201506040704
201506040706
201509040709
201509040708
201509040702
201506040705
201509040712
201506040707
201506040709
201506040701
201509040705
201506040710
201509040710
201506040708
201509040701
201506040702
201509040810
201506040803
201506040810
201509040809
201506040812
201506040808
201506040811
201506040807
201509040802
201509040803
201506040806
201506040802
201506040801
201509040804
201506040804
201509040801
201509040811
201506040809
201509040806
201509040807
201506040805
201509040805
201509040812
201509040808
201509040910
201506040903
201506040901
201509040909
201506040912
201509040901
201506040906
201509040905
201509040903
201509040906
201506040904
201506040907
201506040909
201509040902
201506040902
201506040911
201506040908
201509040912
201509040907
201506040910
201509040904
201506040905
201509040908
201509040911
201505040106
201508040104
201505040105
201505040109
201508040112
201505040107
201505040112
201505040103
201508040108
201508040110
201508040105
201508040109
201505040104
201505040102
201505040108
201505040110
201508040106
201508040102
201508040107
201508040111
201505040101
201505040111
201508040101
201508040103
201505040207
201508040211
201508040202
201508040210
201508040207
201508040201
201505040204
201505040202
201508040209
201508040203
201505040209
201505040203
201505040211
201508040204
201505040205
201505040210
201505040212
201508040205
201508040208
201508040212
201505040208
201508040206
201505040206
201505040201
201508040311
201505040311
201508040304
201508040302
201505040308
201508040312
201508040303
201508040306
201508040305
201505040303
201508040308
201505040307
201505040305
201505040310
201505040302
201508040307
201508040309
201505040309
201508040310
201505040304
201508040301
201505040301
201505040312
201505040306
201504030101
201504030106
201508040408
201504030107
201508040404
201505040408
201508040405
201505040402
201508040410
201504030103
201505040404
201504030110
201505040405
201508040406
201505040403
201504030108
201505040401
201508040407
201508040411
201508040402
201504030105
201505040412
201508040409
201508040403
201508040401
201504030102
201505040406
201505040411
201505040410
201505040407
201508040412
201505040409
201504030104
201504030112
201504030109
201504030111
201505040512
201508040501
201504030202
201505040505
201505040509
201504030207
201504030201
201508040509
201508040502
201508040508
201505040503
201505040511
201505040506
201504030204
201505040510
201508040510
201508040507
201504030209
201504030211
201508040512
201505040502
201504030203
201505040501
201508040503
201504030210
201505040507
201504030208
201505040508
201508040511
201504030206
201508040506
201504030212
201508040504
201508040505
201504030205
201505040504
201508040603
201508040604
201504030304
201505040610
201505040607
201505040608
201504030310
201505040605
201504030308
201505040603
201508040611
201508040606
201504030302
201504030306
201508040602
201508040609
201508040612
201505040606
201505040612
201508040607
201504030303
201505040601
201508040601
201504030307
201504030309
201508040605
201504030312
201505040604
201504030305
201508040610
201504030301
201505040611
201504030311
201508040608
201505040609
201505040602
201504030409
201505040702
201505040706
201508040702
201504030408
201504030403
201504030412
201505040711
201505040701
201504030406
201508040706
201508040703
201505040704
201504030407
201508040705
201504030401
201508040710
201504030404
201505040710
201504030411
201508040704
201504030405
201505040703
201505040708
201508040712
201505040709
201505040707
201505040705
201508040708
201508040707
201508040711
201508040701
201508040709
201504030402
201505040712
201504030410
201505040802
201508040811
201508040809
201508040807
201503030102
201503030111
201505040809
201503030101
201503030108
201508040812
201503030107
201503030103
201503030106
201505040803
201505040810
201503030110
201505040811
201505040808
201505040806
201508040805
201505040812
201505040807
201505040805
201503030105
201508040810
201503030104
201503030112
201505040801
201508040802
201508040803
201508040804
201508040806
201503030109
201505040804
201508040808
201508040801
201508040907
201503030205
201505040901
201508040908
201505040903
201505040906
201508040911
201505040910
201503030202
201508040903
201505040907
201505040909
201508040904
201508040910
201505040908
201505040902
201508040901
201508040912
201503030210
201508040905
201505040905
201503030208
201503030209
201503030206
201508040902
201503030204
201503030212
201505040912
201503030203
201503030211
201503030201
201505040911
201503030207
201508040909
201505040904
201508040906
201503030304
201505050108
201505050107
201505050111
201508050111
201505050112
201503030310
201505050102
201505050104
201508050102
201508050112
201505050109
201505050105
201508050105
201505050110
201503030302
201508050103
201503030308
201508050109
201508050106
201505050106
201503030306
201508050101
201503030303
201508050110
201503030311
201508050104
201503030305
201503030312
201503030301
201505050101
201505050103
201508050107
201508050108
201503030309
201503030307
201505050208
201503030401
201508050205
201508050206
201505050207
201505050201
201503030412
201508050202
201505050205
201503030405
201503030410
201503030404
201508050207
201508050209
201503030402
201503030411
201508050208
201503030407
201503030406
201505050211
201503030409
201503030403
201508050211
201505050203
201508050212
201505050209
201508050201
201505050202
201505050204
201508050203
201508050204
201505050212
201503030408
201508050210
201505050210
201505050206
201505050309
201508050305
201508050311
201503030502
201503030507
201505050304
201503030506
201503030501
201505050311
201505050310
201508050308
201505050301
201505050305
201508050310
201508050312
201505050307
201503030508
201505050306
201503030512
201503030505
201505050303
201508050302
201503030509
201508050301
201508050304
201508050309
201503030511
201505050312
201508050303
201503030503
201508050307
201505050302
201508050306
201503030504
201503030510
201505050308
201508050411
201505050404
201508050402
201503030605
201505050412
201505050403
201503030602
201508050409
201508050412
201508050406
201503030607
201505050410
201508050403
201503030609
201503030611
201503030603
201505050405
201508050407
201503030608
201508050401
201508050410
201505050409
201503030612
201503030601
201503030606
201508050405
201505050406
201505050407
201505050401
201505050408
201505050402
201508050404
201505050411
201503030604
201503030610
201508050408
201508050503
201508050502
201508050507
201508050506
201508050512
201505050503
201508050511
201505050501
201505050507
201508050508
201505050505
201505050512
201505050506
201508050504
201508050510
201505050510
201505050502
201508050501
201505050508
201505050504
201508050509
201505050511
201508050505
201505050509
201508050601
201505050604
201508050602
201508050609
201508050603
201505050601
201505050605
201505050612
201508050611
201508050612
201508050607
201508050608
201508050610
201505050606
201508050605
201508050606
201505050603
201505050609
201505050607
201505050608
201505050602
201505050610
201508050604
201505050611
201508050710
201508050704
201505050710
201505050712
201508050712
201505050702
201505050704
201505050708
201508050701
201505050705
201508050709
201505050707
201508050705
201505050703
201508050703
201508050708
201508050706
201508050702
201508050707
201505050709
201505050701
201508050711
201505050706
201505050711
201508050802
201505050807
201505050809
201505050808
201505050806
201505050810
201508050803
201508050807
201508050806
201508050810
201508050812
201505050801
201505050811
201508050804
201505050802
201505050812
201508050801
201505050804
201508050808
201508050809
201508050805
201505050805
201508050811
201505050803
201508050902
201508050910
201505050907
201505050901
201505050909
201508050901
201505050906
201508050912
201505050904
201508050907
201505050908
201508050906
201508050911
201505050911
201508050904
201508050908
201508050905
201505050910
201508050909
201505050902
201508050903
201505050905
201505050903
201506050108
201507040106
201507040112
201509050102
201509050105
201509050108
201509050104
201509050110
201507040102
201509050103
201507040111
201509050101
201506050111
201506050105
201506050104
201507040103
201507040110
201507040105
201506050106
201507040101
201509050112
201506050102
201507040109
201509050111
201509050107
201506050112
201506050109
201506050101
201507040104
201507040107
201507040108
201509050109
201506050103
201506050107
201506050110
201509050106
201506050202
201506050205
201507040211
201507040206
201507040203
201507040205
201507040204
201509050211
201507040212
201507040207
201509050205
201507040202
201506050210
201507040201
201509050203
201509050204
201507040209
201509050206
201506050201
201506050212
201506050203
201509050212
201506050206
201507040210
201509050208
201506050207
201509050209
201509050202
201506050208
201507040208
201506050211
201509050207
201509050201
201506050209
201506050204
201509050210
201507040304
201509050302
201506050305
201506050312
201507040308
201509050306
201507040309
201507040301
201506050309
201509050310
201506050308
201506050311
201507040310
201509050303
201507040306
201509050304
201507040307
201506050302
201509050312
201509050307
201509050301
201509050309
201506050301
201506050307
201507040305
201507040302
201509050311
201507040303
201506050306
201509050308
201506050303
201509050305
201507040312
201507040311
201506050310
201506050304
201507040406
201507040409
201506050406
201507040401
201506050410
201509050404
201509050402
201506050408
201509050410
201506050412
201506050411
201509050403
201507040408
201507040407
201506050403
201506050404
201509050401
201509050411
201506050409
201507040403
201506050407
201506050401
201507040410
201507040412
201507040402
201509050408
201509050409
201506050402
201507040405
201509050405
201507040404
201509050412
201507040411
201509050407
201506050405
201509050406
201506050510
201507040509
201506050508
201509050509
201507040508
201509050503
201506050512
201509050501
201509050511
201506050507
201507040505
201507040504
201506050506
201506050502
201506050503
201509050506
201506050509
201509050512
201507040512
201507040510
201506050504
201507040507
201509050507
201509050508
201507040502
201507040511
201506050501
201509050502
201507040503
201506050511
201509050510
201506050505
201507040501
201509050504
201507040506
201509050505
201506050603
201509050610
201509050607
201506050602
201507040601
201507040609
201509050608
201506050612
201509050606
201506050610
201507040610
201509050612
201507040604
201506050611
201507040607
201507040612
201507040605
201507040606
201506050609
201507040602
201506050605
201507040608
201509050605
201506050606
201509050601
201506050604
201509050604
201509050611
201506050608
201506050601
201507040611
201507040603
201506050607
201509050602
201509050609
201509050603
201509050711
201509050706
201506050703
201506050710
201509050704
201506050709
201509050709
201509050710
201506050708
201506050704
201509050705
201509050702
201506050711
201509050712
201506050707
201506050705
201509050701
201506050706
201506050712
201506050702
201509050708
201509050703
201506050701
201509050707
201506050811
201506050804
201506050802
201506050801
201509050807
201509050802
201509050809
201509050811
201509050805
201509050803
201509050810
201506050803
201506050807
201506050808
201509050804
201506050810
201506050805
201506050809
201506050806
201509050812
201509050808
201509050806
201509050801