201606010106
201608010102
201608010110
201608010106
201606010101
201608010105
201608010108
201606010105
201608010103
201606010102
201608010104
201606010103
201606010110
201606010109
201608010111
201608010107
201608010109
201606010104
201608010112
201606010107
201606010111
201606010112
201608010101
201606010108
201606010210
201606010201
201608010205
201606010207
201606010203
201606010209
201608010211
201606010204
201606010205
201606010208
201608010203
201608010210
201606010212
201608010204
201608010207
201608010201
201608010202
201606010202
201608010208
201608010206
201608010212
201606010211
201606010206
201608010209
201608010302
201606010303
201608010308
201608010303
201608010310
201608010312
201608010306
201606010310
201608010304
201606010307
201606010311
201606010309
201606010312
201606010301
201608010311
201606010306
201606010304
201608010307
201606010302
201608010309
201608010301
201606010308
201606010305
201608010305
201608010409
201608010412
201606010405
201606010401
201608010402
201608010406
201606010408
201608010410
201608010401
201606010406
201608010403
201606010412
201608010404
201606010402
201608010411
201606010409
201608010408
201606010404
201606010407
201606010410
201608010407
201608010405
201606010403
201606010411
201607010107
201606010512
201608010510
201606010509
201608010507
201608010512
201607010112
201606010506
201606010508
201607010102
201607010104
201607010110
201608010502
201608010504
201607010101
201607010105
201606010505
201606010503
201608010505
201606010510
201608010509
201606010507
201608010508
201607010108
201607010109
201608010511
201606010504
201607010106
201608010503
201606010502
201608010506
201606010501
201607010111
201606010511
201607010103
201608010501
201608010607
201608010602
201608010612
201607010203
201607010208
201607010201
201606010612
201606010604
201606010608
201606010606
201607010212
201608010609
201606010602
201608010603
201607010211
201606010601
201607010209
201608010604
201606010607
201608010611
201608010610
201606010603
201607010210
201607010207
201606010605
201606010609
201607010202
201608010601
201608010608
201607010205
201606010610
201606010611
201608010606
201608010605
201607010204
201607010206
201608010703
201608010712
201606010708
201607010308
201608010706
201607010302
201606010701
201606010706
201606010703
201607010309
201608010701
201608010709
201606010704
201606010712
201607010307
201607010305
201606010702
201606010707
201608010708
201606010709
201607010311
201608010704
201607010301
201607010312
201607010303
201608010707
201608010710
201607010310
201608010702
201606010710
201608010705
201606010711
201608010711
201607010306
201606010705
201607010304
201607010408
201608010810
201608010801
201608010802
201607010406
201607010402
201607010401
201607010407
201608010806
201606010810
201608010804
201608010809
201606010805
201606010809
201606010804
201607010404
201606010806
201606010808
201607010405
201606010812
201606010802
201608010808
201606010803
201608010812
201608010805
201606010801
201608010803
201608010807
201607010412
201607010409
201608010811
201607010403
201607010410
201607010411
201606010811
201606010807
201607010501
201608020111
201605010106
201608020110
201605010112
201608020112
201608020102
201608020109
201607010507
201605010101
201607010504
201605010104
201607010505
201608020104
201605010102
201607010511
201605010107
201608020103
201607010512
201605010105
201605010111
201607010503
201605010109
201607010509
201607010510
201608020107
201607010502
201605010110
201607010508
201608020106
201608020108
201605010108
201608020101
201605010103
201607010506
201608020105
201608020203
201607010602
201607010611
201607010609
201605010209
201608020205
201605010206
201608020202
201605010212
201607010605
201607010607
201605010202
201605010201
201605010210
201608020207
201607010610
201608020209
201605010211
201605010207
201607010603
201608020211
201608020210
201607010601
201605010203
201607010612
201608020206
201608020212
201605010204
201608020208
201605010208
201607010606
201608020201
201605010205
201608020204
201607010604
201607010608
201608020311
201605010304
201608020310
201608020306
201605010305
201608020304
201605010309
201608020302
201605010301
201608020307
201608020303
201605010302
201605010303
201605010308
201605010311
201608020301
201608020312
201608020308
201605010307
201608020309
201605010310
201605010306
201605010312
201608020305
201608020406
201608020412
201605010406
201605010410
201605010403
201608020411
201605010401
201605010408
201608020401
201608020402
201605010407
201605010411
201605010405
201608020403
201608020407
201605010412
201608020409
201608020405
201608020408
201605010409
201608020410
201605010402
201608020404
201605010404
201610010109
201608020506
201610010108
201605010501
201610010105
201605010506
201610010104
201610010106
201608020512
201605010502
201605010509
201610010103
201610010101
201608020509
201605010508
201608020508
201605010503
201610010111
201605010504
201605010507
201610010102
201608020501
201608020511
201608020502
201610010110
201605010510
201605010511
201608020507
201605010505
201610010112
201608020505
201608020510
201608020504
201610010107
201608020503
201605010512
201608020607
201605010601
201610010210
201608020605
201608020608
201610010202
201608020610
201605010604
201605010606
201610010203
201608020603
201605010602
201605010603
201608020602
201608020604
201605010608
201610010212
201610010204
201610010211
201610010207
201610010205
201608020606
201608020612
201610010209
201605010610
201605010611
201610010201
201605010612
201605010605
201610010208
201605010607
201608020609
201605010609
201610010206
201608020611
201608020601
201610010306
201608020711
201608020702
201605010708
201605010703
201605010711
201610010309
201610010308
201605010712
201605010706
201610010312
201610010307
201605010701
201608020705
201610010305
201605010702
201605010709
201605010710
201608020701
201610010301
201610010303
201610010302
201608020704
201608020706
201610010310
201610010311
201608020709
201605010705
201605010704
201608020707
201608020703
201605010707
201608020708
201608020710
201610010304
201608020712
201608020804
201608020809
201610010409
201610010401
201610010408
201605010804
201608020807
201608020810
201605010802
201610010410
201608020801
201608020808
201610010402
201605010808
201605010801
201608020812
201610010404
201605010805
201605010807
201608020805
201608020811
201608020802
201605010806
201605010810
201610010406
201610010405
201608020806
201605010809
201610010411
201610010407
201610010412
201605010811
201605010803
201605010812
201608020803
201610010403
201606020102
201606020103
201609010104
201610010501
201609010102
201610010502
201606020106
201609010111
201609010108
201610010507
201610010503
201606020104
201610010509
201606020110
201606020107
201610010504
201610010506
201609010101
201609010110
201606020108
201606020112
201609010107
201609010112
201609010109
201609010103
201609010106
201610010508
201606020111
201609010105
201610010512
201606020101
201606020105
201610010511
201610010505
201610010510
201606020109
201609010201
201609010212
201606020212
201606020204
201609010211
201606020210
201606020203
201610010607
201609010209
201609010206
201610010601
201609010203
201610010608
201610010610
201609010202
201606020207
201609010204
201610010605
201606020206
201606020209
201609010207
201610010611
201606020211
201606020205
201610010602
201606020202
201606020208
201606020201
201609010210
201609010205
201610010606
201609010208
201610010604
201610010609
201610010603
201610010612
201609010304
201606020307
201610010709
201610010705
201606020305
201606020302
201609010309
201609010307
201606020308
201610010702
201606020309
201610010706
201606020310
201609010312
201610010703
201610010704
201609010303
201609010301
201606020303
201606020301
201609010310
201606020312
201609010306
201610010712
201609010302
201610010707
201610010710
201610010708
201609010308
201609010305
201606020311
201606020306
201606020304
201610010711
201609010311
201610010701
201609010412
201606020405
201609010406
201606020410
201609010407
201610010802
201610010812
201609010401
201609010403
201609010404
201609010410
201609010411
201610010806
201609010402
201610010803
201606020411
201606020412
201606020402
201606020403
201610010804
201606020401
201610010801
201610010810
201606020406
201606020407
201609010409
201609010408
201610010807
201606020408
201610010811
201609010405
201606020404
201610010808
201610010809
201606020409
201610010805
201607020106
201609010501
201606020508
201609010504
201609010507
201607020112
201606020502
201609010509
201609010511
201609010503
201609010508
201606020503
201606020511
201606020505
201606020506
201606020507
201606020509
201609010506
201607020104
201607020110
201607020101
201606020501
201606020510
201607020109
201609010512
201606020512
201607020108
201609010505
201607020111
201607020103
201609010510
201607020107
201607020105
201609010502
201606020504
201607020102
201606020611
201607020206
201609010603
201607020204
201607020203
201609010610
201609010609
201606020608
201609010605
201609010612
201607020205
201606020601
201607020207
201607020212
201607020209
201609010601
201606020609
201607020201
201609010608
201609010602
201606020602
201609010604
201606020605
201606020603
201606020604
201606020606
201609010607
201609010611
201606020610
201606020607
201609010606
201607020202
201606020612
201607020208
201607020211
201607020210
201609010712
201607020305
201607020309
201607020310
201607020302
201607020307
201609010709
201609010702
201609010705
201607020306
201609010703
201609010707
201607020308
201607020312
201609010710
201607020311
201607020304
201609010708
201609010704
201607020303
201609010711
201609010706
201607020301
201609010701
201609010806
201609010812
201609010803
201606020706
201606020703
201606020704
201609010807
201609010804
201609010810
201606020709
201606020702
201606020710
201606020711
201609010801
201609010808
201609010805
201606020705
201609010809
201606020701
201609010811
201609010802
201606020708
201606020707
201606020712
201607020411
201607020408
201607020406
201607020401
201606020809
201607020407
201607020402
201606020811
201606020808
201606020805
201606020812
201607020410
201606020801
201606020804
201606020806
201607020412
201606020807
201607020405
201606020803
201606020810
201606020802
201607020404
201607020409
201607020403
201607020508
201607020509
201606030111
201606030107
201609020103
201609020112
201607020501
201606030104
201606030105
201606030103
201609020105
201609020104
201609020108
201609020111
201609020110
201609020107
201609020109
201606030102
201609020102
201606030106
201609020106
201607020506
201606030112
201607020512
201606030108
201606030110
201609020101
201607020504
201607020507
201607020511
201607020510
201607020503
201606030109
201607020502
201606030101
201607020505
201606030203
201607020609
201607020603
201609020211
201607020601
201609020204
201607020607
201607020612
201609020210
201609020209
201606030204
201607020610
201606030209
201607020604
201609020212
201607020611
201606030207
201606030206
201607020602
201609020208
201609020202
201609020203
201607020606
201606030211
201606030210
201609020206
201607020608
201606030205
201606030212
201607020605
201609020201
201606030202
201609020205
201606030201
201609020207
201606030208
201606030302
201606030305
201606030301
201606030308
201609020306
201606030304
201609020307
201606030312
201606030311
201609020302
201606030310
201606030303
201606030306
201609020301
201609020305
201606030309
201609020310
201606030307
201609020304
201609020309
201609020312
201609020311
201609020303
201609020308
201609020401
201609020407
201609020409
201606030401
201606030405
201609020403
201606030408
201606030410
201606030406
201606030402
201606030404
201606030403
201606030412
201609020406
201609020408
201609020402
201609020410
201606030411
201609020412
201609020404
201606030407
201609020411
201606030409
201609020405
201603010112
201603010110
201603010109
201606030502
201603010101
201606030509
201606030506
201609020502
201606030511
201609020506
201609020510
201606030512
201603010107
201606030505
201606030504
201609020504
201603010102
201603010111
201606030501
201606030507
201606030508
201609020511
201603010103
201609020503
201606030503
201606030510
201603010108
201609020505
201609020507
201603010105
201609020509
201609020508
201609020512
201603010104
201609020501
201603010106
201603010202
201609020606
201606030601
201603010201
201609020602
201609020607
201606030610
201603010203
201603010210
201603010205
201603010212
201606030608
201609020612
201606030611
201606030602
201606030607
201609020604
201609020610
201603010204
201606030612
201603010209
201606030609
201603010206
201609020603
201609020609
201609020601
201603010211
201606030604
201606030603
201609020608
201606030605
201603010207
201609020605
201606030606
201609020611
201603010208
201606030702
201609020709
201609020703
201606030706
201603010312
201603010307
201606030703
201606030709
201603010308
201609020708
201603010304
201606030701
201603010302
201606030710
201603010303
201606030705
201606030711
201603010305
201609020705
201609020704
201609020711
201606030708
201603010301
201603010306
201603010311
201606030704
201609020702
201609020712
201609020701
201609020706
201603010310
201603010309
201609020707
201606030707
201609020710
201606030712
201603010405
201603010406
201606030812
201606030804
201609020807
201609020806
201609020808
201603010412
201609020805
201603010403
201609020804
201603010409
201606030803
201609020802
201609020812
201606030809
201606030808
201606030805
201603010410
201606030802
201609020810
201609020811
201603010411
201603010402
201609020803
201606030810
201606030811
201609020801
201603010401
201609020809
201606030801
201606030807
201606030806
201603010404
201603010407
201603010408
201603010512
201608030106
201608030104
201603010505
201605020107
201608030109
201605020103
201608030101
201603010502
201608030102
201608030110
201605020109
201608030103
201605020104
201603010501
201603010507
201603010511
201608030108
201605020108
201608030105
201605020111
201605020112
201608030111
201603010504
201605020110
201608030112
201603010509
201605020105
201605020106
201603010508
201603010503
201605020101
201608030107
201605020102
201603010510
201603010506
201603010609
201608030204
201603010607
201605020207
201608030211
201608030209
201605020204
201608030201
201605020201
201603010604
201603010611
201605020202
201605020203
201608030202
201603010608
201605020206
201603010610
201603010606
201608030203
201603010603
201603010605
201605020209
201605020211
201608030208
201608030205
201605020210
201603010601
201603010602
201608030206
201605020212
201608030212
201608030210
201605020208
201608030207
201603010612
201605020205
201604010102
201604010104
201608030305
201608030310
201605020304
201604010107
201608030309
201608030302
201604010105
201608030312
201604010108
201604010103
201604010109
201608030306
201604010112
201605020308
201605020302
201605020305
201605020310
201608030301
201605020301
201608030307
201605020311
201608030311
201605020312
201608030303
201605020309
201605020307
201608030308
201604010101
201605020306
201604010111
201608030304
201604010106
201604010110
201605020303
201608030402
201608030411
201605020402
201605020411
201605020406
201604010207
201605020403
201605020405
201604010203
201604010205
201604010201
201605020410
201604010211
201605020408
201605020404
201608030406
201608030401
201604010208
201608030404
201608030410
201608030403
201604010206
201608030408
201604010210
201604010209
201605020401
201608030412
201605020407
201608030409
201604010212
201604010202
201604010204
201605020409
201608030407
201605020412
201608030405
201605020510
201605020507
201608030511
201605020508
201605020501
201608030507
201604010308
201608030503
201604010310
201608030510
201608030508
201608030506
201605020504
201608030509
201604010307
201608030505
201604010303
201608030512
201604010301
201604010302
201608030502
201605020503
201605020506
201605020502
201605020505
201604010312
201605020509
201604010311
201605020511
201608030504
201604010306
201604010305
201604010309
201604010304
201605020512
201608030501
201608030602
201604010405
201605020608
201608030607
201604010404
201608030603
201608030612
201605020607
201608030606
201604010403
201605020603
201604010402
201608030604
201608030609
201608030611
201608030605
201604010407
201608030601
201604010408
201605020601
201604010412
201604010410
201608030610
201605020612
201604010401
201605020610
201605020604
201605020605
201604010411
201608030608
201605020602
201604010406
201604010409
201605020609
201605020611
201605020606
201605020704
201605020701
201608030705
201608030702
201605020708
201604010502
201608030712
201608030710
201608030707
201605020712
201604010504
201605020703
201604010507
201605020710
201608030708
201604010511
201604010510
201608030703
201604010508
201605020702
201604010501
201604010506
201604010512
201608030704
201605020711
201604010509
201605020709
201608030706
201604010503
201608030701
201605020707
201605020705
201608030711
201608030709
201604010505
201605020706
201605020811
201608030807
201604010609
201604010607
201604010603
201608030809
201608030801
201608030802
201605020801
201608030812
201605020804
201608030803
201605020810
201608030805
201604010604
201605020806
201605020808
201608030811
201604010610
201604010611
201605020805
201604010612
201608030804
201604010602
201605020807
201604010605
201608030810
201605020803
201604010608
201608030806
201605020809
201604010606
201608030808
201604010601
201605020812
201605020802
201608030910
201604010704
201608030911
201604010705
201605020902
201604010711
201604010708
201608030906
201608030912
201605020909
201605020908
201608030905
201608030902
201604010701
201608030907
201604010712
201604010702
201605020901
201604010703
201608030903
201605020911
201605020905
201608030908
201604010709
201605020904
201605020903
201605020910
201608030904
201604010710
201604010707
201605020907
201608030909
201605020906
201605020912
201604010706
201608030901
201608031002
201604010807
201605021001
201605021006
201604010811
201605021005
201608031007
201604010809
201604010802
201604010801
201605021007
201608031005
201605021010
201604010803
201608031004
201605021003
201608031003
201605021008
201604010806
201604010808
201605021004
201604010805
201604010810
201608031001
201608031012
201605021012
201604010804
201605021002
201608031011
201608031006
201608031008
201605021011
201608031010
201605021009
201608031009
201604010812
201608031107
201605021109
201608031111
201608031105
201608031104
201605021103
201608031108
201605021105
201605021112
201608031101
201608031102
201605021106
201605021104
201605021101
201605021102
201605021107
201605021111
201608031106
201608031110
201605021110
201608031109
201608031103
201608031112
201605021108
201608031211
201608031207
201605021207
201608031205
201608031202
201608031204
201605021211
201608031209
201605021203
201608031208
201608031212
201605021212
201605021201
201608031210
201605021209
201605021210
201605021204
201608031206
201608031201
201605021202
201605021206
201605021205
201605021208
201608031203
201609030104
201605030102
201609030105
201609030110
201609030112
201609030101
201609030106
201605030111
201609030103
201609030108
201605030108
201605030103
201605030107
201605030101
201609030111
201605030106
201605030109
201605030110
201609030109
201609030107
201605030105
201609030102
201605030112
201605030104
201605030206
201609030209
201605030205
201605030212
201605030209
201605030210
201609030201
201609030211
201609030206
201605030204
201605030208
201609030210
201609030205
201605030207
201605030202
201609030202
201605030211
201609030204
201609030207
201609030203
201605030201
201605030203
201609030208
201609030212
201605030309
201605030305
201609030306
201605030312
201609030302
201609030301
201605030310
201609030312
201605030301
201605030307
201609030309
201609030304
201609030310
201609030307
201605030311
201605030302
201609030308
201609030305
201605030303
201605030306
201609030303
201605030308
201609030311
201605030304
201605030403
201605030407
201609030402
201609030405
201609030409
201605030401
201605030402
201605030408
201605030410
201605030404
201609030410
201609030412
201609030406
201605030406
201609030404
201605030412
201609030403
201609030408
201609030411
201609030407
201609030401
201605030411
201605030409
201605030405
201609030508
201602010103
201609030511
201605030510
201602010104
201605030507
201602010101
201609030510
201609030501
201602010106
201609030502
201605030508
201602010107
201605030502
201602010112
201605030504
201605030511
201605030503
201605030512
201609030507
201605030506
201602010102
201602010111
201609030504
201605030509
201605030501
201609030505
201602010110
201602010109
201609030509
201609030512
201609030506
201609030503
201602010108
201605030505
201602010105
201605030608
201609030607
201609030609
201602010212
201609030608
201609030602
201602010202
201602010205
201602010204
201602010207
201605030607
201609030605
201602010208
201609030604
201609030601
201605030611
201609030603
201602010209
201605030601
201602010206
201605030602
201605030604
201605030605
201602010203
201602010210
201602010211
201605030603
201609030612
201609030606
201609030611
201609030610
201602010201
201605030610
201605030609
201605030606
201605030612
201602010301
201609030704
201605030712
201609030711
201602010304
201602010306
201605030705
201609030705
201602010310
201609030712
201609030710
201609030707
201609030701
201609030709
201605030701
201609030708
201602010308
201602010307
201605030707
201602010303
201605030702
201602010311
201609030703
201602010305
201605030711
201605030704
201609030706
201602010302
201605030703
201602010312
201605030709
201605030708
201602010309
201609030702
201605030710
201605030706
201602010410
201605030804
201609030806
201609030807
201602010404
201609030805
201605030803
201602010411
201609030801
201605030801
201602010406
201609030808
201602010401
201609030812
201609030809
201602010407
201602010403
201602010405
201602010408
201609030804
201609030811
201609030802
201605030802
201605030809
201605030805
201602010402
201605030808
201609030810
201609030803
201605030811
201605030810
201605030806
201605030807
201602010412
201605030812
201602010409
201602010508
201603020110
201602010506
201607030108
201603020105
201602010502
201607030106
201607030107
201603020102
201603020111
201602010505
201607030103
201603020104
201603020107
201602010509
201607030112
201603020108
201607030109
201602010501
201603020101
201603020109
201602010503
201603020106
201607030105
201603020103
201607030101
201602010504
201602010511
201603020112
201602010510
201607030104
201607030110
201602010507
201607030111
201607030102
201602010512
201607030208
201602010612
201607030204
201607030202
201602010607
201603020211
201603020202
201607030203
201607030205
201602010609
201607030209
201607030210
201602010606
201603020206
201602010601
201602010608
201607030212
201607030206
201603020207
201602010604
201603020210
201603020208
201602010603
201603020203
201602010611
201602010610
201602010605
201602010602
201603020204
201603020205
201607030211
201603020201
201603020212
201607030207
201607030201
201603020209
201602020110
201607030310
201602020108
201603020302
201603020307
201603020301
201603020306
201607030303
201602020107
201602020103
201607030305
201602020109
201607030306
201603020308
201603020310
201603020304
201603020303
201602020106
201603020312
201602020104
201607030307
201602020101
201603020305
201603020309
201607030302
201607030304
201607030301
201602020112
201607030312
201602020105
201607030309
201607030311
201603020311
201602020102
201607030308
201602020111
201607030407
201603020412
201603020411
201602020203
201602020202
201607030401
201607030410
201607030406
201607030402
201607030409
201603020403
201602020206
201603020402
201603020401
201603020410
201603020407
201607030408
201602020209
201602020204
201603020408
201602020210
201603020404
201602020201
201602020207
201603020405
201602020212
201607030404
201607030403
201603020409
201602020205
201602020211
201607030411
201603020406
201602020208
201607030412
201607030405
201602020301
201603020511
201603020504
201602020307
201603020509
201602020302
201607030507
201602020312
201602020305
201602020308
201607030506
201603020502
201603020506
201602020309
201603020503
201607030508
201602020311
201607030504
201607030512
201603020512
201607030505
201603020508
201603020510
201607030501
201607030509
201607030511
201603020501
201602020303
201602020304
201603020505
201607030502
201607030503
201607030510
201603020507
201602020306
201602020310
201607030611
201603020601
201602020412
201603020603
201602020407
201603020609
201602020409
201607030606
201607030603
201602020403
201603020604
201607030602
201602020406
201602020411
201603020605
201607030610
201602020402
201603020611
201607030607
201607030604
201602020401
201602020408
201603020608
201603020610
201602020410
201602020405
201607030609
201603020606
201607030608
201607030612
201602020404
201607030605
201607030601
201603020612
201603020602
201603020607
201607030710
201602020506
201602020512
201607030708
201602020507
201602020502
201603020703
201602020504
201607030702
201607030703
201607030711
201603020712
201602020510
201603020708
201602020501
201607030701
201607030704
201607030705
201607030712
201603020705
201603020709
201603020707
201603020706
201607030707
201602020511
201602020503
201602020508
201603020710
201603020701
201603020704
201603020702
201607030709
201607030706
201603020711
201602020509
201602020505
201602020604
201602020602
201607030810
201602020603
201602020605
201602020610
201607030803
201603020805
201607030801
201603020812
201603020802
201602020612
201607030804
201602020606
201607030812
201602020609
201607030811
201607030802
201603020810
201607030805
201602020607
201603020811
201603020807
201603020801
201607030807
201603020804
201607030808
201602020601
201603020806
201603020808
201603020809
201607030806
201602020608
201607030809
201602020611
201603020803
201604020101
201610020109
201604020104
201604020108
201610020112
201604020107
201610020111
201601010112
201604020102
201610020106
201610020108
201610020107
201601010104
201610020102
201610020104
201601010108
201604020106
201604020105
201601010101
201610020110
201601010106
201601010110
201601010105
201604020111
201601010111
201610020105
201601010107
201601010109
201604020103
201604020112
201604020109
201610020101
201604020110
201610020103
201601010102
201601010103
201604020211
201610020211
201601010210
201610020208
201610020205
201610020204
201601010211
201610020207
201604020209
201604020201
201604020202
201601010206
201601010203
201601010209
201610020201
201610020203
201601010204
201610020210
201604020207
201604020210
201610020209
201604020203
201604020205
201601010208
201604020208
201601010201
201610020206
201610020202
201601010202
201604020204
201601010212
201610020212
201601010205
201601010207
201604020206
201604020212
201601010312
201610020302
201610020307
201601010311
201604020307
201604020308
201601010302
201604020302
201604020306
201601010307
201601010305
201604020311
201601010306
201610020306
201610020308
201610020312
201610020311
201601010309
201610020303
201610020304
201601010310
201610020310
201604020310
201604020303
201601010304
201604020312
201604020309
201610020301
201610020305
201610020309
201601010308
201604020304
201604020301
201601010301
201601010303
201604020305
201604020406
201601010407
201604020409
201604020401
201610020406
201604020410
201601010402
201604020408
201610020402
201604020402
201601010403
201610020408
201601010405
201601010406
201604020405
201610020411
201610020405
201610020403
201604020412
201604020407
201610020404
201604020403
201601010404
201604020404
201610020407
201601010411
201610020410
201601010410
201601010409
201610020401
201604020411
201601010412
201601010408
201601010401
201610020412
201610020409
201610020509
201604020501
201604020502
201604020507
201610020511
201610020506
201601010511
201604020504
201601010502
201610020505
201604020506
201610020501
201601010510
201610020508
201601010505
201604020508
201604020510
201601010512
201604020505
201604020511
201610020510
201601010504
201604020503
201601010507
201610020507
201601010501
201610020512
201604020512
201610020504
201601010508
201610020503
201610020502
201601010509
201601010506
201601010503
201604020509
201610020607
201601010607
201610020602
201604020606
201610020610
201604020607
201610020611
201610020612
201604020602
201610020608
201601010610
201610020606
201601010606
201610020603
201601010611
201610020605
201604020609
201604020612
201604020605
201610020601
201601010603
201610020604
201601010602
201604020603
201604020611
201601010605
201604020601
201604020610
201601010609
201604020608
201601010608
201604020604
201601010601
201601010612
201610020609
201601010604
201604020702
201601020107
201610020705
201610020710
201604020711
201610020711
201604020707
201604020705
201604020708
201604020710
201610020709
201610020703
201601020105
201604020704
201601020106
201604020712
201610020702
201610020712
201601020102
201601020108
201610020708
201604020701
201604020703
201601020104
201604020709
201610020701
201601020111
201601020110
201610020704
201601020109
201601020101
201610020707
201601020112
201610020706
201604020706
201601020103
201604020811
201604020806
201604020801
201604020807
201601020207
201601020203
201610020802
201601020210
201604020804
201610020804
201601020211
201604020810
201604020808
201601020212
201604020803
201601020206
201604020809
201610020806
201610020811
201601020208
201610020808
201601020202
201610020803
201604020812
201610020810
201610020809
201601020209
201601020204
201604020802
201610020807
201610020801
201601020205
201604020805
201601020201
201610020812
201610020805
201601020302
201610020901
201610020904
201604020909
201601020303
201601020307
201601020310
201604020901
201601020305
201601020311
201604020910
201601020304
201604020903
201610020903
201604020905
201610020905
201604020912
201601020306
201610020906
201610020908
201610020910
201610020912
201604020908
201604020904
201610020907
201601020312
201604020911
201601020308
201601020309
201604020907
201610020902
201604020902
201601020301
201610020909
201604020906
201610020911
201604021005
201604021012
201610021006
201601020405
201610021008
201604021001
201604021007
201601020406
201610021012
201604021002
201610021005
201610021002
201610021009
201610021007
201601020412
201604021011
201601020403
201601020411
201610021001
201601020402
201601020410
201604021004
201601020409
201601020408
201610021011
201604021003
201610021010
201601020404
201601020407
201604021006
201610021004
201604021010
201604021009
201601020401
201610021003
201604021008
201604021101
201601020505
201610021101
201610021105
201604021106
201604021109
201601020501
201601020502
201601020510
201604021107
201604021110
201604021111
201601020508
201604021102
201604021105
201610021107
201604021108
201610021112
201604021112
201610021102
201610021110
201604021104
201610021108
201601020511
201601020503
201610021109
201601020507
201610021103
201601020504
201601020506
201601020512
201610021104
201610021106
201610021111
201604021103
201601020509
201604021205
201610021208
201601020611
201601020604
201601020602
201601020603
201601020608
201604021209
201604021206
201610021207
201610021204
201610021210
201610021201
201601020610
201601020605
201601020609
201604021210
201604021208
201610021205
201610021212
201604021211
201604021201
201610021211
201604021203
201604021202
201601020606
201601020607
201604021212
201610021202
201610021206
201601020601
201610021209
201601020612
201604021207
201604021204
201610021203
201609040112
201606040112
201609040101
201609040111
201606040104
201606040108
201606040103
201609040108
201606040102
201609040103
201609040102
201606040107
201606040101
201609040107
201609040104
201609040110
201606040105
201606040106
201609040109
201606040109
201606040110
201609040105
201609040106
201606040111
201609040203
201606040202
201609040204
201609040209
201609040205
201606040212
201609040212
201606040205
201609040211
201606040209
201606040211
201606040208
201606040206
201609040208
201609040206
201606040210
201606040201
201609040202
201606040204
201606040207
201609040201
201609040207
201606040203
201609040210
201606040301
201609040305
201609040310
201606040306
201606040311
201609040302
201606040302
201606040308
201606040309
201606040304
201606040307
201609040304
201609040309
201609040306
201606040303
201606040305
201609040311
201609040308
201606040312
201609040307
201609040301
201609040312
201606040310
201609040303
201609040403
201606040404
201609040407
201609040410
201606040403
201609040406
201606040409
201609040405
201606040408
201609040401
201606040401
201606040411
201609040408
201606040407
201606040402
201606040412
201606040406
201609040409
201609040402
201606040410
201606040405
201609040412
201609040411
201609040404
201606040503
201606040504
201609040504
201609040506
201609040505
201609040509
201606040512
201609040502
201609040512
201606040511
201606040510
201609040501
201609040511
201609040503
201606040502
201609040510
201609040508
201606040506
201606040501
201606040505
201606040507
201609040507
201606040509
201606040508
201609040606
201606040612
201609040607
201609040611
201609040609
201606040609
201606040605
201606040602
201609040603
201606040606
201606040608
201609040612
201606040607
201606040611
201606040601
201606040603
201606040604
201609040608
201606040610
201609040601
201609040605
201609040604
201609040602
201609040610
201606040704
201606040705
201609040703
201609040710
201606040708
201609040708
201606040703
201609040702
201609040704
201606040709
201606040702
201609040712
201609040705
201609040709
201606040706
201606040707
201609040711
201609040706
201609040707
201606040711
201606040712
201606040710
201609040701
201606040701
201609040812
201606040810
201606040805
201606040803
201609040811
201609040807
201609040805
201606040804
201609040801
201609040802
201606040811
201609040806
201606040808
201606040812
201609040810
201609040808
201606040807
201606040806
201606040809
201606040802
201609040809
201606040801
201609040803
201609040804
201605040110
201605040101
201605040112
201608040102
201605040105
201605040103
201608040112
201608040106
201608040110
201605040106
201608040104
201605040109
201608040101
201608040107
201605040108
201608040103
201605040111
201605040104
201608040105
201605040102
201608040108
201608040111
201605040107
201608040109
201605040203
201605040208
201608040212
201608040211
201605040201
201605040212
201608040201
201608040206
201605040204
201608040202
201608040204
201605040205
201608040208
201608040203
201605040207
201608040209
201605040209
201605040206
201605040211
201608040210
201605040210
201605040202
201608040207
201608040205
201608040310
201605040303
201605040302
201605040307
201605040309
201608040302
201605040301
201608040305
201608040306
201605040305
201605040308
201605040306
201605040311
201608040309
201608040308
201605040312
201605040304
201608040311
201608040307
201608040312
201605040310
201608040304
201608040303
201608040301
201605040406
201604030104
201604030102
201608040408
201608040401
201605040411
201604030112
201608040402
201605040405
201608040407
201605040402
201605040404
201608040406
201604030107
201605040401
201605040412
201605040408
201605040407
201608040412
201608040409
201605040409
201605040403
201605040410
201604030109
201604030101
201604030105
201604030103
201608040404
201604030106
201608040410
201608040405
201608040411
201604030108
201604030111
201608040403
201604030110
201605040503
201604030203
201605040502
201604030205
201605040505
201605040504
201608040505
201605040507
201604030207
201605040508
201608040508
201608040506
201604030201
201608040509
201608040501
201604030211
201608040507
201608040510
201605040510
201608040512
201608040503
201604030210
201605040509
201604030209
201604030212
201605040512
201608040502
201604030204
201608040504
201605040506
201604030202
201604030208
201608040511
201605040511
201604030206
201605040501
201608040611
201605040611
201608040602
201605040609
201608040612
201604030302
201604030303
201608040604
201605040604
201608040603
201605040602
201608040606
201604030311
201604030312
201604030306
201608040607
201605040612
201604030308
201608040601
201605040603
201608040608
201605040610
201604030301
201604030307
201608040610
201604030304
201605040606
201605040607
201608040605
201605040608
201604030305
201604030309
201605040605
201605040601
201604030310
201608040609
201608040703
201605040705
201604030404
201604030405
201604030409
201605040708
201604030411
201608040709
201608040706
201605040704
201605040701
201605040710
201608040702
201604030412
201605040707
201604030406
201608040712
201608040711
201605040703
201604030403
201604030407
201604030401
201605040709
201608040704
201605040711
201608040708
201604030410
201605040706
201605040712
201608040707
201604030408
201608040701
201608040710
201608040705
201604030402
201605040702
201604030504
201604030506
201604030510
201605040808
201605040810
201605040803
201605040807
201608040808
201608040809
201605040802
201604030501
201605040809
201608040801
201608040812
201605040806
201608040803
201604030503
201608040807
201605040801
201605040805
201604030507
201604030511
201604030505
201608040804
201608040810
201608040806
201608040802
201608040805
201605040811
201604030512
201604030502
201605040804
201604030508
201605040812
201608040811
201604030509
201608040908
201605040907
201604030607
201605040905
201608040902
201605040906
201604030602
201605040903
201604030606
201604030601
201605040904
201604030605
201605040911
201604030612
201605040901
201608040904
201608040912
201608040901
201608040911
201604030604
201604030609
201604030608
201605040910
201605040912
201608040907
201605040908
201608040903
201608040909
201608040905
201605040902
201604030611
201605040909
201608040910
201604030603
201608040906
201604030610
201608050111
201605050106
201603030108
201603030107
201605050102
201603030103
201603030102
201603030111
201605050103
201603030101
201608050107
201608050109
201608050105
201605050105
201603030110
201603030104
201605050110
201605050112
201603030105
201605050101
201605050107
201608050104
201608050102
201608050101
201608050108
201603030112
201608050103
201608050106
201605050104
201605050111
201603030109
201608050110
201605050109
201603030106
201605050108
201608050112
201605050206
201608050202
201603030212
201603030205
201605050212
201605050208
201605050205
201608050208
201608050209
201608050205
201603030202
201605050202
201603030203
201603030211
201605050210
201603030209
201603030206
201605050203
201608050212
201603030204
201605050204
201605050209
201608050204
201603030207
201608050201
201605050207
201605050201
201608050210
201603030208
201608050206
201608050203
201603030201
201605050211
201608050211
201603030210
201608050207
201603030302
201603030308
201605050303
201603030306
201608050308
201605050310
201605050312
201608050311
201608050312
201605050307
201603030312
201608050303
201608050301
201603030301
201603030309
201605050302
201608050304
201603030311
201605050304
201605050301
201608050305
201603030303
201603030307
201603030305
201608050310
201608050306
201603030304
201608050307
201605050311
201608050302
201605050309
201603030310
201605050308
201605050305
201605050306
201608050309
201605050412
201605050411
201605050405
201603030407
201603030408
201608050410
201608050407
201605050406
201603030410
201605050403
201603030412
201608050412
201608050405
201608050409
201605050404
201605050410
201608050403
201603030401
201608050402
201605050401
201603030404
201608050406
201603030405
201603030409
201603030406
201608050408
201605050409
201608050404
201605050408
201605050402
201605050407
201603030403
201603030402
201603030411
201608050411
201608050401
201603030504
201608050509
201608050506
201603030511
201605050508
201603030509
201605050501
201603030510
201608050504
201603030512
201605050503
201603030503
201605050510
201608050508
201603030507
201608050510
201603030506
201608050501
201605050505
201608050502
201608050512
201608050511
201603030508
201605050509
201603030505
201608050505
201605050504
201603030501
201605050506
201605050507
201603030502
201608050507
201608050503
201605050512
201605050502
201605050511
201608050605
201605050607
201605050610
201608050607
201605050602
201603030611
201608050608
201608050603
201605050601
201603030606
201608050611
201603030612
201605050608
201605050609
201603030609
201608050610
201603030607
201603030604
201603030608
201608050601
201603030610
201605050612
201605050611
201603030603
201608050604
201605050606
201608050612
201608050602
201603030605
201605050603
201605050604
201605050605
201608050609
201608050606
201603030602
201603030601
201605050705
201608050709
201608050701
201608050702
201605050709
201605050707
201608050707
201608050712
201608050703
201605050703
201608050710
201608050705
201605050712
201605050704
201605050706
201605050701
201605050708
201608050704
201605050702
201608050706
201608050711
201605050710
201605050711
201608050708
201605050803
201605050801
201605050811
201608050809
201608050805
201605050809
201605050804
201608050811
201605050808
201608050810
201605050806
201605050805
201608050804
201605050802
201608050808
201608050807
201605050807
201608050801
201608050803
201608050812
201605050810
201608050806
201608050802
201606050102
201607040107
201607040104
201609050105
201609050109
201609050104
201607040101
201606050109
201606050101
201607040109
201609050107
201607040108
201609050110
201609050112
201606050105
201607040110
201609050101
201606050111
201609050106
201609050111
201606050107
201607040105
201609050108
201607040103
201609050102
201607040106
201606050103
201606050106
201607040112
201606050104
201606050112
201606050108
201606050110
201607040102
201609050103
201607040111
201606050205
201606050203
201607040212
201609050205
201607040203
201606050207
201609050203
201606050208
201609050202
201609050208
201607040204
201609050206
201606050212
201606050206
201606050204
201607040208
201606050202
201606050201
201607040201
201609050211
201607040211
201607040209
201609050210
201609050209
201607040202
201609050212
201607040205
201609050201
201607040210
201606050210
201607040207
201607040206
201609050207
201606050211
201606050209
201609050204
201607040302
201609050305
201606050302
201607040312
201607040305
201607040309
201607040306
201606050303
201609050309
201606050308
201606050309
201606050311
201606050301
201607040310
201609050304
201609050301
201607040311
201607040307
201606050307
201609050308
201607040301
201607040303
201609050311
201606050306
201609050306
201609050302
201609050307
201607040308
201609050310
201606050305
201609050303
201606050304
201606050312
201606050310
201609050312
201607040304
201609050405
201607040407
201607040405
201609050403
201606050410
201607040408
201609050409
201607040411
201609050411
201609050404
201606050407
201606050408
201607040412
201609050410
201606050404
201609050402
201606050409
201606050412
201609050407
201606050405
201609050401
201607040403
201607040406
201609050406
201607040401
201607040404
201609050412
201607040409
201606050401
201606050406
201607040402
201606050402
201607040410
201606050403
201609050408
201606050411
201609050512
201609050505
201607040509
201609050509
201607040512
201609050501
201609050508
201609050510
201607040511
201607040502
201607040510
201609050502
201607040508
201609050511
201607040503
201607040507
201607040505
201607040501
201606050504
201606050505
201606050506
201606050509
201609050507
201606050508
201606050511
201609050504
201609050503
201606050502
201609050506
201606050501
201607040506
201607040504
201606050507
201606050510
201606050512
201606050503
201606050605
201607040609
201609050608
201609050601
201607040603
201606050606
201607040602
201607040610
201606050601
201607040606
201606050607
201607040608
201609050602
201606050608
201607040604
201609050610
201607040611
201609050605
201609050611
201606050609
201607040605
201606050604
201609050603
201609050604
201606050610
201606050611
201609050607
201606050602
201606050612
201607040607
201607040612
201609050609
201607040601
201609050606
201606050603
201609050612
201609050708
201606050705
201609050707
201606050712
201606050704
201609050706
201609050709
201606050703
201609050701
201609050702
201609050711
201606050710
201606050707
201609050710
201609050712
201606050711
201606050701
201606050709
201609050704
201606050702
201606050706
201609050703
201606050708
201609050705
201609050809
201609050807
201609050801
201606050812
201609050806
201606050804
201609050808
201606050801
201609050802
201609050812
201609050805
201606050806
201606050807
201606050808
201609050810
201606050803
201609050803
201606050811
201606050802
201606050809
201609050804
201606050805
201606050810
201609050811
201606050901
201606050909
201609050901
201609050902
201606050902
201606050904
201606050906
201606050907
201609050906
201606050910
201609050909
201609050904
201606050908
201606050903
201609050908
201609050910
201609050912
201609050903
201609050911
201606050911
201606050905
201609050905
201609050907