201708010110
201708010105
201708010102
201708010112
201706010109
201706010110
201706010105
201708010106
201706010112
201708010104
201708010101
201708010107
201706010108
201708010103
201706010106
201706010104
201706010101
201708010111
201706010102
201706010103
201708010108
201708010109
201706010111
201706010107
201706010206
201706010201
201706010207
201706010208
201708010210
201706010203
201708010203
201708010205
201706010204
201708010208
201708010212
201708010209
201706010202
201706010210
201708010206
201708010207
201706010212
201706010205
201706010211
201708010204
201708010202
201706010209
201708010211
201708010201
201708010304
201706010308
201708010310
201706010305
201708010303
201708010312
201708010302
201706010307
201706010311
201706010303
201708010307
201706010302
201708010308
201706010306
201708010306
201706010301
201706010312
201708010301
201708010311
201706010304
201708010309
201706010310
201708010305
201706010309
201708010402
201706010406
201706010403
201708010406
201707010105
201706010401
201707010109
201706010411
201708010411
201708010403
201706010405
201707010102
201706010408
201706010409
201707010103
201706010407
201708010405
201708010409
201706010402
201706010412
201707010104
201707010101
201706010404
201707010112
201708010407
201707010106
201707010107
201707010108
201708010408
201708010410
201708010412
201708010401
201708010404
201706010410
201707010111
201707010110
201706010503
201706010505
201706010510
201706010509
201706010511
201706010506
201706010512
201706010504
201706010501
201706010502
201706010508
201706010507
201707010203
201707010208
201707010204
201707010201
201707010205
201707010211
201707010212
201707010210
201707010202
201707010207
201707010209
201707010206
201708010507
201708010509
201708010511
201708010502
201708010505
201708010510
201708010503
201708010501
201708010508
201708010506
201708010512
201708010504
201706010607
201707010308
201707010301
201708010606
201708010601
201708010604
201706010606
201706010609
201706010602
201707010306
201706010603
201708010609
201708010603
201708010612
201707010302
201707010303
201706010601
201707010305
201706010608
201706010610
201706010612
201707010311
201708010610
201706010604
201707010310
201706010611
201708010602
201708010608
201706010605
201707010312
201708010611
201707010304
201708010605
201707010309
201708010607
201707010307
201708010704
201707010406
201707010401
201706010704
201708010711
201708010706
201707010409
201706010701
201708010702
201708010708
201706010707
201708010710
201708010705
201706010703
201706010705
201707010407
201707010411
201707010402
201706010710
201708010701
201707010403
201707010410
201707010412
201708010703
201707010408
201706010702
201706010708
201707010404
201708010707
201708010709
201706010711
201706010706
201707010405
201706010712
201706010709
201708010712
201705010105
201705010111
201708020111
201707010507
201708020112
201705010109
201705010104
201708020102
201708020106
201705010108
201708020104
201708020109
201705010102
201707010509
201707010512
201708020107
201707010510
201707010505
201707010506
201707010508
201705010106
201708020108
201707010504
201708020105
201705010101
201708020101
201705010110
201707010501
201707010503
201705010103
201708020110
201708020103
201707010502
201705010107
201705010112
201707010511
201708020202
201708020201
201707010607
201707010608
201707010604
201705010210
201708020205
201707010606
201705010212
201708020208
201708020207
201708020211
201705010203
201705010207
201705010204
201708020203
201705010209
201707010601
201705010206
201705010205
201707010602
201705010208
201708020212
201705010201
201707010610
201707010605
201705010202
201708020206
201705010211
201708020204
201708020210
201708020209
201707010603
201707010611
201707010612
201707010609
201708020310
201705010302
201705010310
201708020309
201708020304
201708020301
201708020312
201705010307
201705010301
201708020302
201705010304
201705010305
201708020303
201708020308
201705010311
201705010303
201705010309
201705010312
201708020311
201705010308
201708020305
201708020306
201705010306
201708020307
201705010403
201708020401
201708020406
201708020410
201708020412
201705010405
201705010401
201708020411
201708020402
201708020404
201705010404
201705010406
201708020403
201705010402
201705010408
201705010409
201705010412
201705010410
201705010411
201705010407
201708020407
201708020405
201708020409
201708020408
201708020511
201705010510
201708020501
201705010502
201705010512
201705010501
201705010506
201705010505
201705010508
201708020506
201705010511
201708020510
201708020512
201708020507
201708020508
201708020503
201705010509
201705010503
201708020509
201708020504
201708020502
201705010507
201705010504
201708020505
201708020612
201710010201
201705010609
201708020606
201710010205
201705010611
201708020607
201708020610
201705010607
201710010209
201708020603
201710010208
201708020604
201708020611
201705010610
201705010608
201705010612
201710010211
201708020601
201710010204
201705010605
201708020609
201708020608
201705010602
201705010606
201710010202
201705010604
201710010212
201708020605
201705010603
201708020602
201710010210
201705010601
201710010207
201710010206
201710010203
201710010101
201710010104
201710010103
201710010110
201710010105
201710010106
201710010108
201710010111
201710010112
201710010102
201710010107
201710010109
201705010706
201705010701
201708020703
201705010709
201710010306
201705010710
201705010703
201705010704
201710010308
201708020702
201710010310
201705010702
201710010312
201705010705
201708020709
201708020712
201710010304
201708020706
201708020711
201710010307
201710010309
201710010311
201708020704
201708020707
201705010711
201708020710
201710010303
201708020701
201708020705
201710010301
201710010302
201708020708
201705010708
201705010707
201710010305
201705010712
201705010808
201708020803
201705010809
201710010404
201710010406
201705010805
201708020807
201710010401
201705010801
201708020806
201708020812
201710010408
201705010810
201710010410
201710010411
201705010811
201708020810
201708020802
201710010409
201705010806
201708020808
201710010405
201705010803
201708020804
201705010802
201710010412
201708020805
201708020811
201710010407
201710010403
201705010804
201708020801
201708020809
201705010812
201710010402
201705010807
201709010109
201709010101
201706020112
201706020107
201709010112
201706020108
201706020103
201710010503
201706020109
201709010107
201710010511
201709010102
201710010509
201710010505
201710010507
201706020101
201706020110
201709010104
201710010506
201710010501
201709010110
201709010106
201710010504
201710010512
201709010103
201706020106
201709010105
201710010510
201706020105
201706020111
201710010508
201706020102
201710010502
201706020104
201709010111
201709010108
201709010202
201709010212
201710010601
201706020204
201710010611
201706020211
201710010607
201706020201
201709010207
201706020212
201709010210
201710010608
201709010203
201709010209
201709010206
201706020203
201710010606
201710010603
201706020208
201710010605
201709010208
201709010211
201706020205
201710010602
201706020209
201709010205
201710010612
201710010610
201706020206
201709010201
201706020207
201710010609
201710010604
201709010204
201706020210
201706020202
201706020301
201706020302
201709010304
201709010311
201710010702
201709010305
201709010312
201706020304
201709010303
201709010308
201710010708
201710010709
201709010309
201710010707
201710010711
201706020310
201706020312
201706020305
201710010705
201709010310
201709010306
201706020306
201706020309
201709010301
201710010701
201709010307
201706020311
201710010703
201710010710
201710010704
201709010302
201706020308
201706020303
201710010712
201710010706
201706020307
201706020404
201706020410
201709010404
201709010408
201710010802
201706020409
201706020406
201710010806
201706020402
201709010412
201710010801
201709010406
201710010803
201709010402
201710010812
201709010401
201706020407
201709010411
201709010405
201710010809
201709010407
201710010805
201709010409
201710010804
201710010811
201706020412
201710010808
201709010403
201706020401
201706020411
201709010410
201710010810
201710010807
201706020408
201706020403
201706020405
201707020103
201706020502
201706020512
201706020510
201707020110
201706020505
201707020112
201706020503
201709010501
201709010507
201707020108
201709010506
201707020106
201709010509
201709010503
201709010505
201707020104
201706020504
201709010512
201706020509
201706020508
201706020507
201706020506
201707020109
201709010511
201707020101
201709010502
201706020501
201706020511
201707020107
201709010510
201709010508
201707020105
201707020102
201707020111
201709010504
201707020209
201707020204
201709010607
201707020212
201707020210
201709010603
201707020208
201706020602
201706020608
201706020607
201707020203
201706020609
201706020611
201709010602
201707020207
201707020211
201706020606
201707020205
201709010611
201707020202
201706020605
201709010605
201706020601
201706020604
201709010612
201709010608
201707020206
201707020201
201706020603
201709010604
201709010610
201706020612
201709010609
201706020610
201709010606
201709010601
201709010712
201707020310
201709010709
201709010705
201709010701
201709010707
201709010710
201709010711
201707020302
201709010704
201707020304
201707020308
201707020306
201707020307
201707020305
201709010703
201707020303
201707020301
201707020311
201709010706
201709010708
201707020309
201709010702
201707020312
201709010810
201706020711
201709010807
201709010812
201709010811
201706020707
201709010806
201706020708
201706020702
201706020705
201709010804
201709010802
201709010809
201709010801
201706020704
201709010808
201706020706
201706020712
201706020710
201706020709
201709010805
201709010803
201706020703
201706020701
201706020812
201707020409
201707020412
201706020801
201706020806
201707020401
201707020403
201707020410
201706020803
201706020808
201707020402
201706020811
201707020407
201706020804
201707020404
201707020408
201707020406
201706020810
201706020809
201706020807
201707020411
201706020802
201707020405
201706020805
201709020101
201707020504
201709020108
201707020501
201709020103
201707020512
201706030101
201709020105
201706030103
201709020107
201709020112
201707020510
201706030112
201707020502
201706030102
201707020507
201706030106
201706030105
201706030110
201707020509
201706030107
201706030109
201707020505
201706030104
201706030108
201709020110
201707020506
201709020109
201709020102
201709020111
201709020104
201707020508
201707020503
201707020511
201709020106
201706030111
201709020206
201706030205
201709020208
201709020211
201706030209
201709020201
201709020210
201707020610
201707020608
201709020212
201706030208
201707020604
201709020209
201709020202
201707020607
201706030202
201707020611
201706030206
201709020204
201706030203
201709020205
201709020203
201706030201
201707020609
201709020207
201707020606
201706030207
201706030210
201707020601
201707020603
201707020605
201706030204
201706030211
201707020602
201707020612
201706030212
201709020306
201709020310
201709020312
201706030312
201709020302
201706030308
201709020307
201706030304
201706030302
201709020303
201706030307
201709020308
201709020309
201706030301
201706030310
201709020304
201709020311
201706030309
201709020301
201706030305
201706030306
201709020305
201706030311
201706030303
201709020408
201706030411
201709020412
201709020401
201706030407
201709020406
201706030409
201709020410
201709020409
201706030402
201706030403
201709020403
201706030404
201706030412
201706030406
201709020404
201706030401
201706030410
201709020402
201709020405
201706030408
201709020407
201706030405
201709020411
201709020508
201706030510
201709020504
201709020512
201706030502
201709020511
201703010110
201709020505
201703010112
201703010104
201709020510
201703010106
201706030507
201706030511
201703010103
201709020502
201703010109
201706030505
201706030504
201703010108
201703010105
201703010101
201703010111
201706030506
201706030509
201709020501
201706030503
201709020506
201706030508
201709020503
201709020509
201709020507
201706030512
201703010102
201706030501
201703010107
201709020605
201706030608
201703010209
201709020610
201709020606
201706030603
201709020612
201703010211
201709020604
201703010205
201706030610
201709020608
201706030609
201706030601
201703010208
201703010201
201703010203
201706030605
201706030611
201703010204
201703010212
201706030612
201709020607
201709020609
201709020603
201706030602
201703010210
201703010207
201703010202
201703010206
201706030604
201706030606
201706030607
201709020611
201709020602
201709020601
201703010306
201709020709
201706030704
201706030703
201709020707
201703010310
201709020702
201706030702
201706030712
201709020705
201709020704
201709020710
201703010304
201703010302
201703010301
201709020703
201706030705
201706030711
201703010305
201709020708
201706030708
201703010307
201703010308
201703010303
201703010312
201706030710
201706030706
201706030707
201709020712
201703010309
201709020701
201709020706
201709020711
201703010311
201706030701
201706030709
201709020807
201709020801
201709020802
201703010405
201706030802
201709020804
201703010404
201703010409
201706030804
201706030812
201703010407
201709020810
201706030809
201706030805
201703010411
201703010403
201709020803
201709020809
201706030801
201706030803
201709020808
201706030807
201706030806
201709020805
201709020811
201709020812
201703010406
201706030811
201706030808
201703010402
201709020806
201703010410
201703010408
201703010412
201706030810
201703010401
201703010510
201708030107
201703010508
201705020106
201703010501
201708030104
201703010507
201703010506
201705020108
201705020101
201703010503
201708030105
201705020109
201705020111
201708030108
201705020105
201703010511
201705020107
201708030112
201703010509
201705020112
201708030102
201703010505
201705020103
201708030106
201708030101
201705020102
201703010502
201703010504
201705020110
201708030103
201708030111
201708030109
201708030110
201703010512
201705020104
201703010601
201703010609
201705020210
201705020209
201708030202
201703010608
201705020202
201708030210
201708030207
201708030203
201703010605
201708030206
201705020205
201705020203
201703010604
201708030212
201705020206
201703010603
201703010602
201708030211
201705020212
201708030208
201705020201
201705020204
201708030201
201708030205
201703010606
201703010607
201705020208
201703010611
201705020207
201705020211
201703010610
201703010612
201708030209
201708030204
201705020308
201704010102
201705020305
201705020309
201705020311
201704010101
201705020304
201704010103
201705020301
201708030309
201708030303
201708030311
201704010110
201704010106
201704010108
201704010107
201705020312
201708030302
201705020310
201704010112
201708030304
201708030310
201705020307
201708030306
201708030307
201704010105
201708030301
201708030308
201704010111
201704010109
201705020303
201708030312
201705020306
201705020302
201704010104
201708030305
201704010210
201705020406
201708030410
201708030408
201708030402
201705020402
201705020409
201708030403
201704010203
201708030405
201705020403
201704010206
201704010209
201705020405
201705020412
201705020411
201704010212
201705020407
201708030404
201704010207
201704010211
201705020410
201705020408
201708030412
201708030411
201704010204
201708030407
201705020404
201704010202
201704010205
201704010208
201708030401
201705020401
201704010201
201708030409
201708030406
201704010302
201708030511
201705020502
201704010303
201704010309
201705020512
201704010312
201705020508
201704010308
201705020501
201704010304
201708030510
201708030512
201704010307
201704010306
201705020505
201704010310
201704010305
201708030506
201708030508
201705020509
201704010301
201708030503
201705020506
201705020507
201705020504
201708030502
201708030509
201705020511
201704010311
201705020503
201708030501
201705020510
201708030507
201708030504
201708030505
201708030603
201705020604
201705020603
201704010411
201704010410
201704010412
201708030607
201708030602
201705020611
201705020601
201705020608
201704010408
201708030609
201705020610
201705020605
201704010401
201704010405
201708030610
201708030612
201705020606
201705020609
201708030604
201704010404
201705020612
201704010409
201704010402
201708030605
201708030608
201708030611
201708030601
201704010406
201704010407
201704010403
201705020602
201705020607
201708030606
201704010506
201704010507
201704010505
201705020703
201704010501
201708030703
201704010502
201704010512
201705020704
201704010509
201708030712
201704010510
201708030708
201705020708
201705020711
201704010511
201704010504
201704010503
201708030711
201705020705
201708030707
201708030704
201705020702
201708030709
201705020701
201704010508
201708030705
201708030706
201708030702
201708030710
201705020707
201705020710
201705020709
201705020706
201705020712
201708030701
201705020805
201708030807
201704010609
201704010603
201704010601
201704010602
201708030802
201705020810
201708030803
201705020801
201705020807
201704010612
201705020803
201704010606
201705020806
201708030809
201704010604
201705020808
201705020811
201708030805
201704010605
201708030810
201704010608
201708030808
201705020802
201708030811
201705020812
201704010607
201704010611
201708030804
201704010610
201708030806
201705020804
201708030801
201705020809
201708030812
201708030908
201704010710
201705020908
201708030904
201708030911
201705020906
201705020905
201705020912
201705020911
201704010706
201708030903
201704010705
201704010701
201708030909
201704010708
201705020909
201708030910
201704010702
201704010711
201705020910
201708030905
201705020904
201704010704
201705020903
201708030902
201708030912
201704010707
201705020907
201708030907
201704010712
201705020901
201704010709
201708030906
201708030901
201704010703
201705020902
201704010811
201708031007
201705021010
201705021001
201705021002
201705021003
201708031010
201705021006
201708031002
201705021007
201704010808
201708031012
201704010802
201705021011
201708031003
201704010805
201704010807
201704010810
201704010801
201708031008
201704010806
201705021005
201705021008
201708031011
201708031001
201704010803
201704010812
201705021004
201704010809
201708031005
201708031004
201705021012
201708031006
201705021009
201704010804
201708031009
201705021107
201705021108
201708031102
201708031110
201705021111
201708031101
201708031108
201708031111
201708031109
201705021110
201708031105
201708031112
201705021103
201708031106
201708031107
201708031104
201705021105
201705021104
201705021106
201705021101
201705021109
201705021112
201708031103
201705021102
201708031211
201705021207
201708031205
201705021208
201708031204
201705021204
201708031209
201708031212
201708031210
201708031203
201708031208
201705021212
201705021211
201705021205
201705021210
201705021203
201705021201
201708031207
201705021206
201708031201
201705021202
201708031202
201705021209
201708031206
201705030108
201705030104
201705030111
201705030107
201709030104
201709030110
201705030110
201709030103
201705030109
201709030108
201709030107
201709030111
201709030112
201705030103
201705030106
201709030109
201705030105
201709030105
201705030112
201705030102
201705030101
201709030101
201709030102
201709030106
201709030212
201709030202
201709030205
201709030208
201705030209
201705030206
201709030210
201709030204
201709030206
201705030207
201705030205
201705030203
201709030201
201705030202
201705030212
201705030201
201705030204
201709030209
201709030203
201709030207
201709030211
201705030208
201705030211
201705030210
201705030310
201709030309
201705030301
201709030305
201709030312
201709030304
201705030305
201705030309
201709030301
201705030304
201709030306
201709030307
201705030306
201705030311
201709030311
201709030303
201705030307
201709030302
201705030308
201705030303
201709030310
201709030308
201705030312
201705030302
201705030405
201709030407
201705030404
201709030410
201709030409
201709030403
201709030404
201705030411
201705030403
201705030412
201705030401
201709030406
201709030401
201705030408
201705030407
201705030406
201705030402
201705030410
201709030411
201709030412
201709030405
201709030408
201705030409
201709030402
201709030512
201702010104
201705030504
201702010112
201709030501
201705030509
201709030510
201705030502
201709030507
201702010101
201705030507
201705030510
201702010109
201702010107
201702010110
201705030505
201709030504
201702010108
201709030505
201709030508
201709030503
201702010105
201709030511
201709030506
201705030503
201702010111
201709030502
201705030508
201709030509
201702010106
201702010103
201705030506
201702010102
201705030511
201705030501
201705030512
201702010208
201702010210
201702010205
201705030610
201705030607
201702010212
201709030603
201709030608
201702010211
201709030602
201705030606
201702010201
201705030602
201705030608
201709030612
201709030606
201709030610
201702010204
201709030611
201705030612
201702010207
201705030601
201705030611
201705030609
201709030601
201709030607
201705030603
201709030609
201702010203
201709030605
201705030605
201702010202
201709030604
201702010209
201705030604
201702010206
201705030701
201709030703
201709030702
201709030710
201702010311
201705030705
201705030710
201705030708
201709030701
201702010301
201702010303
201709030711
201705030702
201705030712
201702010305
201709030706
201702010306
201702010309
201709030708
201709030705
201702010304
201702010302
201705030703
201705030706
201702010307
201705030711
201709030709
201705030704
201705030707
201705030709
201709030707
201702010312
201702010308
201709030712
201709030704
201702010310
201705030804
201709030805
201702010411
201705030810
201702010410
201702010406
201705030805
201702010404
201705030806
201709030801
201705030802
201702010401
201709030811
201709030808
201705030803
201705030801
201702010409
201709030803
201702010402
201702010403
201702010405
201709030806
201702010412
201709030810
201705030807
201709030802
201709030804
201702010407
201705030808
201705030812
201705030811
201709030809
201705030809
201702010408
201709030807
201709030812
201707030107
201707030108
201702010511
201703020109
201707030101
201707030110
201703020101
201702010501
201702010507
201703020107
201707030105
201703020112
201702010510
201703020106
201702010504
201707030109
201702010508
201702010506
201703020104
201702010505
201703020103
201707030104
201702010512
201703020105
201707030106
201707030111
201703020110
201703020111
201707030112
201702010502
201702010509
201703020108
201702010503
201707030103
201707030102
201703020102
201707030208
201702010608
201703020206
201707030211
201703020208
201707030206
201707030207
201703020203
201703020210
201702010610
201702010604
201702010609
201702010607
201702010611
201707030205
201707030210
201702010603
201703020212
201703020205
201702010606
201703020207
201707030204
201703020211
201707030209
201703020201
201703020209
201707030203
201702010612
201707030212
201703020204
201702010602
201702010605
201707030201
201702010601
201703020202
201707030202
201702020101
201703020303
201703020310
201707030312
201702020104
201702020111
201702020105
201707030309
201702020103
201707030311
201702020108
201707030303
201703020305
201703020302
201707030301
201703020301
201703020311
201702020109
201702020110
201707030308
201707030302
201702020106
201702020102
201707030310
201703020312
201703020309
201707030307
201707030306
201703020308
201707030304
201702020107
201707030305
201703020306
201702020112
201703020307
201703020304
201702020211
201702020204
201703020403
201703020408
201702020212
201707030403
201702020203
201702020209
201707030405
201703020409
201707030404
201707030408
201702020205
201702020206
201707030406
201707030401
201703020404
201702020202
201703020407
201703020411
201702020207
201703020402
201707030410
201707030407
201707030409
201707030402
201702020210
201703020410
201703020412
201707030411
201707030412
201702020208
201703020406
201703020401
201703020405
201702020201
201702020303
201707030510
201707030507
201707030505
201707030511
201703020511
201703020506
201707030504
201703020509
201702020311
201703020504
201703020501
201702020307
201703020502
201707030512
201703020510
201702020302
201703020505
201703020512
201702020309
201702020305
201707030506
201702020306
201703020503
201702020308
201702020304
201702020301
201703020507
201702020312
201707030502
201707030508
201703020508
201702020310
201707030501
201707030509
201707030503
201702020411
201702020408
201707030603
201707030602
201707030608
201707030610
201702020412
201702020410
201702020402
201702020404
201707030611
201703020610
201707030606
201703020609
201707030601
201707030609
201703020605
201702020403
201703020602
201702020407
201707030607
201703020611
201703020612
201703020604
201707030605
201703020601
201702020405
201707030604
201703020607
201707030612
201703020606
201702020409
201702020401
201702020406
201703020603
201703020608
201702020501
201702020507
201707030711
201702020505
201703020703
201707030703
201703020701
201703020704
201703020708
201702020510
201702020503
201707030705
201702020506
201703020702
201702020502
201703020712
201702020509
201703020711
201703020710
201703020705
201707030706
201707030709
201707030704
201707030712
201703020706
201707030708
201702020508
201707030702
201703020709
201702020512
201702020511
201707030710
201703020707
201707030707
201707030701
201702020504
201702020601
201703020806
201702020605
201707030807
201707030810
201707030803
201703020803
201703020807
201702020603
201707030806
201702020610
201703020801
201702020606
201707030809
201703020810
201702020604
201703020805
201707030801
201702020611
201707030812
201702020612
201707030804
201703020809
201702020609
201703020811
201702020607
201703020808
201707030808
201702020602
201703020804
201707030811
201707030802
201703020802
201707030805
201702020608
201703020812
201701010112
201701010109
201704020111
201704020108
201701010108
201710020107
201710020108
201710020109
201701010105
201704020109
201701010106
201704020104
201710020102
201701010103
201704020106
201701010107
201710020104
201710020106
201710020101
201704020107
201710020110
201704020112
201701010110
201710020105
201710020111
201704020102
201701010101
201701010104
201710020103
201701010111
201704020103
201704020110
201710020112
201704020101
201704020105
201701010102
201704020210
201701010211
201710020204
201701010204
201710020208
201701010210
201710020210
201701010203
201710020207
201704020208
201701010209
201704020204
201701010212
201704020201
201704020209
201701010208
201701010207
201701010205
201704020205
201701010202
201710020203
201704020202
201704020211
201710020205
201701010201
201710020201
201710020209
201704020203
201701010206
201710020202
201710020212
201704020207
201704020212
201710020206
201704020206
201710020211
201701010303
201704020303
201704020308
201710020311
201701010309
201704020301
201701010306
201701010311
201710020307
201710020308
201710020306
201704020304
201704020307
201704020306
201704020302
201710020302
201710020309
201710020305
201701010305
201701010302
201704020311
201704020305
201701010301
201704020312
201710020310
201701010308
201710020304
201701010310
201701010304
201710020312
201701010307
201704020310
201710020301
201704020309
201701010312
201710020303
201710020404
201710020403
201701010410
201701010411
201710020402
201701010402
201701010403
201701010407
201710020410
201704020412
201710020401
201701010408
201704020411
201701010401
201704020401
201704020410
201704020406
201704020405
201710020408
201704020404
201710020411
201701010405
201701010409
201710020412
201704020403
201710020407
201704020408
201701010404
201704020402
201704020407
201704020409
201710020405
201710020409
201701010412
201701010406
201710020406
201704020509
201704020511
201710020503
201704020504
201701010504
201710020512
201710020511
201701010503
201710020505
201710020504
201704020512
201701010506
201710020502
201710020501
201710020507
201710020508
201701010501
201710020509
201704020508
201704020510
201710020506
201701010505
201704020507
201701010509
201701010512
201701010511
201704020501
201701010502
201704020503
201710020510
201701010508
201701010510
201704020506
201704020502
201704020505
201701010507
201710020611
201701010611
201701010604
201710020604
201710020607
201710020606
201701010605
201704020608
201710020601
201704020609
201701010608
201704020602
201704020605
201701010612
201704020603
201704020607
201701010609
201704020601
201710020608
201704020606
201710020610
201704020612
201701010610
201701010607
201701010603
201701010606
201701010602
201701010601
201704020610
201710020605
201710020609
201710020612
201704020604
201704020611
201710020602
201710020603
201710020705
201710020702
201710020704
201710020706
201701020110
201701020108
201704020708
201710020712
201710020703
201710020710
201710020708
201701020106
201701020102
201704020701
201704020702
201704020704
201710020707
201701020101
201701020103
201704020703
201704020709
201704020707
201704020705
201710020701
201710020711
201701020104
201701020107
201704020711
201704020706
201704020710
201701020109
201704020712
201710020709
201701020111
201701020105
201701020112
201710020810
201704020810
201704020801
201710020801
201710020803
201704020811
201704020803
201701020212
201701020205
201710020802
201710020806
201710020811
201701020211
201701020207
201704020807
201710020812
201701020208
201704020802
201701020203
201704020808
201710020804
201701020204
201701020202
201701020210
201704020809
201704020804
201704020812
201701020201
201701020206
201710020808
201704020805
201710020805
201704020806
201710020809
201701020209
201710020807
201704020912
201701020303
201701020312
201701020304
201704020911
201701020302
201701020305
201701020301
201704020907
201704020901
201701020306
201710020902
201710020910
201710020904
201710020905
201710020903
201710020912
201701020307
201704020905
201704020908
201701020309
201701020310
201701020311
201704020909
201710020909
201710020901
201704020906
201710020907
201710020906
201704020910
201710020908
201710020911
201704020902
201704020903
201704020904
201701020308
201710021008
201710021001
201710021011
201710021010
201704021011
201704021012
201704021003
201704021005
201710021012
201710021004
201701020402
201710021006
201701020401
201701020410
201701020405
201704021008
201710021009
201704021002
201701020408
201704021004
201704021007
201710021005
201704021009
201701020412
201710021003
201704021006
201704021001
201701020404
201701020409
201701020411
201710021002
201701020406
201704021010
201710021007
201701020403
201701020407
201704021111
201704021101
201701020502
201710021108
201710021112
201710021109
201704021102
201701020501
201704021110
201701020509
201710021106
201704021105
201710021103
201701020512
201704021109
201701020506
201710021104
201710021110
201701020511
201701020505
201701020508
201704021103
201701020503
201710021101
201701020504
201710021102
201710021107
201704021107
201710021105
201704021108
201701020507
201704021106
201704021112
201701020510
201710021111
201704021104
201704021210
201704021202
201701020610
201704021207
201710021202
201710021210
201710021205
201701020608
201704021201
201704021204
201701020602
201704021206
201701020607
201701020609
201704021211
201710021209
201710021206
201701020601
201704021212
201710021211
201701020604
201704021205
201710021207
201704021209
201710021208
201701020612
201701020605
201710021212
201701020611
201701020606
201704021208
201710021204
201710021203
201701020603
201710021201
201704021203
201709040107
201709040106
201706040109
201706040110
201706040107
201706040105
201706040102
201709040110
201709040102
201709040103
201706040112
201706040106
201709040105
201709040101
201706040101
201709040109
201706040108
201706040111
201709040108
201709040111
201706040104
201709040104
201709040112
201706040103
201709040203
201709040210
201706040207
201709040202
201709040201
201709040204
201706040206
201709040205
201706040202
201709040208
201706040205
201706040211
201706040212
201706040208
201706040201
201709040206
201706040204
201709040209
201706040209
201706040210
201709040212
201709040211
201709040207
201706040203
201706040306
201709040310
201709040311
201709040302
201706040311
201709040312
201709040309
201706040305
201709040305
201709040306
201709040303
201706040310
201706040302
201709040304
201706040304
201709040307
201709040301
201709040308
201706040308
201706040301
201706040307
201706040309
201706040303
201706040312
201706040405
201709040403
201709040410
201709040409
201709040408
201709040412
201706040408
201706040410
201706040409
201706040412
201706040401
201706040404
201709040404
201709040402
201706040406
201709040406
201709040405
201706040411
201706040402
201709040407
201709040401
201706040403
201706040407
201709040411
201709040503
201709040504
201706040512
201709040509
201706040501
201706040509
201706040505
201706040506
201709040511
201709040510
201706040504
201706040508
201709040501
201706040510
201709040502
201709040505
201709040508
201706040502
201706040507
201706040511
201709040512
201709040506
201706040503
201709040507
201709040602
201709040611
201706040603
201706040610
201709040604
201709040609
201709040606
201706040602
201706040609
201706040607
201706040601
201706040608
201706040606
201709040607
201709040612
201706040605
201706040611
201706040604
201709040605
201706040612
201709040603
201709040601
201709040608
201709040610
201709040702
201709040706
201709040703
201706040709
201709040708
201706040708
201706040702
201709040712
201706040706
201709040711
201706040704
201709040705
201706040707
201709040707
201706040703
201709040704
201709040709
201706040710
201706040712
201706040701
201706040705
201706040711
201709040710
201709040701
201709040812
201706040805
201706040802
201706040810
201709040807
201706040811
201706040806
201709040811
201706040803
201709040802
201709040805
201709040810
201706040809
201709040803
201709040808
201709040801
201709040804
201706040801
201706040807
201706040812
201709040809
201709040806
201706040808
201706040804
201706040910
201709040911
201709040904
201706040903
201706040912
201709040906
201709040912
201706040904
201706040906
201706040907
201706040901
201709040909
201709040902
201706040911
201706040905
201709040903
201706040908
201709040908
201706040909
201706040902
201709040907
201709040901
201709040905
201709040910
201705040101
201708040112
201705040105
201708040106
201705040108
201705040103
201705040107
201708040105
201705040109
201708040101
201705040106
201708040104
201708040110
201708040107
201708040102
201708040109
201708040103
201708040111
201705040110
201705040111
201705040104
201705040112
201708040108
201705040102
201708040206
201705040209
201705040201
201705040202
201705040208
201708040203
201705040207
201708040212
201708040204
201708040210
201708040207
201708040211
201708040202
201705040205
201708040209
201705040212
201705040204
201705040206
201708040208
201705040211
201708040201
201705040210
201705040203
201708040205
201708040301
201705040312
201708040304
201705040304
201705040302
201708040306
201705040307
201708040307
201705040301
201705040303
201708040312
201708040309
201705040308
201708040305
201708040311
201708040310
201705040306
201705040311
201705040310
201708040308
201705040309
201705040305
201708040302
201708040303
201704030105
201705040401
201704030110
201704030104
201708040411
201705040405
201704030101
201705040410
201708040403
201708040407
201705040409
201704030112
201704030109
201705040411
201708040406
201708040412
201704030108
201705040408
201704030111
201705040406
201704030106
201708040408
201708040404
201705040403
201705040402
201705040404
201704030107
201704030103
201705040407
201708040402
201708040405
201705040412
201708040401
201708040409
201704030102
201708040410
201705040505
201704030207
201705040508
201705040503
201708040507
201704030210
201705040510
201704030201
201705040512
201708040512
201704030208
201708040510
201705040511
201704030205
201705040506
201705040501
201704030209
201708040511
201708040503
201704030203
201708040502
201704030211
201705040502
201704030202
201708040501
201705040507
201704030204
201708040504
201704030212
201705040504
201708040506
201704030206
201708040505
201708040509
201708040508
201705040509
201704030305
201704030310
201708040609
201704030306
201705040607
201705040601
201705040606
201705040608
201704030303
201708040611
201705040611
201705040612
201705040605
201708040607
201704030312
201708040612
201704030307
201708040610
201704030308
201705040602
201708040601
201708040602
201704030302
201704030301
201708040603
201704030309
201708040604
201708040608
201705040610
201705040603
201708040606
201705040604
201704030304
201705040609
201704030311
201708040605
201705040702
201704030408
201708040711
201705040705
201705040707
201704030411
201708040706
201704030412
201705040703
201704030410
201704030402
201705040709
201704030407
201708040703
201708040712
201708040704
201705040708
201705040701
201708040702
201708040705
201704030401
201708040701
201704030405
201704030409
201705040710
201704030406
201705040704
201705040706
201708040710
201705040711
201705040712
201708040707
201708040708
201708040709
201704030403
201704030404
201704030507
201705040806
201704030509
201704030502
201708040805
201704030504
201704030503
201705040811
201708040810
201705040805
201705040810
201704030512
201704030501
201704030511
201708040812
201708040801
201705040802
201705040807
201708040811
201704030505
201704030508
201708040806
201708040804
201708040803
201705040801
201704030510
201705040804
201705040808
201705040812
201708040802
201708040807
201708040808
201708040809
201705040803
201705040809
201704030506
201705040910
201708040905
201708040911
201704030611
201704030603
201704030609
201704030604
201705040906
201705040902
201708040904
201705040901
201708040909
201708040912
201705040905
201704030612
201708040902
201704030602
201705040907
201704030601
201704030608
201705040904
201705040912
201704030610
201704030605
201704030606
201708040907
201705040903
201708040906
201705040909
201708040908
201704030607
201705040908
201708040903
201705040911
201708040910
201708040901
201708050101
201703030105
201708050106
201703030110
201708050107
201708050112
201708050110
201703030111
201703030109
201708050105
201708050109
201703030108
201708050104
201708050108
201708050103
201703030106
201703030104
201708050102
201703030101
201708050111
201703030103
201703030112
201703030107
201703030102
201705050106
201703030209
201705050102
201705050101
201705050112
201703030205
201703030202
201703030203
201703030208
201705050108
201703030201
201705050103
201703030204
201703030206
201703030207
201705050104
201705050105
201703030211
201705050107
201703030210
201703030212
201705050111
201705050109
201705050110
201708050212
201705050201
201705050206
201708050209
201708050201
201708050205
201705050207
201708050210
201708050204
201705050210
201705050211
201708050211
201705050208
201705050212
201708050203
201708050207
201705050209
201708050202
201708050206
201705050203
201705050204
201705050202
201708050208
201705050205
201703030308
201705050309
201705050301
201703030310
201705050306
201703030303
201703030309
201708050306
201705050311
201703030306
201703030302
201708050309
201708050301
201703030305
201705050307
201708050310
201703030304
201703030311
201705050304
201708050304
201705050302
201708050308
201705050308
201705050310
201703030307
201708050311
201708050303
201703030301
201705050312
201708050307
201708050305
201708050302
201708050312
201705050305
201703030312
201705050303
201703030404
201703030408
201703030405
201705050403
201705050405
201708050412
201705050410
201703030403
201708050408
201705050411
201708050409
201708050407
201703030410
201705050409
201705050412
201708050411
201703030407
201703030406
201708050405
201705050404
201705050401
201708050402
201705050407
201708050403
201703030401
201705050408
201705050402
201708050410
201708050401
201708050404
201703030411
201708050406
201703030402
201705050406
201703030409
201703030412
201703030505
201708050506
201708050510
201703030508
201703030506
201703030504
201708050507
201703030503
201708050501
201708050502
201708050508
201705050504
201705050501
201708050509
201708050511
201703030501
201705050507
201708050512
201705050502
201705050510
201705050506
201705050505
201705050512
201703030502
201705050511
201705050508
201703030511
201703030507
201703030510
201705050503
201705050509
201708050503
201708050504
201708050505
201703030509
201703030512
201708050612
201703030610
201703030612
201708050605
201708050601
201705050608
201708050604
201708050602
201705050606
201703030603
201705050605
201708050608
201703030608
201705050603
201705050612
201705050611
201705050607
201703030602
201703030611
201705050601
201705050610
201708050610
201708050609
201705050602
201703030606
201703030605
201708050611
201705050609
201708050603
201705050604
201703030604
201708050606
201703030601
201703030609
201703030607
201708050607
201705050710
201708050712
201708050708
201705050711
201705050705
201708050706
201705050709
201708050704
201705050704
201708050701
201705050703
201708050710
201705050708
201705050706
201708050702
201705050707
201705050701
201705050702
201708050709
201708050707
201708050711
201708050705
201705050712
201708050703
201705050810
201708050805
201705050805
201708050806
201705050808
201705050802
201708050811
201705050803
201708050808
201705050801
201705050807
201708050809
201708050804
201705050806
201708050802
201705050809
201708050807
201708050812
201708050803
201708050801
201708050810
201705050811
201705050804
201709050102
201707040102
201706050108
201706050103
201706050112
201709050109
201707040105
201706050104
201707040106
201707040110
201706050101
201709050108
201709050105
201709050101
201707040111
201706050106
201706050102
201707040103
201707040101
201707040109
201706050107
201707040107
201709050104
201709050103
201709050107
201709050111
201709050112
201706050111
201706050109
201707040112
201707040104
201709050106
201707040108
201709050110
201706050105
201706050110
201707040204
201707040205
201707040206
201707040211
201709050205
201706050212
201709050208
201706050205
201706050203
201707040209
201706050211
201709050211
201706050201
201707040212
201707040203
201707040208
201706050208
201709050203
201709050204
201709050206
201709050209
201707040207
201706050206
201706050204
201706050207
201706050202
201709050202
201706050209
201706050210
201707040201
201707040210
201709050210
201709050201
201707040202
201709050212
201709050207
201706050312
201706050302
201709050302
201709050304
201709050308
201707040301
201707040307
201706050301
201706050309
201709050310
201707040304
201709050312
201709050303
201709050305
201706050310
201706050307
201707040306
201709050306
201706050308
201707040305
201706050305
201706050306
201707040312
201707040309
201709050311
201707040310
201709050301
201707040302
201706050304
201707040311
201707040303
201706050311
201706050303
201709050309
201709050307
201707040308
201709050406
201709050411
201707040410
201706050407
201709050407
201709050403
201707040409
201706050408
201706050401
201709050409
201707040412
201707040405
201706050411
201709050402
201707040403
201706050412
201706050409
201707040401
201706050410
201709050404
201709050408
201706050402
201706050405
201706050403
201707040404
201709050410
201707040406
201706050406
201707040411
201707040408
201709050405
201707040407
201707040402
201706050404
201709050401
201709050412
201706050507
201709050501
201709050504
201706050509
201707040509
201706050504
201707040502
201707040503
201707040512
201706050508
201706050511
201709050507
201709050512
201709050505
201707040511
201709050509
201706050510
201707040507
201707040501
201707040505
201709050503
201707040508
201709050502
201709050508
201707040504
201709050510
201707040510
201707040506
201706050506
201706050502
201706050512
201709050506
201706050503
201706050501
201709050511
201706050505
201707040604
201706050608
201706050602
201709050609
201706050604
201707040611
201709050607
201706050601
201707040603
201707040607
201706050611
201706050605
201709050608
201709050603
201709050612
201709050605
201706050612
201709050606
201707040605
201707040609
201709050611
201707040612
201709050604
201709050602
201707040602
201706050610
201707040606
201706050607
201707040610
201709050610
201707040608
201707040601
201706050606
201709050601
201706050609
201706050603
201706050707
201706050711
201709050707
201709050708
201706050710
201706050702
201706050708
201709050711
201706050712
201706050706
201709050701
201706050701
201709050706
201709050710
201706050705
201709050702
201709050709
201706050709
201709050705
201709050712
201709050703
201709050704
201706050703
201706050704
201709050812
201706050804
201706050803
201706050805
201706050810
201709050807
201706050812
201709050811
201706050806
201709050802
201709050810
201709050808
201706050811
201709050801
201709050809
201709050804
201706050809
201706050808
201709050803
201706050807
201709050806
201706050801
201706050802
201709050805
201709050912
201709050908
201709050909
201709050901
201706050909
201709050906
201706050904
201706050906
201706050902
201706050908
201709050903
201706050912
201709050910
201709050905
201709050907
201709050902
201709050904
201706050901
201706050910
201706050903
201709050911
201706050911
201706050905
201706050907
