201806010101
201806010108
201806010104
201806010109
201808010101
201806010106
201806010105
201806010102
201808010105
201808010104
201808010103
201808010107
201808010108
201808010111
201806010110
201808010112
201806010112
201808010109
201808010106
201808010102
201806010103
201806010111
201808010110
201806010107
201806010209
201806010212
201806010211
201806010207
201806010203
201806010204
201808010207
201808010209
201808010212
201808010211
201808010203
201808010202
201808010208
201806010201
201806010210
201808010204
201806010208
201808010201
201808010210
201808010206
201806010205
201806010202
201808010205
201806010206
201806010311
201806010312
201808010301
201808010310
201808010311
201808010308
201806010305
201808010309
201806010302
201806010307
201808010305
201808010306
201806010306
201808010303
201806010301
201808010307
201806010304
201806010310
201808010312
201806010303
201808010304
201806010309
201808010302
201806010308
201807010101
201806010401
201808010405
201807010107
201807010104
201808010412
201807010110
201807010111
201807010106
201807010105
201806010403
201806010405
201807010109
201806010404
201808010409
201807010112
201806010407
201808010407
201807010102
201808010401
201806010412
201808010406
201806010402
201806010411
201806010408
201808010404
201808010410
201808010402
201808010408
201808010411
201808010403
201807010103
201806010406
201806010410
201806010409
201807010108
201807010210
201806010506
201807010203
201806010502
201808010502
201806010507
201806010509
201806010510
201808010512
201807010205
201808010504
201807010201
201807010207
201807010208
201808010507
201806010508
201806010503
201808010501
201807010209
201807010211
201806010505
201807010202
201806010504
201808010503
201808010508
201808010511
201808010505
201806010501
201808010506
201808010509
201807010212
201808010510
201807010204
201806010511
201807010206
201806010512
201806010606
201806010604
201808010606
201806010611
201806010612
201807010306
201807010303
201806010602
201807010304
201807010312
201808010601
201808010612
201807010302
201808010602
201807010310
201806010603
201808010610
201808010604
201808010605
201806010605
201808010609
201807010308
201808010611
201807010301
201806010610
201807010305
201806010609
201806010608
201808010603
201806010607
201807010307
201807010309
201806010601
201808010607
201808010608
201807010311
201806010703
201808010711
201808010708
201807010404
201806010708
201807010410
201808010702
201806010707
201806010705
201807010403
201806010711
201807010409
201808010707
201808010705
201806010710
201806010701
201807010405
201808010701
201807010406
201806010706
201806010702
201807010401
201808010712
201806010709
201807010408
201808010709
201807010407
201808010703
201807010402
201806010704
201807010412
201806010712
201808010704
201807010411
201808010706
201808010710
201808020108
201807010505
201808020103
201807010503
201805010108
201808020111
201805010104
201807010502
201808020104
201808020110
201805010112
201807010504
201807010510
201807010508
201808020101
201807010501
201808020107
201807010512
201805010102
201805010110
201805010105
201807010506
201808020106
201805010103
201807010509
201805010109
201808020105
201808020102
201808020112
201805010111
201807010507
201808020109
201805010107
201805010106
201807010511
201805010101
201805010207
201807010608
201808020209
201808020208
201808020202
201807010604
201807010611
201807010610
201808020201
201805010208
201808020206
201805010206
201805010205
201805010204
201807010609
201808020203
201808020205
201805010201
201808020211
201808020207
201807010602
201807010603
201807010607
201807010601
201805010202
201807010605
201805010203
201807010612
201807010606
201805010211
201808020204
201805010210
201805010209
201808020210
201808020212
201805010212
201808020312
201805010307
201808020306
201805010301
201808020308
201805010306
201805010305
201808020305
201808020309
201808020301
201805010312
201805010303
201805010308
201808020311
201805010311
201805010302
201808020303
201808020310
201808020304
201808020307
201808020302
201805010310
201805010309
201805010411
201808020407
201805010407
201805010404
201805010402
201805010409
201808020404
201805010401
201808020401
201808020411
201808020405
201805010403
201805010410
201808020403
201808020410
201808020402
201805010408
201805010406
201805010412
201805010405
201808020409
201808020406
201808020412
201808020408
201808020511
201810010104
201810010101
201808020503
201810010103
201808020502
201810010108
201808020508
201810010111
201810010102
201808020512
201810010112
201808020507
201810010105
201810010110
201808020505
201808020504
201810010107
201810010106
201808020510
201808020509
201810010109
201808020506
201808020501
201808020611
201805010503
201808020610
201805010506
201805010505
201808020612
201805010504
201808020606
201805010509
201808020601
201808020603
201805010502
201808020604
201808020607
201805010507
201808020602
201805010511
201805010512
201808020609
201808020608
201805010510
201805010508
201805010501
201808020605
201805010603
201805010606
201805010612
201805010601
201805010605
201805010604
201805010611
201805010607
201805010609
201805010608
201805010602
201805010610
201810010202
201810010211
201810010204
201810010203
201810010208
201810010205
201810010209
201810010207
201810010212
201810010201
201810010210
201810010206
201808020706
201808020708
201805010703
201810010312
201810010309
201808020702
201808020711
201808020704
201805010705
201810010303
201805010707
201808020703
201810010304
201805010702
201805010706
201808020705
201805010712
201805010708
201810010305
201808020712
201808020710
201805010711
201810010311
201805010704
201805010710
201810010301
201810010307
201810010310
201810010306
201805010709
201810010308
201810010302
201808020701
201808020707
201805010701
201808020709
201810010409
201805010804
201805010809
201808020810
201808020806
201810010408
201808020803
201808020801
201810010405
201805010806
201810010402
201805010801
201805010803
201808020804
201810010411
201805010805
201810010412
201805010808
201808020802
201805010812
201805010811
201810010403
201808020811
201805010802
201808020812
201805010807
201810010407
201810010410
201808020807
201808020808
201810010406
201810010404
201805010810
201810010401
201808020809
201808020805
201806020110
201810010509
201806020108
201809010105
201806020104
201806020106
201810010504
201806020103
201809010112
201810010503
201806020101
201809010103
201810010501
201810010506
201806020109
201810010511
201809010107
201809010101
201810010510
201806020112
201809010109
201809010110
201806020111
201809010104
201809010106
201810010505
201810010502
201806020105
201810010512
201810010508
201809010102
201806020102
201806020107
201810010507
201809010111
201809010108
201806020204
201806020203
201809010212
201809010202
201810010605
201810010611
201806020205
201806020212
201809010210
201806020210
201809010206
201810010606
201809010209
201810010603
201806020202
201809010203
201806020206
201810010601
201810010604
201806020201
201810010602
201810010608
201806020208
201810010612
201810010609
201809010211
201809010207
201810010610
201810010607
201806020211
201806020209
201806020207
201809010201
201809010204
201809010205
201809010208
201806020304
201809010307
201806020311
201810010701
201809010304
201809010303
201810010709
201810010711
201810010710
201806020312
201806020310
201806020306
201806020301
201806020308
201810010706
201809010311
201810010707
201810010705
201806020307
201809010312
201809010305
201810010703
201809010309
201810010708
201809010308
201806020302
201809010310
201809010306
201810010702
201806020303
201806020309
201810010704
201809010302
201806020305
201810010712
201809010301
201809010409
201809010403
201806020401
201809010405
201806020405
201810010803
201806020408
201806020406
201810010801
201809010402
201810010809
201806020404
201806020403
201810010812
201809010411
201806020412
201806020402
201809010407
201810010810
201809010404
201810010808
201809010408
201810010811
201809010406
201809010412
201806020407
201806020410
201810010802
201810010806
201806020409
201806020411
201810010805
201809010410
201810010807
201810010804
201809010401
201809010510
201809010507
201809010506
201807020103
201807020106
201806020505
201809010509
201807020104
201809010511
201806020512
201806020506
201806020511
201807020109
201806020501
201807020108
201807020107
201806020510
201806020508
201806020504
201807020111
201809010504
201807020105
201806020509
201806020503
201806020507
201807020101
201809010508
201807020102
201809010505
201809010503
201806020502
201809010512
201807020112
201809010502
201809010501
201807020110
201809010607
201809010609
201806020608
201809010602
201807020203
201806020607
201809010604
201806020603
201806020610
201807020212
201807020207
201809010611
201806020601
201806020606
201809010603
201806020611
201807020206
201809010606
201809010610
201809010601
201806020602
201807020210
201807020205
201807020201
201809010605
201807020209
201809010608
201806020612
201806020604
201806020605
201806020609
201807020208
201807020202
201807020211
201809010612
201807020204
201806020705
201807020304
201807020308
201807020307
201807020312
201806020704
201809010705
201809010709
201809010706
201809010712
201806020703
201807020309
201806020712
201809010707
201806020702
201806020707
201809010710
201809010708
201809010711
201806020709
201809010704
201807020310
201809010702
201807020305
201806020708
201806020701
201807020301
201807020303
201807020311
201809010703
201807020306
201809010701
201806020710
201806020706
201807020302
201806020711
201806020812
201806020804
201806020809
201809010803
201807020410
201809010801
201807020409
201806020802
201809010804
201806020805
201807020412
201809010805
201807020406
201806020811
201807020407
201807020411
201806020808
201806020803
201809010808
201809010806
201809010810
201806020801
201806020807
201807020405
201806020806
201807020402
201807020408
201809010802
201809010809
201809010811
201807020401
201806020810
201807020403
201809010807
201809010812
201807020404
201807020501
201807020507
201807020508
201807020503
201809020105
201809020106
201809020110
201809020112
201809020102
201809020101
201809020107
201806030103
201807020505
201807020502
201809020111
201806030109
201807020510
201806030102
201807020511
201806030106
201807020509
201806030101
201809020104
201809020103
201806030110
201806030108
201806030111
201806030112
201809020108
201807020512
201809020109
201807020506
201806030107
201806030104
201807020504
201806030105
201806030212
201807020606
201806030208
201806030205
201806030210
201806030202
201807020610
201809020203
201806030201
201809020212
201809020201
201806030203
201807020602
201807020604
201809020211
201809020207
201809020208
201809020210
201809020205
201807020609
201806030204
201807020608
201806030211
201809020204
201807020605
201807020612
201806030209
201807020611
201809020209
201806030207
201807020601
201809020202
201809020206
201806030206
201807020607
201807020603
201806030302
201809020304
201809020307
201809020305
201806030306
201806030309
201809020303
201806030312
201806030304
201809020312
201809020311
201806030303
201809020308
201809020302
201809020301
201809020309
201809020310
201806030305
201806030307
201806030308
201806030301
201806030311
201809020306
201806030310
201806030412
201806030403
201809020403
201809020406
201806030408
201809020411
201806030401
201809020409
201806030410
201806030405
201809020412
201806030407
201809020404
201806030402
201809020405
201809020402
201809020401
201806030411
201809020407
201809020410
201806030406
201806030404
201806030409
201809020408
201806030508
201806030507
201803010103
201806030506
201806030512
201803010106
201803010109
201809020505
201803010105
201809020506
201803010102
201809020503
201803010104
201806030511
201809020511
201803010101
201809020507
201806030504
201809020512
201803010112
201809020502
201806030501
201806030505
201809020509
201809020501
201803010107
201803010111
201809020510
201809020504
201806030502
201803010108
201806030503
201803010110
201806030509
201806030510
201809020508
201803010205
201809020602
201806030608
201809020608
201806030605
201809020606
201803010212
201806030611
201809020612
201806030612
201806030604
201806030606
201803010210
201803010202
201803010201
201806030609
201803010211
201809020601
201803010209
201809020603
201809020611
201803010203
201806030610
201806030607
201809020610
201809020609
201806030603
201809020604
201806030601
201809020605
201803010207
201803010208
201803010204
201806030602
201803010206
201809020607
201806030707
201809020712
201809020701
201806030705
201806030708
201806030703
201809020706
201806030704
201803010304
201803010303
201806030701
201803010309
201803010302
201809020708
201806030711
201809020707
201809020710
201806030702
201803010312
201809020711
201806030706
201806030710
201809020702
201806030709
201803010306
201803010311
201809020709
201809020705
201803010301
201806030712
201803010307
201803010310
201803010305
201809020704
201809020703
201803010308
201806030812
201809020802
201806030806
201803010410
201809020808
201809020810
201806030801
201806030807
201806030804
201806030809
201809020803
201809020804
201806030803
201803010402
201803010408
201809020809
201809020812
201809020805
201806030811
201803010403
201803010405
201809020801
201809020811
201806030805
201806030802
201803010411
201803010412
201803010409
201803010406
201803010401
201809020807
201803010404
201809020806
201803010407
201806030810
201806030808
201808030110
201808030104
201808030105
201803010507
201805020109
201808030108
201805020107
201808030112
201805020104
201803010508
201805020103
201805020111
201808030106
201808030109
201803010504
201808030111
201805020101
201803010511
201803010506
201803010510
201805020108
201805020110
201808030101
201808030102
201805020112
201805020105
201805020102
201803010503
201803010505
201808030103
201803010509
201803010502
201808030107
201805020106
201803010512
201803010501
201805020212
201803010605
201803010607
201803010608
201803010610
201805020206
201803010602
201805020205
201803010606
201805020207
201803010612
201803010601
201803010611
201805020201
201805020209
201803010603
201803010609
201808030210
201808030204
201808030201
201805020211
201808030212
201805020202
201808030206
201808030207
201808030211
201805020203
201805020210
201808030209
201803010604
201805020208
201805020204
201808030205
201808030208
201808030203
201808030202
201808030308
201804010105
201805020306
201808030304
201804010108
201805020305
201804010110
201805020310
201808030303
201808030309
201808030310
201808030307
201804010103
201808030305
201804010109
201805020301
201805020311
201808030306
201804010102
201808030302
201804010107
201805020308
201804010101
201808030301
201808030312
201804010112
201805020309
201805020312
201805020304
201808030311
201805020307
201805020302
201805020303
201804010111
201804010106
201804010104
201804010203
201808030411
201805020403
201808030403
201805020402
201805020409
201804010201
201808030402
201805020401
201804010206
201804010202
201804010205
201804010211
201804010208
201805020407
201804010212
201808030410
201808030412
201804010204
201808030406
201804010207
201804010209
201808030404
201805020405
201804010210
201808030407
201805020411
201808030405
201808030401
201805020412
201808030409
201808030408
201805020410
201805020404
201805020408
201805020406
201805020510
201808030508
201808030512
201805020506
201804010305
201805020507
201804010311
201808030504
201804010309
201805020502
201808030503
201808030510
201804010312
201808030511
201804010306
201805020511
201805020504
201804010307
201804010302
201808030501
201804010301
201808030505
201805020508
201805020512
201805020501
201805020505
201804010303
201808030507
201804010308
201808030509
201808030506
201805020503
201804010304
201805020509
201808030502
201804010310
201808030603
201805020610
201804010404
201804010407
201808030602
201805020601
201804010412
201804010401
201808030607
201805020608
201808030605
201808030606
201808030611
201808030604
201804010411
201805020603
201805020607
201808030609
201804010402
201808030610
201805020611
201805020609
201808030601
201808030612
201804010403
201808030608
201805020606
201804010408
201804010409
201804010405
201804010406
201805020604
201805020602
201804010410
201805020605
201805020612
201808030703
201808030707
201808030705
201805020702
201804010502
201804010505
201808030708
201805020708
201808030710
201805020707
201805020711
201805020704
201804010501
201804010508
201804010510
201805020712
201808030702
201808030709
201808030712
201805020710
201805020701
201805020706
201805020709
201808030706
201808030711
201805020703
201804010507
201804010509
201804010504
201808030701
201804010506
201804010512
201808030704
201804010503
201805020705
201804010511
201804010611
201808030803
201805020807
201808030802
201808030805
201804010603
201805020810
201805020803
201805020805
201805020812
201808030810
201804010605
201804010610
201808030804
201804010607
201805020806
201804010606
201808030801
201808030811
201804010602
201808030808
201808030812
201805020808
201808030806
201804010612
201805020801
201805020804
201808030807
201804010608
201805020809
201808030809
201804010604
201805020802
201804010601
201804010609
201805020811
201804010708
201808030908
201805020904
201808030903
201805020901
201805020906
201805020908
201808030910
201808030911
201805020911
201805020912
201805020903
201808030906
201808030912
201808030909
201808030902
201804010711
201804010709
201808030905
201804010712
201805020905
201808030901
201804010706
201805020902
201804010710
201808030907
201805020909
201804010705
201805020910
201804010701
201804010704
201804010702
201804010707
201805020907
201808030904
201804010703
201804010807
201804010812
201805021011
201805021012
201808031007
201805021005
201808031005
201804010802
201808031002
201808031008
201804010804
201804010809
201804010803
201805021010
201804010806
201804010810
201804010811
201808031001
201808031006
201805021008
201808031004
201808031012
201808031010
201804010801
201805021003
201805021006
201804010808
201805021001
201805021004
201805021009
201805021007
201808031003
201808031009
201804010805
201808031011
201805021002
201805021106
201805021103
201808031104
201805021105
201805021112
201808031102
201805021102
201808031109
201805021109
201808031110
201808031106
201808031111
201808031101
201808031105
201805021108
201808031107
201805021110
201805021104
201805021101
201808031103
201805021107
201805021111
201808031108
201808031112
201805021209
201808031207
201805021210
201805021202
201808031203
201805021203
201805021208
201808031212
201808031206
201808031204
201805021207
201808031205
201805021212
201805021206
201808031201
201805021204
201805021201
201805021211
201808031210
201808031202
201808031208
201808031209
201808031211
201805021205
201809030108
201805030103
201809030107
201805030105
201809030106
201809030101
201809030104
201809030112
201805030102
201805030111
201805030107
201809030103
201809030109
201809030111
201805030106
201805030104
201809030102
201809030110
201809030105
201805030112
201805030110
201805030109
201805030108
201805030101
201805030210
201805030209
201805030212
201805030205
201809030211
201809030208
201809030210
201805030206
201809030212
201805030202
201809030209
201809030201
201809030205
201805030208
201805030203
201809030207
201809030202
201809030206
201805030211
201809030203
201809030204
201805030204
201805030207
201805030201
201809030303
201809030306
201805030307
201805030311
201809030310
201805030304
201805030303
201809030312
201809030305
201809030304
201805030312
201809030307
201805030308
201809030309
201805030310
201809030311
201809030302
201805030305
201809030301
201805030309
201809030308
201805030301
201805030306
201805030302
201805030411
201805030404
201809030406
201809030402
201809030403
201809030405
201805030409
201805030405
201809030408
201809030411
201809030409
201809030407
201809030410
201805030402
201805030401
201805030410
201805030403
201809030404
201809030412
201805030412
201805030406
201805030407
201809030401
201805030408
201805030507
201809030501
201805030506
201805030509
201802010103
201802010112
201809030511
201805030510
201809030506
201805030511
201802010101
201809030502
201802010105
201802010108
201802010107
201802010110
201805030504
201802010102
201805030502
201809030503
201809030512
201805030505
201809030508
201802010104
201802010111
201802010109
201805030501
201802010106
201805030512
201809030507
201805030503
201809030504
201809030509
201809030505
201809030510
201805030508
201809030611
201802010202
201805030609
201802010203
201809030604
201805030603
201802010206
201802010204
201809030606
201802010207
201802010211
201802010201
201802010210
201805030601
201805030610
201805030604
201802010212
201802010205
201805030607
201809030605
201802010209
201809030608
201809030603
201805030608
201805030612
201805030602
201809030601
201809030610
201802010208
201809030612
201805030611
201805030605
201805030606
201809030602
201809030609
201809030607
201805030710
201809030710
201809030706
201809030705
201802010311
201809030712
201809030711
201802010310
201802010312
201805030703
201809030707
201802010308
201802010301
201802010302
201802010304
201805030711
201805030704
201809030709
201805030705
201802010305
201809030703
201802010309
201809030704
201809030708
201805030712
201802010307
201805030706
201809030702
201802010303
201802010306
201805030708
201809030701
201805030707
201805030701
201805030702
201805030709
201805030812
201809030803
201805030810
201802010412
201809030808
201809030812
201809030804
201802010408
201805030809
201802010409
201809030802
201802010404
201809030809
201802010406
201802010402
201802010411
201805030803
201805030805
201802010407
201809030805
201802010401
201805030806
201809030810
201805030811
201809030806
201802010410
201805030808
201802010405
201809030801
201805030802
201805030804
201809030811
201802010403
201805030807
201809030807
201805030801
201802010508
201803020107
201807030106
201803020109
201803020105
201802010511
201802010503
201807030105
201803020101
201807030111
201803020102
201807030108
201807030102
201803020110
201807030112
201803020111
201802010506
201802010510
201802010512
201807030103
201807030109
201807030104
201807030107
201807030110
201802010501
201802010504
201803020112
201807030101
201802010505
201803020103
201802010509
201803020108
201802010502
201803020104
201803020106
201802010507
201802010601
201807030206
201803020209
201807030212
201807030205
201807030211
201803020201
201802010609
201802010610
201807030203
201807030207
201802010606
201803020206
201802010607
201803020210
201802010602
201807030201
201802010603
201803020211
201807030208
201803020203
201803020205
201803020207
201803020204
201803020208
201802010612
201807030202
201807030210
201807030209
201802010608
201802010605
201807030204
201802010604
201803020212
201802010611
201803020202
201803020305
201802020112
201807030304
201807030310
201802020103
201803020306
201802020109
201807030307
201803020310
201803020301
201803020309
201807030303
201802020101
201802020105
201802020106
201803020303
201803020302
201807030302
201807030306
201807030309
201803020307
201802020104
201807030301
201803020304
201807030311
201803020311
201807030308
201802020107
201802020110
201807030305
201807030312
201802020111
201803020312
201802020102
201803020308
201802020108
201803020403
201802020202
201807030408
201807030407
201802020210
201803020409
201807030406
201803020401
201802020211
201802020208
201807030405
201803020412
201802020201
201803020405
201807030404
201807030401
201802020209
201802020212
201807030412
201803020411
201803020404
201807030403
201807030410
201807030411
201807030402
201807030409
201803020410
201802020204
201803020402
201803020407
201802020203
201803020408
201802020205
201802020206
201803020406
201802020207
201802020304
201803020503
201802020303
201803020508
201807030508
201807030509
201807030512
201803020507
201807030504
201803020511
201807030506
201802020306
201802020302
201802020307
201807030502
201802020301
201807030501
201802020309
201803020502
201803020504
201803020505
201802020311
201807030507
201802020308
201803020509
201802020310
201803020506
201807030505
201807030503
201803020510
201803020512
201807030510
201802020312
201803020501
201802020305
201807030511
201803020601
201802020401
201807030606
201807030610
201802020406
201802020412
201807030611
201803020605
201803020610
201803020607
201803020604
201803020606
201802020409
201802020407
201802020402
201803020608
201802020410
201803020612
201802020408
201807030612
201803020602
201803020609
201803020611
201807030609
201802020405
201807030603
201802020403
201802020411
201807030607
201807030608
201803020603
201807030601
201807030604
201807030605
201807030602
201802020404
201807030701
201807030702
201803020708
201807030708
201802020506
201803020705
201807030711
201803020707
201802020502
201802020510
201803020712
201807030704
201802020508
201802020503
201802020504
201803020701
201802020511
201807030705
201803020702
201807030710
201807030707
201803020711
201802020501
201803020703
201803020706
201803020709
201802020509
201803020704
201807030703
201807030706
201807030712
201802020505
201802020507
201802020512
201807030709
201803020710
201803020802
201803020808
201803020801
201802020609
201802020604
201803020811
201807030806
201803020805
201802020611
201807030804
201807030811
201807030808
201807030803
201802020612
201803020806
201803020810
201803020804
201803020809
201803020803
201802020608
201803020807
201807030809
201802020607
201802020606
201807030807
201802020610
201802020603
201807030801
201807030812
201802020601
201807030810
201807030802
201803020812
201802020605
201802020602
201807030805
201801010104
201804020103
201801010107
201801010110
201804020106
201804020109
201804020110
201801010105
201810020102
201801010103
201810020101
201810020104
201810020109
201804020111
201804020102
201804020112
201810020106
201810020110
201810020107
201804020107
201810020111
201810020105
201804020108
201801010108
201801010106
201810020108
201810020103
201804020105
201801010101
201804020104
201801010109
201801010112
201804020101
201801010102
201801010111
201810020112
201804020212
201801010212
201801010207
201801010204
201801010205
201810020209
201810020205
201804020209
201801010208
201801010202
201810020210
201801010203
201804020203
201810020207
201810020202
201810020212
201801010206
201804020206
201810020211
201801010201
201804020201
201804020211
201810020204
201810020208
201810020206
201804020205
201810020201
201801010211
201801010210
201804020204
201804020207
201804020202
201804020210
201810020203
201801010209
201804020208
201810020308
201801010303
201804020304
201810020302
201810020309
201804020308
201810020303
201804020310
201804020303
201810020305
201804020307
201801010307
201801010310
201801010301
201801010305
201801010312
201801010311
201801010302
201810020310
201804020311
201804020312
201804020302
201801010309
201810020307
201804020301
201801010308
201810020312
201801010304
201810020301
201810020306
201804020309
201801010306
201804020306
201810020304
201804020305
201810020311
201810020404
201810020405
201801010409
201810020401
201801010403
201804020404
201801010412
201801010408
201804020403
201810020408
201810020412
201801010404
201801010406
201804020402
201810020406
201810020407
201810020411
201804020412
201804020406
201801010411
201801010410
201810020403
201804020409
201801010402
201801010407
201804020410
201804020401
201804020405
201804020411
201804020407
201810020410
201801010401
201810020409
201804020408
201801010405
201810020402
201810020501
201801010502
201804020501
201810020507
201810020511
201801010506
201810020502
201810020512
201804020510
201804020509
201804020511
201801010511
201804020508
201801010504
201804020505
201810020510
201810020506
201804020504
201801010505
201801010509
201801010503
201810020504
201810020503
201801010508
201810020508
201804020512
201801010512
201810020509
201801010510
201801010501
201804020502
201810020505
201804020503
201801010507
201804020507
201804020506
201810020610
201801010605
201801010603
201804020605
201804020607
201810020611
201810020612
201804020608
201804020610
201804020609
201810020605
201801010601
201810020609
201801010606
201804020603
201804020606
201804020612
201801010612
201810020604
201801010609
201804020602
201804020611
201804020601
201801010607
201804020604
201801010610
201810020603
201810020602
201801010604
201810020601
201801010602
201810020606
201801010611
201801010608
201810020608
201810020607
201804020708
201801020102
201810020701
201804020707
201810020706
201810020708
201810020712
201801020110
201804020704
201810020709
201801020109
201804020710
201804020705
201810020704
201804020711
201810020710
201810020705
201810020702
201801020103
201804020706
201804020701
201804020702
201801020104
201801020105
201801020107
201801020106
201801020112
201804020709
201801020108
201801020111
201810020703
201810020707
201804020712
201801020101
201810020711
201804020703
201801020203
201801020212
201810020808
201810020803
201801020205
201804020806
201810020801
201801020206
201804020805
201804020803
201801020201
201804020811
201810020812
201804020810
201801020204
201810020811
201804020809
201810020806
201804020801
201804020804
201810020805
201804020812
201804020807
201801020208
201810020807
201804020808
201801020211
201810020810
201801020209
201810020804
201801020210
201810020802
201801020207
201804020802
201801020202
201810020809
201801020303
201801020301
201804020909
201810020910
201810020905
201801020302
201810020911
201801020308
201804020905
201801020305
201804020911
201801020306
201804020907
201804020908
201801020307
201810020906
201801020310
201810020902
201804020904
201804020906
201804020912
201801020312
201810020904
201801020311
201810020909
201810020907
201804020901
201804020902
201804020910
201801020309
201810020903
201810020912
201804020903
201801020304
201810020901
201810020908
201810021010
201810021006
201810021001
201804021003
201810021009
201804021008
201804021001
201804021012
201801020406
201810021002
201801020411
201804021011
201804021007
201810021004
201810021005
201804021009
201810021011
201810021008
201810021012
201804021006
201804021005
201801020407
201804021010
201804021002
201810021003
201801020409
201801020402
201801020410
201801020403
201801020412
201801020401
201801020405
201804021004
201801020408
201810021007
201801020404
201810021102
201804021108
201810021104
201801020509
201804021101
201801020501
201801020502
201804021106
201804021111
201804021107
201804021112
201810021105
201804021110
201810021101
201810021106
201810021109
201801020512
201804021105
201810021112
201804021102
201801020505
201801020508
201804021103
201810021110
201810021103
201801020507
201801020506
201810021107
201801020511
201801020510
201810021111
201804021104
201804021109
201801020504
201801020503
201810021108
201804021206
201804021211
201801020607
201810021208
201801020601
201804021208
201804021209
201810021201
201810021202
201810021210
201804021202
201810021205
201801020604
201801020602
201804021210
201801020609
201801020610
201804021204
201810021206
201804021205
201810021212
201810021211
201801020603
201801020606
201810021204
201810021203
201810021207
201804021201
201801020608
201801020612
201804021212
201810021209
201801020611
201804021207
201801020605
201804021203
201806040104
201806040102
201809040105
201806040108
201806040106
201809040102
201809040107
201809040103
201809040111
201809040106
201806040112
201806040107
201809040104
201806040101
201806040111
201809040112
201809040109
201806040110
201809040101
201806040105
201809040108
201806040103
201809040110
201806040109
201809040204
201806040210
201806040205
201809040206
201809040212
201806040209
201809040201
201806040211
201809040205
201809040207
201806040212
201809040203
201806040204
201806040201
201809040208
201809040211
201806040202
201809040209
201809040210
201806040208
201809040202
201806040206
201806040203
201806040207
201809040301
201806040309
201809040303
201809040304
201806040307
201809040308
201806040304
201806040311
201806040303
201806040312
201809040310
201806040305
201806040306
201809040302
201806040301
201809040307
201806040308
201809040311
201809040305
201809040312
201806040302
201809040309
201806040310
201809040306
201809040407
201809040406
201809040402
201809040401
201809040409
201806040408
201806040401
201809040412
201806040403
201809040410
201806040411
201806040407
201806040402
201806040404
201806040410
201809040404
201806040406
201809040411
201809040405
201809040403
201806040409
201806040412
201809040408
201806040405
201809040503
201809040509
201806040505
201806040509
201809040502
201806040506
201806040510
201806040511
201806040502
201809040508
201806040508
201806040501
201809040501
201809040504
201806040504
201809040511
201806040512
201806040507
201809040507
201809040512
201806040503
201809040510
201809040506
201809040505
201806040602
201809040612
201806040603
201809040601
201806040601
201806040610
201806040604
201809040604
201809040606
201806040612
201809040605
201809040603
201806040611
201809040607
201806040606
201809040611
201806040605
201806040607
201806040609
201809040602
201806040608
201809040608
201809040609
201809040610
201809040712
201809040702
201809040706
201806040704
201809040703
201806040710
201809040711
201806040701
201806040709
201806040703
201809040709
201809040708
201806040705
201809040701
201809040705
201809040710
201806040708
201806040712
201806040702
201806040711
201809040704
201806040707
201806040706
201809040707
201806040807
201806040805
201809040802
201809040806
201809040808
201809040801
201809040804
201806040808
201809040809
201809040811
201806040810
201806040812
201806040806
201806040804
201809040803
201806040802
201806040809
201806040801
201809040807
201806040811
201809040805
201809040810
201806040803
201809040812
201806040910
201806040909
201806040903
201806040907
201806040911
201806040904
201806040905
201806040906
201806040908
201806040912
201806040902
201806040901
201809040901
201809040907
201809040908
201809040909
201809040911
201809040912
201809040904
201809040910
201809040906
201809040905
201809040902
201809040903
201805040110
201805040102
201805040103
201808040103
201808040107
201808040111
201805040104
201808040108
201805040111
201808040109
201805040106
201805040107
201808040104
201808040112
201805040112
201805040101
201808040105
201805040108
201808040101
201805040105
201808040102
201808040110
201808040106
201805040109
201808040202
201808040211
201805040206
201805040208
201808040208
201805040212
201805040207
201808040205
201805040210
201808040203
201805040203
201808040212
201808040207
201808040210
201808040206
201805040201
201805040209
201805040202
201808040209
201805040204
201808040204
201805040211
201805040205
201808040201
201808040302
201805040304
201808040301
201808040308
201805040312
201808040309
201805040305
201805040306
201808040312
201805040311
201805040310
201808040305
201805040307
201805040303
201808040310
201805040308
201808040311
201808040304
201805040302
201808040303
201805040301
201808040307
201805040309
201808040306
201805040411
201808040412
201805040405
201804030110
201808040403
201804030108
201805040402
201808040401
201808040402
201805040406
201808040409
201804030102
201808040411
201808040407
201808040408
201804030101
201805040404
201804030104
201805040403
201805040408
201804030112
201808040404
201808040410
201804030103
201804030107
201805040412
201804030105
201805040407
201804030106
201804030111
201805040409
201805040410
201804030109
201808040405
201808040406
201805040401
201808040501
201804030202
201808040504
201808040508
201804030209
201808040511
201805040507
201805040510
201808040512
201808040503
201808040502
201808040507
201804030204
201808040506
201804030203
201804030205
201805040501
201804030201
201805040509
201804030206
201804030207
201805040506
201805040508
201804030212
201805040503
201805040505
201805040511
201808040509
201808040510
201805040512
201808040505
201804030210
201805040502
201804030208
201805040504
201804030211
201808040604
201805040612
201804030312
201805040611
201804030301
201804030305
201808040605
201805040605
201808040612
201805040602
201804030308
201808040611
201808040607
201804030303
201808040608
201805040604
201808040609
201804030306
201804030310
201804030311
201805040610
201805040608
201805040603
201805040609
201805040601
201805040607
201808040601
201808040602
201804030307
201808040603
201804030309
201808040606
201805040606
201804030304
201808040610
201804030302
201804030402
201804030405
201804030407
201804030409
201808040709
201808040708
201805040712
201804030404
201808040705
201805040708
201804030411
201805040710
201808040706
201804030408
201808040702
201808040707
201808040712
201808040711
201808040701
201805040702
201804030412
201804030406
201805040711
201805040705
201805040709
201808040703
201808040710
201804030403
201805040703
201805040707
201805040704
201804030401
201808040704
201804030410
201805040701
201805040706
201805040812
201805040805
201805040811
201805040803
201805040807
201804030501
201808040806
201804030510
201808040812
201804030506
201808040803
201808040802
201804030502
201808040808
201804030508
201805040801
201805040804
201808040807
201804030505
201808040804
201808040801
201805040810
201804030507
201808040810
201804030504
201805040802
201808040805
201808040809
201805040809
201804030509
201804030511
201805040806
201804030503
201804030512
201805040808
201808040811
201805040902
201805040901
201808040907
201808040912
201804030603
201804030609
201808040906
201805040912
201808040903
201804030612
201808040905
201804030608
201804030601
201804030610
201805040910
201804030602
201805040903
201804030605
201805040908
201808040911
201805040911
201808040902
201808040909
201805040906
201804030611
201805040907
201805040909
201805040904
201808040901
201804030606
201808040910
201804030607
201808040904
201804030604
201808040908
201805040905
201805050109
201805050105
201808050101
201805050101
201808050111
201808050103
201808050105
201803030112
201805050106
201803030108
201808050106
201803030101
201808050107
201803030109
201805050110
201803030103
201805050103
201803030106
201808050109
201805050111
201803030102
201808050112
201803030105
201803030107
201808050102
201805050108
201808050110
201803030104
201808050108
201805050102
201805050112
201803030110
201805050104
201808050104
201803030111
201805050107
201803030201
201808050201
201808050208
201803030211
201808050202
201808050211
201803030208
201808050210
201808050203
201803030204
201805050208
201805050207
201803030203
201803030206
201805050206
201803030202
201805050212
201808050209
201805050210
201808050212
201803030210
201803030205
201805050201
201805050204
201808050205
201803030209
201808050206
201803030212
201803030207
201805050203
201808050204
201808050207
201805050205
201805050209
201805050211
201805050202
201808050310
201808050311
201805050307
201808050305
201803030302
201805050302
201803030304
201805050309
201805050304
201808050312
201808050306
201808050303
201803030307
201805050312
201803030306
201803030310
201803030312
201803030309
201803030308
201805050306
201805050303
201805050308
201808050301
201808050307
201803030305
201808050302
201805050305
201805050310
201808050309
201803030311
201808050304
201803030301
201805050311
201808050308
201805050301
201803030303
201805050402
201805050403
201803030408
201803030409
201803030410
201803030403
201805050401
201808050412
201808050406
201808050404
201805050409
201808050405
201803030402
201805050406
201805050405
201808050408
201803030412
201803030411
201805050404
201803030407
201803030405
201808050407
201808050401
201805050412
201803030406
201803030404
201805050411
201808050411
201805050410
201805050408
201808050409
201803030401
201808050403
201808050410
201805050407
201808050402
201803030509
201805050502
201803030508
201805050504
201803030504
201808050505
201805050503
201808050503
201808050508
201803030507
201805050509
201803030503
201805050505
201805050508
201803030501
201803030506
201805050512
201808050509
201808050511
201803030511
201808050504
201805050507
201808050510
201805050510
201803030505
201803030510
201808050501
201805050511
201808050506
201808050507
201803030512
201805050506
201808050502
201805050501
201803030502
201808050512
201808050601
201808050603
201808050608
201808050607
201808050610
201803030607
201803030606
201805050607
201803030610
201805050606
201805050605
201803030601
201805050602
201803030609
201803030604
201803030602
201805050608
201805050612
201803030605
201808050609
201803030612
201805050611
201805050604
201805050601
201808050606
201805050603
201803030611
201808050612
201805050609
201803030608
201808050602
201808050605
201808050611
201808050604
201803030603
201805050610
201808050706
201805050707
201805050705
201805050702
201808050712
201805050712
201808050704
201805050703
201805050701
201808050701
201805050708
201805050710
201808050705
201808050711
201808050707
201808050708
201808050710
201808050702
201808050709
201805050706
201805050709
201805050711
201808050703
201805050704
201805050806
201805050804
201808050805
201808050802
201805050801
201808050803
201805050808
201808050806
201808050804
201805050803
201808050809
201805050805
201808050801
201805050811
201805050810
201808050808
201808050807
201808050810
201805050809
201808050812
201805050807
201808050811
201805050802
201807040109
201809050112
201806050111
201807040107
201806050105
201806050109
201806050102
201807040112
201806050107
201806050108
201809050108
201806050110
201806050106
201809050104
201809050107
201809050109
201807040111
201806050103
201806050104
201809050102
201807040105
201809050110
201807040103
201807040101
201807040104
201807040102
201806050101
201809050106
201807040108
201807040110
201806050112
201809050103
201809050101
201809050111
201809050105
201807040106
201807040210
201806050202
201807040204
201809050202
201807040202
201809050209
201806050207
201806050206
201806050203
201806050210
201807040212
201807040211
201806050201
201807040203
201809050205
201807040206
201809050207
201806050209
201807040208
201807040201
201809050210
201809050211
201807040209
201809050203
201809050208
201806050208
201806050205
201809050206
201809050201
201807040207
201807040205
201809050204
201806050204
201809050212
201806050211
201806050212
201807040309
201809050302
201806050309
201807040306
201809050301
201806050305
201809050304
201807040310
201809050306
201807040303
201806050304
201809050312
201806050306
201809050305
201807040302
201807040304
201807040301
201806050307
201806050310
201806050311
201807040311
201807040305
201806050308
201806050301
201809050311
201807040307
201807040312
201809050309
201809050308
201807040308
201809050310
201806050312
201809050303
201809050307
201806050303
201806050302
201807040405
201807040404
201809050405
201806050408
201806050411
201809050403
201809050407
201807040403
201809050408
201807040410
201809050412
201806050412
201809050411
201809050406
201807040407
201807040401
201807040408
201809050409
201807040412
201807040411
201806050406
201806050410
201806050404
201806050407
201806050403
201809050404
201809050401
201807040402
201809050402
201806050405
201807040406
201806050402
201807040409
201806050401
201806050409
201809050410
201807040502
201809050501
201806050504
201806050512
201809050505
201809050503
201806050506
201806050502
201807040512
201807040510
201809050502
201807040507
201806050509
201806050510
201807040504
201809050508
201809050509
201807040501
201806050501
201806050503
201809050511
201806050505
201807040506
201806050511
201809050504
201806050508
201807040511
201807040508
201807040505
201809050507
201809050512
201809050506
201806050507
201809050510
201807040509
201807040503
201809050604
201809050601
201807040606
201807040609
201806050603
201809050608
201806050607
201807040603
201807040607
201807040602
201807040608
201809050611
201806050609
201809050609
201807040604
201806050602
201806050601
201809050606
201806050610
201809050610
201806050612
201809050605
201806050606
201806050608
201809050607
201807040612
201806050604
201807040610
201806050611
201809050602
201809050612
201807040611
201807040601
201809050603
201806050605
201807040605
201809050712
201809050709
201806050709
201806050711
201809050706
201806050706
201809050705
201806050703
201809050702
201809050708
201806050707
201806050708
201809050710
201806050705
201806050701
201809050701
201809050704
201806050704
201809050711
201806050710
201809050703
201806050702
201809050707
201806050712
201806050801
201809050806
201806050812
201809050809
201809050810
201806050806
201809050812
201806050803
201806050810
201806050804
201806050807
201806050805
201809050804
201809050807
201806050811
201809050808
201806050802
201809050803
201806050808
201809050805
201809050811
201809050801
201806050809
201809050802
201806050903
201806050911
201806050902
201806050910
201809050902
201806050905
201809050912
201809050905
201809050901
201809050904
201806050904
201806050908
201809050906
201809050907
201806050907
201806050912
201806050909
201809050910
201809050911
201806050901
201809050909
201809050908
201806050906
201809050903