201908010101
201906010112
201906010103
201906010104
201906010111
201908010111
201908010107
201906010110
201906010109
201906010106
201906010108
201906010101
201908010102
201908010106
201908010109
201908010108
201908010112
201908010103
201908010110
201908010105
201906010107
201906010102
201908010104
201906010105
201906010203
201906010201
201906010210
201906010209
201908010203
201908010211
201908010208
201908010205
201908010207
201908010212
201906010207
201908010202
201908010204
201908010206
201906010206
201906010202
201906010211
201906010208
201906010205
201908010209
201906010204
201906010212
201908010210
201908010201
201906010312
201906010301
201908010311
201908010307
201906010305
201908010305
201906010302
201908010302
201906010303
201908010303
201906010309
201906010311
201908010301
201908010304
201908010312
201908010306
201906010310
201908010308
201906010306
201906010307
201908010310
201906010308
201906010304
201908010309
201908010402
201908010401
201906010412
201908010411
201908010406
201906010409
201906010410
201908010407
201908010408
201908010412
201906010403
201906010402
201906010408
201906010406
201908010410
201908010409
201906010411
201906010405
201906010401
201908010404
201906010407
201906010404
201908010403
201908010405
201906010505
201908010512
201908010507
201908010509
201908010503
201908010501
201906010511
201906010509
201908010510
201906010501
201906010504
201906010506
201906010512
201906010507
201908010506
201908010504
201908010505
201906010503
201908010508
201906010502
201908010502
201906010510
201906010508
201908010511
201907010108
201906010608
201907010110
201906010607
201908010612
201906010612
201907010104
201906010609
201906010605
201907010109
201907010103
201908010602
201908010607
201907010112
201908010608
201908010605
201908010611
201906010606
201908010606
201907010107
201906010610
201907010111
201906010601
201908010610
201907010102
201906010602
201907010105
201906010603
201907010106
201906010611
201908010603
201906010604
201908010604
201908010601
201908010609
201907010101
201906010712
201908010709
201906010705
201907010204
201908010708
201908010705
201906010711
201906010710
201906010708
201908010707
201908010703
201906010709
201908010702
201908010712
201908010710
201907010208
201907010210
201906010707
201907010205
201906010702
201907010202
201906010703
201907010207
201907010209
201908010704
201907010212
201908010711
201906010701
201908010701
201906010704
201908010706
201906010706
201907010203
201907010206
201907010211
201907010201
201907010310
201907010311
201905010109
201907010302
201905010101
201905010104
201905010103
201905010110
201908020104
201908020101
201908020105
201905010112
201907010304
201907010301
201908020111
201905010111
201907010306
201908020108
201907010303
201907010312
201905010107
201907010309
201908020102
201905010105
201908020107
201908020109
201905010108
201908020106
201908020103
201905010102
201908020112
201908020110
201905010106
201907010307
201907010308
201907010305
201907010408
201905010208
201907010406
201907010410
201908020207
201907010401
201908020201
201907010405
201905010205
201905010211
201907010407
201907010409
201905010204
201908020209
201907010403
201908020203
201908020206
201907010404
201908020210
201908020205
201905010210
201907010411
201908020211
201905010203
201908020212
201905010202
201907010402
201905010206
201907010412
201908020202
201908020204
201905010212
201905010201
201905010207
201908020208
201905010209
201905010304
201905010302
201905010308
201907010510
201907010508
201908020304
201905010311
201905010309
201908020310
201905010306
201908020301
201907010501
201908020302
201905010307
201907010507
201905010303
201905010305
201907010506
201905010301
201905010310
201907010502
201907010511
201907010503
201905010312
201908020311
201908020312
201908020303
201908020309
201907010505
201907010504
201908020305
201907010512
201908020307
201908020306
201907010509
201908020308
201907010608
201907010607
201907010601
201907010605
201905010403
201905010412
201905010409
201907010603
201905010406
201908020404
201905010402
201907010606
201907010611
201905010410
201908020411
201905010407
201905010405
201908020407
201907010610
201905010408
201908020403
201908020408
201908020409
201908020406
201905010404
201907010604
201905010411
201907010602
201907010609
201905010401
201908020412
201907010612
201908020401
201908020410
201908020405
201908020402
201908020504
201910010111
201908020508
201908020501
201910010105
201908020512
201908020507
201910010109
201910010106
201908020502
201910010107
201910010101
201908020505
201908020511
201910010112
201908020510
201910010103
201908020503
201910010104
201910010110
201908020509
201908020506
201910010108
201910010102
201910010206
201905010607
201910010211
201910010209
201905010602
201908020608
201905010608
201910010204
201905010612
201908020602
201905010606
201910010210
201908020611
201905010605
201905010610
201910010212
201905010604
201905010611
201908020606
201905010601
201908020607
201908020605
201910010208
201905010609
201908020604
201908020609
201908020601
201910010202
201910010205
201910010203
201905010603
201910010207
201910010201
201908020612
201908020603
201908020610
201905010501
201905010508
201905010510
201905010502
201905010509
201905010512
201905010511
201905010506
201905010504
201905010503
201905010507
201905010505
201905010705
201910010309
201910010305
201908020708
201908020703
201910010308
201910010312
201905010707
201910010301
201905010704
201910010306
201908020701
201905010709
201910010307
201910010304
201905010708
201908020705
201908020706
201908020704
201905010712
201910010302
201910010303
201905010706
201905010701
201905010710
201910010311
201910010310
201908020709
201908020702
201905010702
201908020707
201905010711
201908020712
201908020711
201908020710
201905010703
201908020806
201910010401
201908020810
201910010411
201908020811
201908020802
201905010804
201908020804
201910010406
201905010812
201910010404
201905010805
201908020805
201905010809
201905010801
201910010405
201910010412
201908020808
201908020812
201905010807
201905010808
201905010803
201905010806
201908020809
201910010410
201908020803
201908020807
201910010407
201910010408
201905010802
201910010409
201910010403
201908020801
201910010402
201905010810
201905010811
201906020103
201909010108
201906020101
201910010502
201909010102
201906020112
201910010504
201910010509
201910010511
201909010105
201906020105
201910010506
201910010501
201910010508
201909010109
201906020107
201909010110
201909010106
201906020106
201909010101
201910010503
201909010103
201909010112
201906020111
201906020108
201909010104
201906020109
201910010510
201910010505
201910010507
201909010107
201906020104
201910010512
201906020102
201906020110
201909010111
201906020207
201906020204
201906020209
201910010605
201910010601
201910010602
201910010606
201910010612
201910010607
201906020211
201906020205
201910010603
201910010611
201909010212
201906020210
201906020212
201910010610
201910010608
201906020208
201910010609
201906020203
201906020202
201909010208
201910010604
201909010209
201909010210
201909010205
201909010201
201909010211
201909010202
201909010204
201906020201
201909010203
201909010206
201906020206
201909010207
201910010701
201909010307
201906020303
201910010710
201910010702
201906020304
201910010711
201910010706
201906020310
201909010302
201910010712
201906020307
201909010312
201909010303
201909010305
201906020312
201910010705
201909010310
201909010311
201906020306
201910010703
201906020311
201910010704
201909010309
201906020308
201910010708
201909010301
201909010308
201906020301
201906020302
201910010707
201909010304
201910010709
201909010306
201906020309
201906020305
201909010402
201906020404
201906020410
201910010807
201906020409
201906020401
201910010812
201909010405
201906020407
201909010401
201909010408
201910010804
201909010412
201910010801
201910010811
201906020411
201909010411
201910010809
201906020405
201910010802
201910010805
201910010806
201909010403
201909010409
201906020406
201909010407
201910010810
201910010808
201906020402
201906020403
201906020408
201909010406
201910010803
201909010404
201906020412
201909010410
201907020110
201906020508
201909010505
201909010509
201909010503
201907020107
201907020106
201906020511
201907020111
201906020501
201907020101
201906020502
201909010504
201906020505
201906020512
201907020105
201906020503
201907020112
201909010508
201906020509
201909010510
201906020504
201906020510
201909010511
201906020506
201909010507
201906020507
201907020104
201909010502
201909010501
201907020109
201907020103
201907020102
201909010512
201907020108
201909010506
201909010603
201909010601
201907020203
201906020602
201909010604
201909010612
201907020204
201907020207
201906020611
201906020601
201906020607
201907020206
201906020608
201909010607
201906020610
201909010602
201907020209
201906020609
201909010608
201909010609
201909010605
201906020612
201907020208
201906020604
201906020605
201909010606
201909010610
201907020211
201907020212
201907020201
201907020205
201907020202
201906020603
201906020606
201909010611
201907020210
201907020310
201909010707
201907020301
201907020312
201909010704
201909010708
201906020711
201907020302
201906020704
201909010705
201906020706
201909010702
201907020306
201909010706
201909010711
201906020709
201907020309
201906020712
201906020702
201907020304
201909010710
201906020705
201909010703
201907020307
201909010709
201907020305
201907020308
201907020311
201909010701
201909010712
201906020701
201906020708
201906020703
201906020710
201906020707
201907020303
201907020405
201906020808
201907020401
201907020404
201909010811
201906020809
201909010802
201907020402
201907020410
201906020804
201909010810
201909010806
201909010809
201909010803
201907020407
201909010804
201907020409
201907020406
201907020411
201906020803
201909010801
201907020408
201906020807
201906020812
201909010807
201909010812
201907020403
201906020806
201909010808
201906020811
201909010805
201906020802
201906020810
201906020805
201907020412
201906020801
201909020107
201907020502
201909020102
201909020108
201909020101
201906030108
201906030102
201906030111
201909020103
201906030105
201909020105
201907020512
201909020106
201907020511
201907020503
201906030104
201906030112
201906030106
201907020508
201909020110
201907020510
201907020501
201907020509
201909020111
201906030101
201907020506
201907020507
201907020505
201909020109
201909020112
201906030103
201909020104
201907020504
201906030110
201906030109
201906030107
201909020201
201907020608
201909020206
201907020611
201907020603
201909020202
201909020212
201907020609
201906030212
201907020610
201909020203
201907020607
201909020209
201906030201
201909020207
201909020210
201907020605
201907020601
201906030207
201906030204
201909020204
201906030208
201906030209
201909020208
201906030202
201907020606
201907020602
201906030211
201907020612
201906030206
201906030203
201906030210
201906030205
201909020205
201909020211
201907020604
201906030308
201906030312
201906030306
201906030303
201909020310
201906030301
201909020301
201909020304
201906030304
201909020306
201906030307
201906030310
201909020311
201909020302
201906030309
201909020309
201906030311
201909020305
201909020308
201909020307
201906030305
201909020303
201909020312
201906030302
201906030411
201906030401
201909020401
201906030407
201906030406
201906030412
201909020412
201906030402
201909020408
201909020402
201906030408
201909020410
201906030405
201906030409
201906030403
201906030410
201909020407
201909020405
201909020404
201909020411
201909020409
201909020406
201906030404
201909020403
201903010103
201906030508
201909020501
201909020506
201909020508
201909020505
201909020503
201903010102
201909020511
201906030502
201906030511
201909020509
201909020512
201903010109
201903010108
201906030512
201906030506
201903010105
201903010106
201909020507
201903010110
201906030503
201903010112
201906030501
201906030504
201903010107
201903010101
201906030507
201906030505
201903010104
201909020502
201909020504
201903010111
201906030510
201906030509
201909020510
201903010210
201906030602
201906030606
201906030601
201909020605
201906030610
201906030603
201903010211
201909020606
201909020610
201903010204
201909020611
201903010207
201909020604
201903010202
201903010206
201903010201
201906030612
201906030605
201909020607
201906030608
201909020603
201909020609
201903010203
201909020612
201909020608
201909020601
201903010205
201909020602
201906030611
201903010208
201906030609
201906030607
201903010209
201906030604
201903010212
201909020705
201909020706
201909020707
201906030704
201903010304
201903010306
201903010307
201903010311
201906030702
201909020710
201906030711
201909020712
201909020703
201906030705
201903010312
201906030710
201906030709
201909020702
201909020708
201909020704
201906030708
201903010302
201903010309
201903010303
201903010301
201906030712
201909020709
201903010310
201903010305
201909020711
201906030703
201906030701
201906030707
201906030706
201903010308
201909020701
201906030812
201903010409
201909020808
201909020811
201906030808
201903010401
201906030805
201906030804
201903010403
201903010411
201906030801
201903010404
201909020803
201909020804
201906030806
201906030807
201909020802
201906030803
201909020801
201909020809
201903010412
201903010408
201909020805
201903010402
201906030811
201903010407
201903010406
201909020812
201903010405
201909020806
201909020810
201903010410
201906030809
201909020807
201906030802
201906030810
201905020111
201903010507
201905020108
201905020106
201908030103
201908030101
201903010502
201905020101
201905020110
201903010503
201905020112
201908030102
201908030108
201903010510
201905020105
201908030106
201903010509
201903010512
201903010504
201908030109
201908030112
201903010508
201903010505
201903010511
201908030105
201908030107
201908030104
201905020102
201903010506
201905020109
201905020107
201905020103
201908030111
201903010501
201905020104
201908030110
201903010602
201908030209
201905020206
201903010607
201903010611
201908030202
201905020203
201905020202
201905020208
201905020204
201903010610
201903010604
201908030208
201905020209
201903010609
201905020205
201903010603
201903010601
201908030201
201905020211
201908030204
201908030211
201903010612
201903010606
201903010608
201908030212
201905020212
201908030203
201905020210
201905020207
201908030206
201903010605
201908030205
201908030210
201908030207
201905020201
201905020301
201904010111
201905020310
201905020305
201904010110
201904010112
201905020304
201905020307
201905020312
201905020309
201905020302
201905020311
201904010104
201904010105
201904010107
201905020308
201904010108
201904010101
201904010109
201904010103
201905020303
201904010106
201904010102
201905020306
201908030309
201905020409
201908030308
201905020405
201905020411
201908030304
201905020407
201908030301
201908030307
201905020406
201905020403
201908030310
201905020402
201908030302
201905020410
201905020412
201905020404
201908030311
201908030305
201908030312
201905020408
201905020401
201908030306
201908030303
201904010209
201904010210
201908030408
201904010207
201908030409
201904010202
201908030412
201908030403
201904010205
201908030410
201908030402
201904010212
201904010211
201904010206
201904010201
201904010208
201908030405
201904010204
201908030411
201904010203
201908030401
201908030407
201908030406
201908030404
201905020508
201905020502
201908030511
201908030507
201908030512
201905020507
201904010306
201904010304
201905020504
201908030501
201905020503
201908030503
201904010309
201908030508
201905020509
201908030509
201904010310
201904010302
201908030510
201904010303
201904010312
201905020506
201904010311
201905020505
201905020501
201908030504
201904010308
201908030506
201904010307
201908030505
201908030502
201904010305
201904010301
201905020609
201904010408
201905020612
201908030606
201904010411
201904010409
201908030601
201904010410
201905020602
201904010402
201904010412
201908030602
201908030611
201904010407
201908030612
201908030604
201908030609
201905020607
201908030608
201908030607
201905020610
201905020604
201908030610
201905020603
201904010405
201905020605
201904010403
201904010401
201905020611
201904010406
201905020608
201908030605
201905020606
201908030603
201904010404
201905020601
201905020704
201904010504
201904010512
201904010510
201905020711
201905020708
201908030707
201908030712
201908030710
201908030703
201904010507
201905020712
201908030702
201904010501
201905020706
201905020702
201908030704
201905020707
201908030708
201905020703
201908030706
201904010505
201904010503
201904010506
201905020710
201904010502
201908030709
201905020705
201904010509
201908030711
201904010508
201905020701
201908030701
201905020709
201904010511
201908030705
201904010603
201908030809
201904010609
201904010602
201905020810
201908030802
201908030801
201908030812
201905020802
201904010604
201905020807
201904010612
201904010601
201904010606
201904010611
201904010605
201905020811
201908030806
201908030808
201905020806
201905020801
201908030804
201908030807
201908030811
201905020803
201904010610
201908030805
201905020809
201905020804
201904010608
201905020805
201905020808
201908030810
201904010607
201905020812
201908030803
201904010708
201905020903
201908030909
201905020906
201905020909
201905020912
201908030905
201904010711
201905020908
201908030906
201908030901
201904010707
201904010706
201908030904
201908030908
201908030903
201904010701
201904010709
201908030911
201905020905
201908030907
201908030902
201905020911
201905020904
201908030910
201904010702
201904010710
201904010703
201908030912
201904010705
201905020910
201905020901
201905020907
201904010704
201904010712
201905020902
201905021010
201904010806
201904010805
201905021003
201908031011
201904010804
201908031006
201905021011
201908031005
201905021005
201905021012
201905021002
201908031010
201908031012
201908031002
201904010808
201904010803
201905021006
201905021001
201904010810
201908031009
201908031004
201905021008
201904010812
201904010802
201908031008
201904010801
201908031001
201908031003
201905021009
201904010811
201908031007
201904010807
201904010809
201905021007
201905021004
201908031108
201905021104
201905021101
201905021112
201908031101
201908031109
201905021109
201905021108
201905021102
201905021107
201908031105
201908031111
201908031102
201905021106
201908031107
201908031110
201905021111
201905021105
201908031106
201905021110
201905021103
201908031112
201908031104
201908031103
201905021211
201905021204
201905021206
201908031201
201905021212
201905021201
201908031212
201908031203
201908031210
201908031211
201908031207
201905021208
201905021207
201905021205
201908031206
201905021209
201908031205
201905021202
201908031202
201908031208
201905021210
201905021203
201908031209
201908031204
201909030102
201905030111
201909030111
201905030106
201905030112
201905030104
201909030109
201905030101
201909030110
201909030107
201905030109
201905030107
201905030108
201909030104
201905030102
201909030101
201909030105
201905030105
201909030106
201905030110
201909030112
201905030103
201909030108
201909030103
201909030210
201905030210
201905030206
201909030201
201909030212
201909030204
201909030203
201909030202
201909030209
201905030201
201905030209
201909030206
201905030211
201909030208
201909030207
201905030212
201905030207
201905030203
201905030205
201905030204
201905030208
201905030202
201909030211
201909030205
201909030310
201909030312
201909030306
201909030311
201909030302
201905030308
201909030309
201905030304
201905030309
201905030303
201905030310
201905030311
201909030303
201909030305
201905030312
201905030301
201909030307
201905030306
201905030307
201905030302
201909030301
201909030304
201905030305
201909030308
201905030405
201909030402
201909030406
201909030409
201909030408
201905030408
201905030403
201905030406
201905030401
201905030412
201905030411
201909030404
201905030402
201905030404
201905030409
201909030405
201909030403
201909030401
201905030410
201905030407
201909030410
201909030412
201909030407
201909030411
201909030501
201909030510
201902010106
201905030502
201902010107
201902010112
201905030509
201902010104
201905030504
201905030507
201902010105
201902010111
201909030512
201909030505
201905030506
201909030503
201905030512
201909030509
201905030508
201902010102
201905030511
201909030506
201905030510
201909030504
201905030501
201902010110
201905030503
201909030502
201909030511
201902010101
201905030505
201902010108
201902010109
201909030507
201902010103
201909030508
201909030603
201902010211
201902010212
201905030605
201905030609
201902010205
201909030607
201905030612
201909030602
201902010206
201905030601
201905030602
201902010201
201902010209
201909030609
201905030603
201905030607
201909030605
201909030612
201902010203
201905030606
201905030611
201909030608
201909030611
201909030601
201905030610
201905030608
201902010204
201902010208
201905030604
201909030604
201909030610
201902010207
201909030606
201902010202
201902010210
201909030705
201902010312
201905030703
201909030711
201902010303
201909030710
201905030709
201905030710
201905030704
201905030705
201902010304
201909030712
201902010301
201905030702
201902010307
201902010311
201902010305
201905030706
201902010302
201909030708
201905030711
201909030709
201909030706
201905030708
201902010310
201909030701
201902010308
201909030703
201909030707
201905030701
201905030712
201905030707
201909030702
201902010306
201909030704
201902010309
201902010401
201902010407
201905030809
201909030809
201902010402
201902010404
201905030807
201909030808
201909030812
201902010410
201905030806
201909030805
201905030808
201905030810
201905030801
201902010411
201909030801
201909030807
201902010406
201909030811
201905030811
201905030804
201909030806
201902010412
201909030810
201902010405
201905030802
201905030805
201909030804
201902010408
201909030802
201902010403
201905030812
201909030803
201902010409
201905030803
201902010502
201907030106
201907030108
201902010505
201907030103
201903020109
201903020111
201902010503
201903020107
201902010508
201907030102
201907030107
201907030110
201903020102
201903020108
201903020105
201907030104
201903020103
201903020106
201902010511
201902010509
201903020110
201902010507
201907030101
201902010504
201907030112
201902010512
201903020101
201903020112
201903020104
201907030111
201902010510
201902010501
201907030105
201907030109
201902010506
201903020212
201902010610
201907030201
201902010612
201903020209
201902010601
201903020202
201907030204
201903020207
201907030211
201902010604
201902010609
201907030205
201907030207
201902010606
201902010602
201903020205
201903020211
201907030209
201903020201
201902010603
201903020208
201907030208
201907030203
201902010608
201903020204
201903020203
201907030206
201903020206
201907030210
201907030202
201902010607
201907030212
201902010611
201903020210
201902010605
201903020309
201907030305
201902020108
201907030306
201903020311
201903020307
201903020305
201902020102
201907030304
201907030301
201907030302
201903020304
201907030311
201902020103
201902020101
201903020303
201902020106
201903020310
201907030307
201907030310
201902020111
201907030308
201903020312
201903020306
201907030312
201903020302
201907030303
201902020104
201903020301
201903020308
201902020109
201902020105
201907030309
201902020110
201902020112
201902020107
201902020210
201903020402
201903020411
201902020208
201907030412
201903020403
201903020407
201907030406
201903020410
201902020212
201907030405
201902020202
201903020412
201907030409
201902020209
201903020401
201903020408
201902020205
201902020211
201907030408
201907030410
201903020405
201902020206
201902020207
201902020203
201907030402
201903020406
201902020201
201907030404
201903020404
201903020409
201907030411
201902020204
201907030401
201907030407
201907030403
201903020505
201903020501
201907030501
201903020511
201902020308
201903020508
201902020305
201907030509
201902020310
201903020504
201902020306
201903020503
201902020307
201907030508
201907030503
201907030507
201907030510
201902020302
201903020512
201903020507
201902020312
201903020502
201902020304
201907030506
201903020509
201903020510
201902020301
201907030502
201907030504
201907030505
201902020303
201903020506
201902020311
201902020309
201907030512
201907030511
201902020408
201903020602
201903020605
201907030603
201903020604
201902020411
201907030606
201902020403
201907030601
201903020608
201902020410
201907030604
201903020609
201903020601
201907030605
201907030609
201907030608
201903020611
201907030607
201903020607
201902020405
201907030611
201907030610
201902020401
201903020610
201907030612
201902020412
201902020406
201903020603
201902020409
201907030602
201902020407
201902020402
201903020606
201903020612
201902020404
201902020510
201907030705
201907030703
201903020705
201903020712
201907030709
201903020710
201903020709
201903020708
201907030701
201907030707
201903020701
201902020503
201907030711
201902020508
201902020512
201902020506
201903020703
201903020707
201907030708
201902020509
201907030704
201907030702
201903020704
201903020706
201903020702
201903020711
201907030706
201907030710
201902020505
201902020507
201902020504
201902020502
201907030712
201902020501
201902020511
201903020802
201902020608
201903020801
201902020610
201902020601
201907030811
201907030807
201902020609
201903020807
201903020811
201903020804
201907030803
201902020604
201902020605
201902020611
201907030812
201903020810
201903020803
201903020809
201907030801
201907030809
201902020607
201903020805
201907030804
201907030805
201903020812
201907030802
201902020602
201907030808
201907030810
201902020612
201903020806
201902020606
201902020603
201907030806
201903020808
201910020112
201904020102
201901010110
201904020112
201901010105
201901010101
201901010102
201901010111
201910020108
201904020110
201904020107
201901010104
201910020105
201910020102
201910020103
201904020106
201904020108
201901010106
201910020104
201910020106
201904020105
201910020107
201904020109
201910020101
201904020111
201910020109
201901010107
201910020111
201901010103
201904020104
201904020103
201901010108
201910020110
201901010112
201901010109
201904020101
201901010204
201904020201
201910020206
201910020209
201901010205
201910020201
201904020208
201901010212
201904020209
201904020211
201904020205
201901010202
201901010209
201910020204
201904020207
201904020206
201901010203
201901010207
201904020212
201910020202
201910020203
201910020208
201904020203
201904020202
201910020207
201901010211
201901010208
201910020212
201904020204
201910020211
201904020210
201910020210
201901010210
201901010206
201901010201
201910020205
201910020302
201901010302
201904020309
201910020303
201910020309
201901010308
201910020311
201904020311
201904020312
201901010307
201904020306
201904020301
201901010309
201904020307
201904020310
201901010301
201901010311
201910020306
201910020310
201901010304
201904020305
201901010312
201901010310
201910020312
201901010306
201904020304
201901010305
201904020308
201904020303
201901010303
201910020307
201910020308
201910020304
201910020305
201910020301
201904020302
201904020406
201910020410
201901010401
201904020403
201904020405
201910020409
201904020404
201910020404
201904020402
201901010405
201910020407
201910020411
201910020406
201910020405
201904020407
201910020408
201910020402
201904020410
201901010408
201901010411
201901010404
201910020412
201901010403
201901010412
201904020401
201904020411
201910020403
201904020408
201901010409
201901010406
201901010402
201901010407
201901010410
201904020409
201910020401
201904020412
201910020509
201901010507
201904020511
201901010501
201904020501
201901010512
201910020504
201910020503
201901010506
201910020507
201910020505
201904020507
201901010508
201904020512
201910020511
201904020509
201904020506
201901010502
201901010503
201910020512
201901010505
201910020501
201910020502
201904020502
201901010504
201901010511
201904020504
201904020508
201910020508
201901010509
201910020506
201904020503
201910020510
201904020505
201904020510
201901010510
201901010601
201910020603
201910020606
201901010607
201901010608
201904020610
201904020611
201910020607
201901010604
201910020609
201901010610
201910020601
201904020601
201910020602
201904020603
201904020606
201910020611
201901010609
201901010612
201910020612
201904020604
201910020604
201901010602
201901010606
201904020605
201904020612
201910020608
201901010603
201910020605
201904020609
201904020608
201901010611
201901010605
201910020610
201904020607
201904020602
201901020107
201901020109
201901020105
201904020710
201904020702
201910020708
201910020706
201904020708
201910020709
201904020701
201901020101
201910020712
201901020108
201904020703
201904020705
201904020704
201901020106
201910020710
201910020711
201901020112
201904020709
201910020704
201901020110
201910020707
201904020706
201904020711
201910020705
201910020701
201904020707
201901020102
201910020702
201901020103
201901020104
201901020111
201904020712
201910020703
201904020809
201901020202
201910020801
201910020811
201904020808
201904020801
201910020802
201901020201
201904020811
201901020210
201904020807
201901020205
201910020808
201904020804
201904020805
201901020211
201910020810
201910020812
201910020803
201904020802
201904020810
201901020208
201910020809
201904020806
201901020203
201901020206
201901020207
201904020812
201901020212
201910020805
201910020806
201901020209
201910020807
201910020804
201904020803
201901020204
201901020302
201904020911
201904020903
201910020911
201904020901
201910020905
201904020909
201901020305
201904020902
201910020912
201904020912
201904020907
201910020910
201901020303
201910020904
201910020902
201901020310
201904020906
201904020910
201910020907
201901020312
201904020904
201910020906
201901020301
201901020307
201910020903
201901020308
201910020909
201901020311
201901020304
201910020901
201901020309
201901020306
201904020908
201910020908
201904020905
201910021006
201910021003
201910021011
201901020401
201904021008
201910021008
201901020408
201904021010
201901020409
201904021011
201910021004
201901020410
201904021009
201910021005
201904021007
201910021001
201910021010
201901020405
201901020406
201904021004
201910021012
201901020404
201904021001
201910021009
201901020411
201904021005
201904021012
201901020412
201910021007
201904021003
201901020403
201904021006
201901020402
201910021002
201904021002
201901020407
201910021101
201901020512
201901020507
201901020509
201904021102
201910021105
201901020503
201901020510
201904021101
201910021103
201901020508
201901020505
201910021109
201904021103
201904021107
201901020504
201910021107
201904021110
201904021111
201901020506
201910021110
201901020502
201910021104
201904021104
201904021105
201910021111
201910021106
201904021108
201904021109
201910021108
201910021102
201901020511
201901020501
201904021112
201904021106
201910021112
201904021203
201910021201
201910021205
201901020609
201901020606
201901020602
201901020611
201901020612
201904021209
201910021202
201910021209
201904021212
201910021206
201904021204
201901020603
201910021204
201901020601
201910021207
201904021208
201904021205
201904021201
201910021208
201901020610
201901020607
201910021203
201910021210
201910021212
201910021211
201904021207
201904021210
201904021211
201901020604
201901020605
201904021202
201901020608
201904021206
201906040112
201906040102
201906040101
201909040109
201906040106
201909040107
201906040110
201906040108
201909040108
201906040107
201909040106
201909040110
201909040112
201906040104
201909040101
201909040104
201909040111
201906040105
201909040105
201906040111
201909040103
201906040109
201909040102
201906040103
201906040204
201906040212
201906040210
201906040202
201906040211
201906040209
201906040203
201906040206
201909040208
201909040209
201909040201
201909040205
201906040208
201909040204
201909040202
201909040203
201909040207
201909040210
201909040206
201906040205
201909040212
201906040201
201909040211
201906040207
201906040303
201906040312
201906040307
201909040310
201909040301
201906040310
201906040302
201906040308
201909040311
201909040304
201909040308
201906040309
201909040303
201909040312
201909040305
201906040305
201906040304
201906040301
201906040311
201909040309
201909040306
201909040302
201906040306
201909040307
201906040405
201906040406
201909040412
201909040403
201906040411
201906040408
201909040410
201909040402
201906040410
201906040412
201909040411
201909040408
201909040404
201909040405
201906040409
201906040407
201909040406
201906040404
201906040401
201909040401
201906040403
201906040402
201909040407
201909040409
201906040507
201906040510
201909040509
201906040509
201909040507
201906040512
201909040504
201906040504
201906040501
201906040503
201909040508
201909040502
201909040510
201909040505
201909040512
201906040508
201906040502
201909040511
201909040501
201909040506
201906040505
201906040506
201909040503
201906040511
201909040604
201909040601
201909040611
201906040612
201906040602
201906040604
201906040605
201909040603
201909040607
201906040611
201906040610
201909040606
201909040608
201906040607
201906040606
201906040601
201909040609
201909040610
201906040609
201906040608
201909040612
201906040603
201909040602
201909040605
201909040705
201906040702
201906040710
201909040709
201909040712
201909040708
201909040710
201906040711
201906040701
201909040703
201906040712
201906040706
201906040704
201909040711
201906040709
201906040708
201906040705
201909040706
201909040704
201909040702
201906040703
201906040707
201909040707
201909040701
201909040809
201909040802
201906040802
201909040804
201906040803
201906040809
201906040805
201906040810
201909040805
201906040812
201906040811
201909040803
201906040806
201909040801
201906040804
201909040807
201906040807
201909040810
201906040801
201909040806
201906040808
201909040808
201909040812
201909040811
201906040904
201909040912
201906040905
201906040903
201909040903
201909040904
201909040906
201906040911
201906040912
201909040910
201909040901
201906040902
201909040908
201909040911
201909040909
201909040907
201906040909
201909040905
201906040901
201906040910
201906040908
201909040902
201906040907
201906040906
201905040110
201908040107
201904030103
201904030105
201908040102
201904030112
201908040106
201908040109
201908040103
201904030109
201904030107
201904030101
201905040108
201904030102
201908040110
201908040111
201908040112
201904030110
201905040111
201904030104
201905040107
201904030108
201905040109
201904030106
201905040102
201904030111
201905040101
201905040104
201905040105
201908040104
201905040112
201908040101
201905040106
201908040105
201908040108
201905040103
201905040212
201904030203
201904030210
201908040212
201904030208
201904030201
201908040210
201905040207
201908040206
201908040205
201908040204
201908040203
201908040202
201905040206
201904030202
201905040205
201904030204
201904030209
201908040211
201904030206
201908040208
201904030211
201905040209
201905040204
201905040208
201905040211
201905040210
201904030205
201905040202
201905040203
201904030212
201908040207
201904030207
201905040201
201908040201
201908040209
201908040305
201908040302
201908040304
201908040311
201908040307
201908040312
201908040306
201908040301
201908040303
201908040309
201908040308
201908040310
201908040401
201908040407
201908040405
201908040403
201908040406
201908040409
201908040410
201908040411
201908040408
201908040412
201908040402
201908040404
201908040503
201908040505
201905040501
201908040510
201908040506
201905040509
201908040501
201908040512
201908040507
201905040507
201908040509
201905040505
201905040502
201905040511
201905040503
201908040502
201908040511
201905040512
201905040504
201908040504
201908040508
201905040510
201905040506
201905040508
201905040311
201905040302
201905040306
201905040310
201905040308
201905040303
201905040301
201905040312
201905040305
201905040304
201905040307
201905040309
201904030309
201905040604
201908040606
201905040607
201905040605
201904030301
201904030306
201905040612
201904030304
201904030308
201908040604
201904030305
201908040612
201905040608
201904030312
201904030307
201905040611
201904030311
201908040609
201904030310
201908040608
201908040607
201904030302
201904030303
201908040603
201905040610
201905040609
201908040610
201905040606
201908040601
201908040602
201908040611
201905040602
201908040605
201905040603
201905040601
201904030409
201908040711
201904030402
201904030401
201908040708
201904030411
201904030405
201904030406
201908040709
201905040702
201905040711
201904030408
201905040709
201905040704
201908040712
201908040705
201908040702
201904030404
201905040708
201904030410
201905040712
201908040701
201905040707
201905040703
201908040704
201908040707
201905040705
201908040710
201905040706
201904030403
201904030412
201908040706
201905040710
201905040701
201908040703
201904030407
201905040406
201905040411
201905040403
201905040408
201905040401
201905040404
201905040410
201905040405
201905040409
201905040402
201905040407
201905040412
201905040803
201904030509
201904030503
201908040812
201904030512
201905040811
201905040802
201904030504
201905040810
201905040801
201908040802
201905040812
201904030506
201904030501
201905040807
201904030508
201905040804
201904030510
201904030502
201908040803
201908040806
201908040801
201905040805
201904030507
201908040807
201905040808
201908040805
201908040810
201908040804
201905040809
201905040806
201908040808
201904030505
201908040811
201904030511
201908040809
201904030608
201904030609
201905040907
201908040908
201905040910
201905040911
201908040902
201904030607
201904030603
201905040908
201905040904
201904030601
201905040906
201904030611
201905040902
201905040905
201908040901
201908040909
201904030604
201904030602
201908040907
201905040909
201908040903
201904030606
201904030605
201905040901
201904030612
201905040903
201908040906
201904030610
201905040912
201908040912
201908040910
201908040911
201908040904
201908040905
201903030109
201905050112
201905050107
201908050101
201903030105
201903030107
201908050104
201905050109
201905050110
201905050108
201908050111
201905050101
201908050107
201908050112
201908050109
201903030103
201903030108
201908050105
201908050103
201905050102
201908050106
201903030106
201903030104
201905050105
201903030111
201908050110
201903030102
201903030101
201908050102
201905050111
201905050106
201905050104
201903030112
201903030110
201905050103
201908050108
201905050208
201903030211
201903030201
201908050201
201908050209
201908050206
201905050210
201908050202
201908050210
201903030209
201905050207
201903030207
201905050211
201905050204
201905050209
201908050204
201903030212
201903030204
201905050202
201905050212
201908050212
201908050211
201905050206
201908050203
201905050201
201903030206
201908050208
201903030208
201903030205
201903030203
201905050203
201903030202
201905050205
201908050207
201903030210
201908050205
201903030307
201905050303
201905050306
201905050311
201908050309
201908050310
201908050305
201908050304
201903030311
201908050307
201905050312
201903030309
201908050308
201903030302
201908050311
201905050307
201908050302
201905050304
201905050301
201903030310
201908050312
201903030312
201908050306
201908050301
201903030303
201903030301
201905050305
201903030308
201905050302
201905050309
201903030305
201908050303
201903030306
201905050308
201903030304
201905050310
201905050404
201903030403
201908050406
201908050411
201903030409
201903030411
201903030410
201903030412
201905050409
201908050403
201903030402
201905050408
201903030408
201908050412
201905050411
201903030405
201908050405
201905050401
201905050402
201908050409
201903030406
201905050412
201905050405
201905050407
201908050407
201905050410
201908050402
201908050408
201905050406
201908050401
201908050404
201903030407
201905050403
201903030401
201908050410
201903030404
201905050506
201908050505
201903030501
201903030508
201903030504
201905050509
201903030505
201903030506
201905050501
201908050504
201908050506
201905050505
201908050501
201905050511
201903030503
201903030509
201903030512
201905050504
201905050503
201908050507
201908050512
201905050512
201908050508
201908050510
201908050509
201905050508
201905050507
201908050503
201903030507
201908050511
201903030510
201908050502
201905050502
201905050510
201903030511
201903030502
201903030610
201903030608
201903030604
201903030607
201905050611
201905050608
201903030605
201903030603
201903030606
201908050602
201905050601
201908050608
201903030611
201903030602
201903030609
201908050612
201908050603
201905050606
201908050607
201908050611
201905050612
201905050607
201905050609
201905050604
201908050605
201905050610
201903030612
201903030601
201905050605
201908050610
201908050606
201905050603
201908050609
201908050604
201908050601
201905050602
201905050704
201908050705
201908050703
201905050711
201908050709
201908050708
201908050711
201908050710
201905050706
201908050706
201905050708
201908050704
201908050712
201905050705
201905050703
201905050707
201905050701
201905050709
201908050702
201905050702
201908050701
201908050707
201905050710
201905050712
201905050808
201908050803
201905050803
201905050810
201908050808
201908050806
201908050801
201908050802
201908050812
201905050806
201905050807
201908050804
201908050807
201908050810
201908050805
201905050809
201908050809
201905050804
201908050811
201905050805
201905050801
201905050811
201905050802
201906050109
201909050109
201907040106
201907040111
201909050110
201909050112
201906050105
201909050105
201906050101
201907040105
201907040107
201906050103
201907040109
201906050104
201907040108
201907040110
201907040101
201909050101
201909050102
201907040104
201909050107
201906050102
201907040112
201906050106
201906050108
201909050106
201906050107
201906050112
201907040102
201909050108
201907040103
201909050103
201909050104
201906050110
201906050111
201909050111
201906050211
201909050202
201907040202
201907040205
201909050212
201906050207
201906050208
201906050206
201907040208
201907040209
201909050206
201909050205
201906050203
201909050207
201907040207
201909050208
201906050210
201909050210
201907040204
201906050204
201907040206
201906050209
201907040201
201906050205
201909050201
201909050203
201906050201
201907040210
201909050209
201909050211
201907040203
201909050204
201907040211
201906050202
201907040212
201906050212
201909050307
201907040301
201909050309
201907040311
201907040305
201907040304
201907040309
201906050312
201906050306
201909050301
201909050303
201909050308
201906050310
201909050305
201909050302
201907040312
201906050304
201907040307
201909050311
201909050312
201909050304
201907040302
201906050303
201907040308
201906050308
201909050306
201906050302
201907040303
201906050307
201907040310
201906050309
201906050311
201909050310
201906050301
201907040306
201906050305
201909050404
201909050405
201909050412
201907040412
201907040406
201909050411
201907040404
201906050407
201907040402
201906050405
201906050410
201907040409
201909050407
201907040405
201907040411
201909050403
201909050409
201907040408
201906050404
201906050412
201906050409
201909050406
201909050410
201907040403
201906050411
201906050403
201906050401
201906050408
201909050402
201909050408
201907040407
201907040410
201909050401
201906050402
201907040401
201906050406
201909050505
201907040501
201907040510
201906050511
201909050506
201907040505
201907040506
201906050504
201907040504
201907040511
201907040509
201906050502
201906050512
201909050504
201906050508
201909050502
201909050510
201909050508
201907040502
201909050512
201906050506
201906050507
201906050510
201906050509
201907040507
201906050503
201909050507
201906050505
201909050511
201906050501
201909050501
201907040503
201909050503
201907040508
201907040512
201909050509
201907040608
201909050609
201909050602
201907040602
201906050605
201907040611
201907040603
201907040606
201906050603
201907040610
201906050610
201907040604
201906050608
201906050604
201909050603
201909050606
201906050606
201907040612
201909050607
201909050611
201906050612
201909050610
201906050609
201909050605
201907040601
201907040605
201906050602
201909050601
201909050604
201906050611
201909050612
201906050607
201907040607
201906050601
201909050608
201907040609
201906050712
201906050702
201906050708
201909050712
201909050710
201909050702
201909050708
201906050707
201909050711
201906050706
201909050706
201906050709
201906050711
201909050707
201906050710
201909050701
201909050704
201906050704
201906050701
201909050709
201909050703
201906050705
201909050705
201906050703
201906050801
201906050802
201909050807
201906050809
201909050811
201906050803
201906050807
201909050805
201906050811
201909050809
201909050801
201906050808
201909050806
201906050810
201909050802
201909050810
201909050804
201909050808
201906050804
201906050805
201909050812
201909050803
201906050812
201906050806
201906050904
201909050911
201906050907
201906050906
201909050908
201906050910
201909050902
201906050911
201906050901
201909050909
201906050909
201906050912
201906050905
201906050903
201909050901
201909050906
201909050903
201909050910
201906050908
201909050912
201909050907
201909050905
201909050904
201906050902
