202008010112
202008010110
202006010107
202006010109
202008010105
202008010102
202006010105
202008010106
202008010107
202006010108
202006010101
202006010102
202006010111
202008010103
202008010111
202006010104
202006010103
202008010109
202006010106
202008010101
202006010110
202008010104
202006010112
202008010108
202008010210
202008010202
202006010205
202008010209
202006010206
202008010204
202008010208
202008010212
202006010212
202008010201
202006010210
202006010211
202008010211
202008010207
202006010207
202006010201
202008010203
202006010203
202006010209
202006010208
202008010206
202008010205
202006010202
202006010204
202006010312
202008010309
202008010307
202008010312
202006010304
202006010301
202006010310
202008010303
202006010302
202008010308
202008010311
202008010305
202006010307
202008010310
202008010301
202008010304
202008010306
202006010306
202006010311
202006010305
202008010302
202006010309
202006010303
202006010308
202008010404
202008010409
202006010412
202008010412
202006010409
202006010404
202006010406
202008010401
202008010402
202006010411
202008010410
202008010405
202006010408
202006010410
202006010403
202006010402
202008010407
202006010405
202006010407
202008010406
202008010411
202008010403
202006010401
202008010408
202006010505
202006010509
202008010501
202008010504
202006010507
202008010505
202006010501
202008010507
202006010503
202006010506
202008010511
202008010506
202008010508
202006010508
202008010512
202006010510
202008010503
202008010502
202006010512
202008010509
202006010511
202008010510
202006010502
202006010504
202008010612
202006010604
202006010605
202006010608
202010010112
202008010601
202010010101
202010010107
202010010103
202010010110
202008010611
202006010606
202008010604
202010010108
202006010601
202006010611
202008010607
202008010605
202008010602
202008010606
202008010608
202006010612
202010010104
202010010109
202008010603
202010010111
202006010609
202008010609
202006010610
202006010602
202010010102
202010010106
202006010607
202008010610
202010010105
202006010603
202006010703
202008010703
202006010706
202006010707
202008010707
202010010205
202008010704
202008010702
202010010209
202006010705
202008010711
202008010701
202010010207
202010010210
202006010710
202008010706
202006010702
202006010711
202006010709
202010010206
202008010705
202008010712
202010010203
202006010708
202008010709
202010010212
202006010704
202010010201
202010010202
202008010708
202008010710
202010010204
202010010211
202006010712
202006010701
202010010208
202008010803
202008010807
202008010806
202010010307
202010010305
202006010805
202010010309
202008010812
202010010301
202010010311
202008010801
202006010804
202006010806
202006010811
202008010808
202008010810
202010010302
202008010804
202010010306
202006010809
202006010808
202008010811
202008010805
202006010802
202006010807
202008010809
202010010304
202010010303
202006010801
202010010308
202006010810
202006010812
202008010802
202010010312
202010010310
202006010803
202010010404
202008010906
202008010902
202006010907
202006010912
202008010907
202006010904
202010010409
202010010411
202006010909
202006010906
202008010910
202008010903
202008010905
202006010911
202006010908
202006010905
202010010408
202008010908
202006010910
202008010904
202008010911
202008010901
202008010909
202006010902
202010010401
202006010901
202010010407
202006010903
202010010403
202010010412
202010010406
202010010410
202010010402
202008010912
202010010405
202010010509
202010010506
202008020107
202010010502
202010010504
202005010109
202005010110
202008020102
202008020105
202008020111
202008020104
202005010112
202005010105
202008020110
202010010501
202010010507
202005010111
202008020108
202010010505
202008020112
202010010512
202010010510
202010010503
202005010106
202010010511
202008020101
202008020106
202005010102
202005010103
202008020103
202008020109
202005010104
202005010107
202005010108
202005010101
202010010508
202010010603
202010010608
202010010610
202008020201
202010010609
202010010611
202008020209
202010010602
202010010606
202008020208
202005010205
202005010210
202008020206
202005010206
202010010607
202010010601
202010010605
202008020205
202008020203
202005010211
202005010208
202005010202
202005010209
202010010604
202005010203
202005010204
202008020210
202008020211
202008020207
202008020204
202008020202
202008020212
202010010612
202005010212
202005010207
202005010201
202005010312
202005010307
202010010712
202005010303
202005010304
202005010306
202010010705
202010010706
202005010302
202008020304
202008020307
202010010703
202005010301
202005010310
202005010308
202010010709
202010010711
202008020308
202010010708
202008020310
202008020309
202008020301
202008020306
202010010701
202008020312
202010010702
202005010305
202008020311
202005010311
202008020305
202010010704
202008020302
202010010707
202005010309
202008020303
202010010710
202010010801
202005010408
202010010807
202010010810
202010010804
202008020412
202010010805
202005010409
202008020402
202008020410
202010010803
202005010403
202008020405
202005010401
202005010407
202008020411
202010010808
202010010811
202010010809
202008020409
202008020401
202005010405
202008020404
202008020403
202005010411
202010010802
202010010812
202008020406
202005010412
202005010402
202005010404
202005010406
202010010806
202008020408
202005010410
202008020407
202005010504
202008020509
202005010501
202008020504
202008020510
202005010507
202005010503
202010010911
202008020508
202005010509
202005010502
202005010512
202010010903
202005010511
202008020503
202008020501
202005010508
202005010510
202010010905
202005010506
202008020502
202005010505
202008020512
202010010906
202010010904
202010010907
202010010908
202010010901
202008020511
202008020506
202010010910
202008020505
202010010912
202008020507
202010010909
202010010902
202008020611
202005010610
202010011009
202008020605
202008020607
202010011002
202005010601
202008020610
202010011001
202010011008
202005010607
202005010603
202005010604
202010011005
202005010608
202008020601
202008020602
202005010605
202008020608
202010011003
202010011007
202005010606
202005010612
202008020606
202010011012
202005010602
202008020603
202008020609
202010011011
202010011004
202005010609
202010011006
202005010611
202008020612
202010011010
202008020604
202008020704
202010011108
202008020707
202005010706
202005010710
202008020703
202008020709
202008020702
202010011110
202010011102
202008020705
202005010708
202010011106
202005010702
202010011103
202005010709
202005010711
202008020710
202005010707
202005010712
202008020711
202010011107
202008020701
202005010703
202010011105
202010011112
202008020706
202005010705
202010011104
202010011109
202010011101
202005010704
202005010701
202008020712
202008020708
202010011111
202005010810
202010011202
202008020802
202005010802
202010011203
202005010812
202008020807
202010011201
202005010801
202005010805
202005010809
202008020806
202010011212
202005010804
202008020812
202010011205
202010011204
202008020809
202005010808
202008020803
202005010807
202005010811
202008020805
202008020811
202010011209
202008020810
202005010806
202010011210
202010011211
202008020804
202008020801
202010011208
202005010803
202010011206
202008020808
202010011207
202006020106
202007010106
202007010112
202007010104
202006020112
202009010104
202009010107
202007010109
202006020108
202007010111
202009010103
202007010101
202006020109
202007010102
202009010106
202006020104
202006020103
202006020111
202007010103
202009010102
202009010112
202007010110
202007010108
202006020105
202006020102
202007010105
202009010105
202009010111
202007010107
202006020101
202009010110
202009010101
202006020110
202006020107
202009010108
202009010109
202006020201
202009010206
202009010201
202009010202
202009010212
202007010204
202006020209
202009010209
202009010205
202006020212
202009010204
202009010211
202006020203
202007010209
202007010210
202009010210
202007010201
202006020206
202006020204
202007010207
202009010208
202007010206
202007010211
202007010202
202007010208
202007010205
202006020211
202006020210
202007010212
202009010203
202006020207
202009010207
202006020208
202007010203
202006020202
202006020205
202006020310
202009010304
202006020305
202006020307
202009010312
202009010308
202009010310
202007010306
202009010309
202007010305
202007010307
202009010305
202007010301
202007010310
202006020304
202006020311
202006020309
202007010303
202006020302
202007010309
202007010308
202006020301
202007010304
202007010302
202006020308
202009010307
202006020312
202006020303
202009010302
202007010311
202009010301
202007010312
202009010311
202009010306
202009010303
202006020306
202009010408
202006020409
202006020411
202006020408
202009010410
202007010407
202006020406
202009010412
202007010405
202009010401
202009010402
202006020407
202009010409
202009010406
202007010401
202006020403
202009010405
202009010403
202007010410
202007010404
202009010404
202006020404
202007010406
202006020405
202007010411
202007010409
202007010402
202009010407
202006020401
202006020412
202006020402
202006020410
202009010411
202007010408
202007010412
202007010403
202006020504
202007010507
202009010507
202007010510
202006020505
202006020503
202006020511
202009010505
202009010510
202006020502
202009010512
202006020510
202009010509
202009010506
202007010503
202006020508
202006020509
202007010512
202009010502
202007010502
202007010508
202006020507
202009010501
202007010501
202006020506
202006020512
202007010511
202007010505
202009010503
202009010504
202007010504
202007010509
202009010511
202006020501
202007010506
202009010508
202007010610
202006020609
202007010603
202009010610
202009010607
202009010608
202006020606
202009010606
202006020604
202007010605
202006020603
202007010609
202009010601
202009010605
202009010604
202007010606
202007010611
202009010602
202009010611
202006020601
202007010601
202007010612
202007010602
202009010609
202006020611
202007010608
202006020608
202006020612
202006020607
202007010604
202006020610
202006020605
202009010612
202009010603
202007010607
202006020602
202009010703
202006020707
202006020711
202009010708
202009010710
202006020705
202006020706
202006020709
202006020710
202009010712
202009010701
202006020702
202009010711
202009010707
202006020701
202006020703
202009010702
202006020708
202009010706
202009010709
202009010705
202009010704
202006020712
202006020704
202006020804
202009010811
202006020807
202006020802
202009010805
202009010804
202006020803
202009010802
202009010808
202006020809
202006020806
202006020812
202006020801
202009010809
202006020808
202009010801
202009010806
202006020805
202006020811
202009010807
202009010812
202009010810
202009010803
202006020810
202006020905
202009010911
202009010905
202009010903
202009010912
202006020906
202009010901
202006020912
202009010907
202006020910
202006020903
202006020901
202006020904
202009010904
202009010902
202006020902
202009010909
202009010910
202006020909
202006020911
202009010906
202006020907
202006020908
202009010908
202009020108
202009020101
202007010707
202007010704
202006030110
202006030104
202006030101
202009020112
202007010701
202009020109
202007010711
202006030112
202006030108
202006030106
202007010702
202009020104
202009020107
202007010706
202007010708
202007010705
202007010712
202006030111
202009020102
202009020105
202006030103
202009020111
202009020110
202007010709
202006030109
202007010703
202009020106
202007010710
202009020103
202006030105
202006030102
202006030107
202007010811
202009020204
202007010806
202006030201
202009020201
202009020205
202007010810
202009020212
202009020203
202007010812
202007010808
202007010804
202006030202
202007010809
202009020206
202009020209
202009020211
202009020210
202007010805
202007010803
202009020202
202009020207
202007010801
202007010802
202007010807
202009020208
202006030203
202006030210
202006030208
202006030205
202006030207
202006030206
202006030211
202006030209
202006030204
202006030212
202006030305
202006030301
202006030312
202009020311
202009020312
202009020309
202009020302
202009020308
202006030302
202006030307
202006030311
202006030309
202006030310
202006030306
202009020306
202009020310
202006030304
202009020305
202006030303
202009020303
202006030308
202009020301
202009020304
202009020307
202006030408
202009020404
202006030404
202006030405
202009020401
202009020402
202006030411
202009020405
202006030401
202009020406
202006030412
202009020412
202009020403
202009020411
202006030406
202009020409
202006030407
202006030402
202006030403
202006030409
202009020408
202009020410
202006030410
202009020407
202009020506
202003010110
202003010111
202009020509
202009020512
202009020510
202003010104
202006030503
202003010103
202003010108
202006030508
202003010109
202006030510
202009020505
202006030505
202006030501
202009020508
202006030511
202009020502
202009020503
202003010102
202009020504
202003010107
202003010105
202006030504
202003010112
202006030502
202009020507
202006030512
202003010106
202009020501
202009020511
202003010101
202006030506
202006030509
202006030507
202006030608
202009020612
202006030604
202003010212
202006030605
202009020601
202006030602
202003010208
202003010201
202003010207
202006030607
202003010206
202009020606
202009020607
202006030601
202009020605
202006030610
202009020611
202003010202
202009020602
202006030603
202003010209
202006030612
202009020610
202009020608
202009020604
202009020609
202006030606
202006030609
202006030611
202003010210
202003010205
202003010203
202003010204
202009020603
202003010211
202009020710
202009020711
202006030702
202009020704
202003010306
202003010312
202003010310
202003010305
202006030709
202006030704
202009020705
202009020702
202009020712
202006030701
202003010303
202003010304
202006030706
202006030711
202003010302
202003010301
202003010307
202006030703
202006030707
202006030712
202003010308
202006030710
202009020706
202009020701
202009020703
202009020708
202003010311
202006030708
202003010309
202009020707
202006030705
202009020709
202006030812
202003010407
202003010402
202006030807
202003010411
202003010406
202006030801
202003010408
202006030811
202009020809
202009020810
202009020812
202009020807
202006030810
202003010401
202006030804
202006030802
202009020808
202009020803
202006030805
202003010405
202006030803
202003010410
202009020804
202003010403
202003010409
202003010412
202009020811
202006030809
202009020802
202006030806
202009020806
202006030808
202003010404
202009020805
202009020801
202005020111
202008030109
202008030102
202003010509
202005020108
202003010502
202003010507
202008030111
202003010506
202005020102
202005020110
202008030103
202003010508
202008030101
202008030110
202003010511
202003010503
202005020112
202003010501
202005020105
202008030105
202005020103
202008030108
202003010504
202005020104
202003010510
202008030104
202008030112
202008030106
202003010505
202005020101
202005020106
202005020107
202005020109
202003010512
202008030107
202005020212
202005020202
202008030207
202003010607
202008030204
202005020209
202005020206
202008030206
202003010601
202003010612
202003010606
202005020207
202003010610
202003010611
202005020205
202008030208
202003010608
202005020208
202008030210
202005020211
202008030201
202008030209
202005020203
202008030203
202003010605
202008030212
202005020204
202008030202
202008030211
202003010602
202003010604
202003010603
202005020201
202005020210
202008030205
202003010609
202003010708
202005020302
202003010711
202008030306
202003010703
202005020312
202005020311
202008030307
202005020301
202003010702
202003010704
202003010710
202008030303
202008030305
202008030311
202008030302
202003010705
202005020304
202005020305
202008030301
202005020307
202003010701
202008030308
202003010707
202003010709
202003010706
202005020309
202005020306
202005020303
202003010712
202008030312
202005020310
202008030310
202008030304
202005020308
202008030309
202005020408
202005020411
202008030405
202005020407
202005020403
202008030403
202008030401
202003010809
202008030404
202005020409
202003010812
202003010807
202003010810
202005020406
202008030402
202008030411
202008030406
202005020402
202003010803
202003010801
202003010804
202008030408
202008030412
202005020405
202008030410
202005020410
202003010811
202008030409
202005020401
202008030407
202005020412
202003010802
202003010805
202005020404
202003010808
202003010806
202004010104
202005020509
202004010103
202004010107
202004010109
202004010106
202004010108
202008030505
202005020510
202005020504
202005020508
202005020505
202008030510
202008030508
202005020501
202008030502
202004010111
202008030507
202005020511
202008030512
202004010110
202004010102
202008030504
202004010112
202008030509
202004010101
202005020503
202005020506
202005020507
202004010105
202008030501
202008030503
202008030506
202005020512
202008030511
202005020502
202005020606
202005020610
202004010207
202008030610
202004010212
202005020608
202005020601
202004010210
202004010209
202008030606
202004010202
202005020611
202008030611
202004010203
202005020602
202008030607
202004010201
202005020609
202004010208
202008030604
202005020612
202008030609
202005020605
202004010211
202008030601
202004010206
202008030602
202004010205
202008030608
202008030612
202008030605
202005020603
202004010204
202005020607
202005020604
202008030603
202008030707
202008030709
202004010302
202005020703
202004010304
202005020701
202004010309
202008030708
202004010311
202005020711
202008030711
202005020707
202004010312
202004010307
202005020702
202004010305
202008030705
202005020712
202004010310
202004010308
202004010303
202008030702
202008030703
202008030706
202004010301
202005020709
202005020706
202008030701
202008030712
202005020704
202008030704
202008030710
202005020708
202005020710
202005020705
202004010306
202004010408
202008030804
202005020801
202005020808
202008030801
202008030803
202005020809
202005020803
202005020802
202004010406
202004010401
202004010403
202005020805
202004010412
202005020810
202004010411
202004010409
202005020806
202005020807
202004010404
202008030802
202004010405
202005020812
202005020811
202008030807
202005020804
202008030809
202008030810
202004010410
202004010407
202008030811
202004010402
202008030805
202008030812
202008030806
202008030808
202005020901
202004010511
202004010504
202008030903
202004010502
202005020910
202008030905
202008030909
202008030901
202005020906
202004010501
202004010506
202004010505
202004010512
202008030906
202005020903
202005020902
202005020908
202004010508
202005020905
202008030902
202008030904
202005020907
202008030907
202005020911
202008030910
202008030911
202008030912
202005020909
202004010507
202008030908
202004010503
202004010509
202005020904
202004010510
202005020912
202005021002
202008031004
202008031011
202008031012
202004010612
202005021006
202004010609
202004010608
202008031002
202004010610
202005021007
202005021010
202004010601
202005021011
202008031009
202004010606
202004010603
202008031010
202008031001
202004010602
202004010607
202005021003
202005021005
202008031007
202005021001
202005021012
202008031008
202008031003
202005021009
202005021008
202004010604
202005021004
202004010611
202008031005
202004010605
202008031006
202005021110
202008031108
202005021107
202008031106
202008031103
202005021103
202005021108
202005021111
202008031110
202008031105
202005021101
202005021105
202008031111
202005021109
202008031112
202005021104
202008031101
202008031107
202008031102
202008031109
202005021102
202008031104
202005021112
202005021106
202005021205
202005021204
202005021209
202005021210
202008031210
202005021207
202008031203
202008031202
202005021206
202008031204
202008031207
202008031201
202008031205
202005021201
202005021203
202008031208
202005021212
202005021211
202005021202
202008031209
202005021208
202008031212
202008031211
202008031206
202005030105
202009030108
202009030101
202009030111
202009030109
202005030102
202005030108
202005030103
202005030101
202009030110
202005030111
202009030106
202009030103
202009030107
202009030102
202005030110
202009030112
202009030104
202005030106
202009030105
202005030107
202005030112
202005030109
202005030104
202009030205
202005030210
202005030208
202005030212
202009030202
202009030203
202005030203
202005030209
202009030211
202009030204
202009030206
202005030207
202009030201
202009030208
202005030206
202009030207
202009030212
202005030204
202009030210
202005030202
202005030211
202005030205
202009030209
202005030201
202009030312
202002010111
202005030304
202009030301
202009030305
202009030302
202002010102
202002010112
202005030301
202005030310
202002010103
202009030303
202009030309
202002010106
202009030311
202002010105
202002010104
202005030305
202009030304
202009030307
202005030302
202005030309
202005030311
202005030307
202009030308
202005030306
202002010109
202002010108
202009030310
202005030308
202002010110
202002010107
202005030303
202009030306
202005030312
202002010101
202002010204
202009030403
202002010201
202002010205
202002010207
202005030412
202005030410
202005030411
202005030402
202005030404
202002010203
202009030405
202005030407
202002010211
202005030403
202002010206
202009030409
202002010208
202009030402
202009030401
202005030406
202009030408
202009030412
202005030409
202009030411
202009030410
202002010212
202005030408
202009030406
202002010209
202009030404
202005030405
202005030401
202002010202
202002010210
202009030407
202002010311
202009030510
202005030508
202005030511
202005030501
202002010303
202005030504
202009030507
202002010302
202002010310
202005030503
202009030504
202005030510
202002010308
202005030502
202009030511
202009030505
202009030508
202009030503
202002010306
202009030501
202005030512
202009030512
202009030502
202002010305
202002010309
202002010301
202002010304
202002010307
202002010312
202009030509
202005030507
202005030506
202005030505
202005030509
202009030506
202002010401
202005030604
202002010403
202005030612
202002010406
202005030602
202009030607
202009030601
202009030612
202005030611
202009030609
202005030610
202002010411
202005030601
202002010412
202005030603
202002010405
202005030608
202009030610
202005030607
202009030608
202002010408
202009030602
202002010409
202005030606
202009030611
202009030604
202002010404
202002010410
202002010402
202005030609
202009030606
202002010407
202005030605
202009030605
202009030603
202002010510
202009030707
202009030711
202005030710
202005030703
202002010501
202002010503
202002010512
202009030704
202005030707
202005030701
202002010504
202005030704
202005030708
202002010507
202005030709
202009030703
202009030705
202005030712
202009030710
202002010506
202009030708
202005030702
202009030709
202002010509
202005030711
202009030712
202009030706
202009030701
202009030702
202002010502
202002010511
202002010505
202005030705
202002010508
202005030706
202002010608
202002010607
202009030808
202005030801
202005030802
202002010610
202002010612
202009030811
202002010602
202005030808
202002010604
202009030804
202009030806
202005030804
202005030811
202009030809
202002010601
202005030812
202002010605
202009030801
202002010603
202005030803
202009030810
202009030802
202005030809
202009030803
202009030807
202009030805
202002010611
202002010609
202005030807
202005030810
202002010606
202005030806
202005030805
202009030812
202009040111
202002020101
202002020103
202009040109
202003020104
202003020109
202003020106
202002020112
202009040104
202002020108
202009040108
202009040106
202002020105
202002020110
202009040112
202003020111
202003020103
202009040102
202003020112
202002020106
202002020102
202002020109
202002020104
202002020111
202003020108
202009040105
202003020101
202003020102
202003020105
202003020107
202009040103
202009040110
202009040107
202009040101
202003020110
202002020107
202002020201
202002020211
202003020211
202009040210
202009040203
202009040211
202003020202
202002020202
202002020210
202002020204
202002020205
202003020206
202009040212
202003020208
202003020212
202009040208
202003020207
202009040207
202009040206
202003020210
202002020209
202002020212
202003020201
202009040201
202003020203
202003020209
202009040209
202003020205
202009040202
202009040204
202009040205
202002020203
202003020204
202002020208
202002020207
202002020206
202003020311
202009040305
202009040306
202002020304
202002020303
202009040308
202009040311
202003020305
202002020301
202003020309
202009040307
202002020307
202009040312
202003020312
202003020303
202003020307
202009040302
202002020311
202002020308
202003020310
202002020310
202009040303
202003020301
202003020306
202003020308
202003020302
202002020302
202009040310
202003020304
202002020306
202009040301
202002020312
202002020305
202002020309
202009040304
202009040309
202009040410
202002020405
202003020409
202002020406
202009040402
202002020403
202002020408
202003020402
202003020404
202009040401
202009040403
202009040406
202009040408
202003020412
202003020405
202002020401
202009040404
202003020406
202002020410
202003020410
202003020403
202009040407
202002020411
202009040409
202002020407
202009040405
202002020402
202002020409
202003020411
202003020401
202003020408
202002020412
202003020407
202009040412
202002020404
202009040411
202009040506
202002020501
202002020510
202002020502
202009040501
202002020503
202003020511
202009040503
202003020502
202003020512
202009040505
202009040504
202003020503
202002020504
202003020506
202002020507
202002020511
202002020506
202003020510
202003020507
202009040511
202009040512
202002020512
202009040510
202009040509
202003020504
202003020509
202003020501
202009040508
202003020505
202002020505
202009040502
202003020508
202009040507
202002020509
202002020508
202009040612
202002020612
202003020609
202003020603
202002020607
202003020611
202009040604
202009040601
202009040606
202002020609
202002020604
202002020601
202002020605
202002020603
202002020606
202003020610
202003020612
202009040605
202002020602
202009040602
202003020607
202003020608
202009040603
202002020608
202009040607
202003020606
202009040608
202009040611
202003020601
202003020605
202003020602
202009040609
202009040610
202002020610
202003020604
202002020611
202001010103
202004020111
202001010101
202001010109
202004020108
202004020104
202001010107
202001010102
202004020102
202001010104
202004020107
202004020112
202004020105
202004020101
202004020109
202001010110
202001010111
202001010112
202004020110
202001010106
202001010105
202004020103
202001010108
202004020106
202004020201
202004020206
202004020202
202001010209
202001010201
202004020211
202004020203
202001010210
202001010205
202001010211
202004020208
202001010208
202001010204
202001010206
202004020205
202004020207
202001010207
202004020212
202001010203
202004020209
202004020210
202001010212
202001010202
202004020204
202004020306
202001010303
202004020301
202004020312
202001010302
202001010301
202001010308
202001010310
202004020304
202004020305
202001010309
202004020303
202001010306
202004020311
202001010304
202004020308
202004020310
202004020309
202001010307
202001010305
202004020302
202001010312
202004020307
202001010311
202004020412
202004020402
202004020403
202001010408
202001010402
202001010407
202004020408
202004020401
202004020404
202001010409
202001010412
202001010410
202004020410
202004020405
202004020407
202001010404
202004020406
202004020411
202001010406
202001010403
202001010411
202001010401
202004020409
202001010405
202004020511
202004020509
202001010510
202004020505
202001010504
202004020506
202004020508
202001010507
202001010503
202004020502
202001010502
202004020512
202004020510
202001010509
202001010508
202004020503
202001010511
202001010512
202001010505
202004020501
202004020504
202001010506
202001010501
202004020507
202004020606
202004020603
202004020610
202004020605
202001010602
202001010606
202004020611
202004020612
202001010610
202001010605
202004020604
202004020602
202001010609
202001010601
202004020609
202001010604
202001010608
202004020601
202001010612
202001010603
202004020607
202001010611
202001010607
202004020608
202010020103
202001020101
202001020102
202004030111
202004030108
202001020105
202004030110
202010020101
202001020109
202001020111
202004030101
202010020110
202010020112
202001020106
202004030112
202004030106
202001020104
202004030109
202001020103
202004030103
202001020112
202010020105
202010020108
202004030104
202010020104
202004030102
202010020106
202001020107
202010020111
202010020107
202010020102
202001020110
202004030105
202004030107
202001020108
202010020109
202010020202
202004030205
202010020211
202010020208
202004030201
202010020207
202004030204
202010020206
202004030206
202004030208
202004030211
202004030203
202010020204
202001020208
202001020210
202010020201
202004030207
202010020212
202001020211
202001020206
202004030210
202001020205
202004030212
202010020203
202004030202
202001020203
202001020207
202010020210
202001020204
202004030209
202001020212
202010020205
202001020202
202001020201
202010020209
202001020209
202001020311
202001020301
202010020310
202001020306
202001020308
202010020311
202010020312
202010020302
202001020302
202001020303
202004030310
202004030303
202004030307
202004030308
202001020312
202001020304
202010020308
202010020307
202004030305
202004030311
202004030312
202004030306
202001020307
202010020305
202010020309
202010020306
202001020309
202004030301
202004030304
202010020303
202004030309
202001020305
202004030302
202010020304
202010020301
202001020310
202010020403
202001020410
202010020402
202001020412
202001020405
202004030404
202004030408
202004030401
202010020408
202010020411
202004030402
202001020408
202001020407
202001020406
202010020410
202004030405
202004030403
202001020403
202010020412
202001020409
202010020404
202010020401
202004030412
202004030411
202004030406
202004030407
202001020401
202010020405
202010020406
202010020407
202001020404
202004030409
202004030410
202010020409
202001020411
202001020402
202004030511
202010020508
202001020505
202004030506
202010020502
202010020507
202001020506
202004030503
202001020509
202010020512
202010020510
202001020504
202004030507
202004030508
202001020503
202001020507
202001020512
202010020504
202010020511
202004030501
202004030502
202004030505
202010020505
202001020502
202004030509
202010020509
202001020510
202001020508
202001020501
202010020503
202010020501
202004030510
202004030504
202010020506
202001020511
202004030512
202004030604
202004030608
202010020604
202001020610
202001020609
202004030605
202001020605
202004030601
202010020606
202001020606
202001020604
202004030603
202010020601
202010020603
202004030602
202004030611
202001020608
202001020607
202001020603
202001020602
202010020611
202004030609
202004030612
202001020612
202010020605
202010020608
202004030607
202004030606
202001020611
202010020607
202010020602
202004030610
202010020609
202001020601
202010020612
202010020610
202001020705
202010020711
202004030701
202004030703
202010020702
202010020704
202010020705
202001020711
202004030710
202001020702
202010020710
202004030711
202010020707
202004030712
202010020712
202010020703
202001020704
202001020710
202001020706
202010020708
202001020703
202004030708
202004030706
202004030709
202004030702
202010020709
202001020707
202001020701
202001020708
202010020701
202001020709
202004030707
202010020706
202004030705
202001020712
202004030704
202004030810
202010020809
202001020808
202010020811
202004030807
202010020806
202004030808
202001020812
202004030809
202010020803
202010020808
202001020806
202010020801
202004030811
202010020802
202010020805
202004030804
202001020811
202001020805
202001020802
202004030806
202004030801
202001020807
202010020804
202004030803
202004030805
202010020812
202001020803
202001020810
202010020810
202010020807
202001020804
202001020809
202004030812
202004030802
202001020801
202006040101
202007020108
202007020103
202006040107
202007020111
202007020109
202007020106
202006040104
202006040109
202006040112
202006040108
202006040106
202007020102
202006040105
202007020110
202007020104
202006040111
202006040102
202007020112
202006040103
202006040110
202007020107
202007020105
202007020101
202006040209
202007020202
202006040210
202006040212
202006040211
202006040207
202006040206
202006040204
202007020201
202007020211
202007020210
202007020207
202006040205
202007020204
202006040201
202007020209
202006040208
202006040202
202007020208
202007020203
202007020206
202007020205
202006040203
202007020212
202007020307
202007020303
202007020308
202007020309
202006040302
202007020311
202006040301
202006040312
202006040311
202006040310
202007020302
202006040308
202006040306
202006040303
202007020310
202007020304
202006040309
202006040305
202007020301
202006040307
202007020306
202007020305
202006040304
202007020312
202007020408
202006040407
202007020402
202007020410
202007020403
202006040408
202006040402
202006040403
202007020406
202006040411
202006040412
202006040404
202007020405
202006040405
202006040410
202006040409
202007020409
202007020407
202007020401
202006040401
202007020412
202007020404
202006040406
202007020411
202007020503
202007020501
202007020508
202006040511
202007020509
202006040509
202006040501
202006040507
202006040502
202007020511
202006040506
202006040508
202006040510
202006040505
202006040504
202006040503
202007020506
202007020507
202007020510
202006040512
202007020512
202007020505
202007020504
202007020502
202007020611
202006040611
202007020604
202007020608
202007020610
202006040607
202007020603
202006040603
202006040612
202007020607
202006040604
202006040601
202007020601
202007020612
202007020609
202007020606
202006040605
202006040610
202006040602
202006040608
202006040606
202006040609
202007020602
202007020605
202006040706
202006040710
202006040709
202007020707
202006040702
202006040708
202006040711
202007020705
202007020712
202007020708
202006040703
202007020703
202006040712
202007020711
202006040704
202006040705
202007020706
202007020710
202006040707
202007020702
202006040701
202007020709
202007020701
202007020704
202006040804
202006040811
202007020806
202007020807
202007020801
202006040802
202007020805
202006040812
202006040807
202007020808
202007020809
202007020812
202006040808
202006040810
202007020810
202007020803
202007020802
202006040809
202006040805
202006040801
202007020811
202006040803
202007020804
202006040806
202006040912
202006040910
202007020911
202007020907
202006040901
202006040907
202007020909
202006040905
202007020906
202007020903
202007020905
202007020912
202007020908
202006040911
202006040908
202006040904
202007020910
202006040906
202007020902
202006040909
202006040902
202007020904
202006040903
202007020901
202004040109
202005040108
202005040105
202008040101
202004040107
202008040110
202008040112
202004040105
202005040107
202005040106
202005040109
202004040111
202008040105
202005040111
202005040112
202004040103
202005040110
202004040106
202008040102
202008040103
202008040104
202008040108
202005040101
202004040104
202005040103
202008040109
202004040102
202008040107
202008040111
202008040106
202004040112
202005040104
202004040101
202004040110
202005040102
202004040108
202008040209
202004040201
202005040210
202005040204
202008040208
202005040209
202005040212
202008040210
202004040208
202008040202
202008040201
202004040207
202005040205
202005040202
202008040211
202008040205
202004040204
202004040211
202004040203
202005040211
202008040212
202005040203
202004040209
202008040207
202005040207
202008040206
202005040201
202004040205
202005040208
202004040210
202008040204
202004040212
202004040206
202004040202
202005040206
202008040203
202008040307
202005040311
202004040305
202008040312
202004040310
202004040304
202008040306
202004040311
202004040303
202005040304
202008040311
202005040305
202008040310
202004040302
202005040310
202005040312
202005040301
202008040304
202008040308
202004040301
202004040312
202005040308
202008040301
202004040308
202004040307
202004040309
202008040309
202005040302
202008040303
202008040302
202004040306
202005040307
202005040309
202005040306
202008040305
202005040303
202005040411
202004040401
202008040403
202005040405
202005040409
202008040411
202004040412
202008040408
202004040407
202005040401
202008040407
202004040402
202005040403
202008040405
202004040406
202005040408
202004040409
202004040410
202004040411
202005040404
202005040406
202004040403
202008040404
202005040410
202004040408
202008040412
202008040409
202005040402
202008040410
202005040412
202008040402
202008040406
202004040404
202004040405
202008040401
202005040407
202004040505
202004040511
202004040509
202004040512
202005040503
202004040506
202008040511
202008040512
202008040509
202004040510
202004040504
202005040508
202005040509
202004040508
202005040502
202004040502
202008040501
202008040502
202005040504
202008040504
202008040505
202004040501
202005040511
202005040501
202004040503
202005040510
202008040507
202005040505
202005040506
202005040512
202004040507
202008040508
202008040506
202005040507
202008040503
202008040510
202005040610
202004040602
202005040602
202005040603
202004040601
202005040612
202008040605
202005040604
202008040610
202008040608
202004040609
202004040605
202008040602
202008040611
202004040604
202004040608
202005040607
202008040604
202008040609
202004040610
202008040612
202008040606
202005040609
202004040607
202008040603
202005040605
202004040611
202008040607
202005040611
202004040606
202004040612
202008040601
202004040603
202005040601
202005040608
202005040606
202003030112
202005040701
202005040702
202005040710
202008040701
202008040711
202005040707
202008040702
202003030105
202003030109
202005040708
202005040706
202008040708
202005040712
202008040706
202005040703
202003030108
202003030107
202008040703
202003030104
202003030106
202008040710
202008040704
202003030103
202005040709
202003030111
202003030110
202008040705
202008040709
202003030101
202003030102
202005040704
202005040705
202008040707
202005040711
202008040712
202003030208
202003030201
202003030205
202005040805
202003030209
202003030211
202005040803
202008040805
202008040806
202008040808
202003030203
202008040803
202005040808
202005040812
202008040804
202003030202
202003030207
202003030206
202005040802
202005040806
202005040804
202008040812
202005040811
202008040811
202005040810
202003030204
202008040807
202008040801
202005040801
202003030212
202008040802
202003030210
202005040807
202008040810
202008040809
202005040809
202009050111
202009050110
202009050109
202003030302
202005050108
202009050104
202005050109
202005050104
202003030312
202009050112
202003030310
202003030311
202005050107
202009050103
202003030304
202005050111
202009050108
202003030308
202005050112
202005050110
202009050101
202009050106
202005050101
202009050102
202005050106
202003030306
202003030303
202003030305
202009050105
202003030307
202005050102
202009050107
202003030309
202005050103
202003030301
202005050105
202003030405
202009050202
202005050210
202005050208
202009050205
202009050206
202003030407
202005050212
202003030411
202005050207
202009050207
202009050209
202009050208
202009050210
202003030412
202003030410
202009050212
202005050209
202003030401
202009050211
202003030402
202005050203
202005050205
202005050202
202005050201
202005050206
202003030408
202003030403
202003030409
202009050201
202003030404
202005050211
202003030406
202009050203
202005050204
202009050204
202005050301
202003030509
202005050304
202009050308
202003030504
202009050301
202005050303
202005050308
202005050312
202003030510
202003030501
202005050310
202003030512
202009050309
202009050310
202009050311
202009050303
202005050305
202005050311
202003030502
202009050302
202003030508
202003030507
202003030506
202003030511
202009050306
202009050307
202005050309
202009050312
202005050307
202003030503
202009050305
202003030505
202009050304
202005050302
202005050306
202009050406
202009050408
202003030603
202005050403
202003030607
202005050401
202009050402
202005050411
202009050403
202009050412
202003030606
202005050408
202003030604
202009050411
202003030605
202009050404
202005050406
202005050410
202003030611
202005050405
202005050402
202003030609
202003030608
202005050409
202009050409
202003030602
202005050407
202009050405
202003030610
202005050412
202009050410
202003030601
202005050404
202009050407
202003030612
202009050401
202009050511
202005050503
202009050505
202005050512
202009050501
202005050506
202009050504
202005050504
202005050510
202005050509
202009050503
202009050507
202005050511
202009050509
202009050502
202009050508
202009050510
202005050502
202005050505
202009050506
202005050501
202005050508
202009050512
202005050507
202009050611
202005050601
202005050606
202005050608
202009050605
202009050609
202005050605
202005050612
202009050606
202009050607
202009050612
202005050609
202009050604
202005050604
202005050611
202005050603
202005050602
202009050603
202005050607
202009050601
202009050608
202005050610
202009050602
202009050610
202009050702
202009050701
202005050711
202005050708
202009050709
202005050712
202009050707
202005050703
202009050712
202005050707
202009050711
202005050709
202005050705
202009050704
202009050710
202009050706
202005050710
202005050702
202009050705
202005050704
202005050701
202005050706
202009050708
202009050703
202005050804
202005050806
202009050809
202005050811
202009050811
202005050810
202009050802
202009050810
202005050801
202009050807
202009050812
202005050805
202005050812
202005050802
202009050805
202009050803
202009050804
202005050809
202009050806
202005050808
202005050807
202009050808
202005050803
202009050801
202009050912
202009050908
202009050909
202009050907
202005050901
202005050910
202009050910
202005050909
202005050906
202005050907
202009050904
202005050902
202005050911
202005050912
202005050908
202009050902
202005050905
202009050903
202009050911
202005050904
202009050906
202009050905
202005050903
202009050901
202007030102
202007030103
202006050108
202006050101
202007030101
202007030111
202009060108
202009060112
202007030106
202009060102
202006050103
202006050105
202009060107
202007030109
202006050110
202007030112
202006050107
202006050111
202006050106
202006050102
202009060110
202009060103
202009060104
202009060109
202006050104
202009060111
202009060106
202007030108
202007030110
202007030105
202007030104
202007030107
202009060101
202009060105
202006050109
202006050112
202009060201
202006050203
202006050208
202007030202
202007030203
202006050201
202006050209
202007030208
202009060210
202006050205
202009060205
202009060212
202006050206
202009060208
202006050204
202007030212
202006050202
202007030204
202007030207
202009060209
202006050207
202006050210
202006050212
202009060204
202009060203
202009060211
202007030211
202009060207
202009060202
202006050211
202009060206
202007030206
202007030210
202007030201
202007030205
202007030209
202006050312
202007030310
202009060301
202007030309
202006050311
202009060309
202009060306
202007030307
202006050303
202007030303
202009060304
202009060310
202006050301
202007030308
202006050306
202009060307
202006050310
202007030305
202009060302
202009060312
202009060305
202006050302
202007030312
202007030304
202006050305
202007030302
202009060311
202006050308
202006050304
202007030301
202009060303
202009060308
202006050309
202006050307
202007030306
202007030311
202009060404
202007030412
202009060409
202007030406
202009060405
202006050412
202007030404
202006050402
202006050411
202009060407
202006050403
202009060411
202009060412
202006050406
202007030403
202007030411
202007030405
202006050405
202009060410
202006050410
202006050408
202007030402
202009060403
202007030401
202009060401
202009060406
202006050404
202009060402
202007030409
202006050401
202007030410
202007030408
202007030407
202009060408
202006050409
202006050407
202006050510
202007030507
202007030508
202009060507
202006050505
202006050509
202007030502
202007030504
202006050503
202007030505
202006050504
202006050508
202007030506
202009060505
202009060503
202007030510
202007030501
202006050501
202006050502
202009060506
202007030509
202009060504
202009060509
202006050512
202007030503
202009060508
202009060502
202009060511
202009060512
202009060510
202007030512
202006050511
202006050506
202009060501
202006050507
202007030511
202009060609
202006050606
202006050602
202006050607
202009060610
202009060606
202009060601
202009060608
202006050601
202007030604
202009060604
202009060603
202007030610
202007030605
202009060605
202007030609
202006050604
202007030608
202007030611
202007030602
202009060607
202006050612
202006050611
202007030606
202007030601
202006050603
202007030612
202009060602
202006050609
202007030607
202006050610
202006050605
202009060611
202009060612
202006050608
202007030603
202009060703
202009060704
202006050706
202009060701
202009060702
202006050702
202006050708
202006050704
202006050705
202006050701
202006050712
202009060710
202009060708
202009060709
202006050703
202009060711
202009060705
202009060707
202006050710
202006050711
202006050709
202009060712
202009060706
202006050707
202009060803
202006050806
202009060811
202009060809
202006050811
202009060804
202006050807
202009060812
202006050812
202009060802
202006050809
202009060810
202009060806
202006050804
202009060805
202009060801
202009060808
202006050801
202006050803
202006050805
202006050810
202006050808
202009060807
202006050802
