202105020506
202110030407
202104010410
202105050410
202110020505
202109020510
202110020511
202101010405
202109050604
202107060505
202104020603
202110030308
202110040406
202109010405
202105020711
202109030305
202104040406
202103020608
202103020308
202106050208
202103020604
202109010110
202107040209
202102010912
202105020705
202106040510
202109050811
202110010204
202107040208
202107040407
202102010807
202106040812
202109060901
202109060105
202103020203
202107010609
202105020311
202107030209
202109021210
202107050404
202103020501
202105020806
202109030101
202110030309
202105010802
202105020406
202105050412
202102011204
202110030108
202106010605
202107030603
202105020604
202109010612
202110020106
202109060104
202107010809
202105010706
202105020208
202101020103
202110010305
202103020612
202106020405
202106030203
202110030205
202107030601
202109060712
202110010202
202107040309
202103010203
202105020411
202105030502
202107010403
202106040305
202106040605
202103020311
202110010411
202106020401
202106040911
202105030312
202106040311
202109050310
202101020801
202105040506
202104010211
202107030112
202106010110
202105030402
202102010809
202104050601
202107050109
202109060708
202101020206
202110030509
202109010312
202104040209
202105020612
202109010503
202105020508
202110010406
202104030303
202104010603
202103020305
202107060408
202106040801
202105040508
202107030204
202104030411
202105020610
202105050411
202109021002
202104030205
202104040803
202106010801
202103010104
202102010804
202109010911
202105040705
202106050903
202106010811
202110020604
202105040205
202109010406
202105020206
202106030306
202104050406
202104040206
202110040504
202109011102
202107010906
202104030502
202106040612
202109040304
202101010603
202105030702
202104040608
202110010109
202101020711
202102010202
202109010701
202107011005
202104030310
202109060705
202105030105
202107050807
202109010210
202104040804
202104050710
202109030206
202104050511
202109050204
202107010110
202105030501
202106010102
202106050902
202106050801
202109020706
202105030611
202106020104
202107040110
202101010304
202110010610
202105010202
202109020405
202106050103
202106040310
202104030111
202104010711
202107011008
202107050910
202105050509
202109030109
202105030403
202106050511
202109010309
202101020406
202109060202
202102010611
202105010709
202107020304
202110040103
202101020309
202110040601
202109030402
202109050607
202107020405
202104010105
202107030602
202106050305
202107020103
202102010904
202107010605
202107020502
202109040604
202105030609
202109060211
202109010510
202104010502
202105050610
202104050110
202109050806
202104010404
202105050401
202110010808
202104020108
202107010402
202105030607
202110010407
202105010601
202105010310
202107020404
202109060906
202105030110
202101010302
202109040106
202107060103
202104040704
202106040912
202106030805
202109040502
202110020312
202105050310
202105020811
202110010801
202109060210
202107011011
202101010507
202104030605
202109040706
202105040208
202109021209
202107010709
202110020110
202103020107
202102011009
202105030209
202110020402
202104050703
202105020505
202105030507
202106020710
202106050907
202109040709
202109010412
202107011003
202107020603
202106050812
202109010311
202106050806
202110020504
202109050110
202110040610
202106040601
202109011103
202110020208
202109050711
202105020804
202110020104
202105040807
202104030306
202107020605
202106010601
202104040602
202104050503
202110030611
202105020105
202110010404
202106050608
202109030104
202101020707
202110020710
202103010305
202101010411
202109060305
202106050707
202105030308
202109020806
202106030112
202105021012
202110030107
202106010608
202104020208
202109020906
202107010602
202104040611
202105020611
202101020602
202105010603
202105030504
202101020207
202109020912
202110010108
202110010307
202107050707
202105010405
202107040201
202105030703
202107020208
202109020909
202109030407
202104030506
202109050512
202104030409
202106030506
202106050411
202107040109
202103010510
202110030210
202109050807
202104030610
202102011203
202109050611
202110030505
202110030610
202105040201
202105040308
202109050406
202110010506
202101020607
202110040202
202104020303
202109021203
202107050903
202105030304
202110030103
202105010301
202110030510
202103010509
202106050610
202109030111
202107030302
202109010112
202105021208
202106030610
202106030511
202104020109
202106010408
202106010810
202110020303
202107030309
202105030509
202110030204
202107010608
202103020202
202109060706
202105030704
202103010105
202110020603
202110040605
202107030108
202106040203
202105010303
202102010806
202104010112
202105050403
202106040112
202107050201
202107020106
202104040801
202101010504
202102010903
202107030201
202110010402
202102010203
202110030607
202101010305
202107060210
202109010410
202110020804
202109060307
202107060105
202110020309
202106030201
202106040901
202106050510
202109010208
202107040408
202107060207
202105010710
202109010902
202104010703
202109010909
202104040512
202106040512
202106030702
202101020403
202104020304
202101020508
202107030705
202107050706
202106030809
202105020103
202104020310
202105050408
202106050809
202109060510
202107010710
202107020410
202104020411
202101010410
202107011006
202104020610
202110020401
202110040312
202106030503
202109050701
202109060909
202104010601
202105020912
202105050708
202109020210
202104010209
202104020408
202109020910
202104010604
202107030102
202101010502
202104040612
202105010311
202106010204
202109040805
202109020106
202109030408
202103020506
202102010105
202105020106
202106040210
202105050212
202107030809
202107040401
202107060206
202104020608
202107010504
202106030608
202109040310
202106030712
202105040111
202105050107
202107060309
202110010710
202104010104
202105050306
202104010206
202105030106
202110040107
202105040607
202105030111
202106020111
202105050301
202104010101
202106050201
202104040403
202109060308
202106010208
202105010410
202110020107
202107010410
202107060404
202106010202
202104050201
202105010607
202104020104
202105030309
202106050509
202106040711
202105050702
202104040410
202104050508
202109020302
202107030211
202105010701
202102010502
202109011110
202107040210
202104020312
202105050701
202107050203
202106050703
202109040406
202107030106
202106050506
202110040104
202105040707
202106050107
202104010512
202106050202
202104010509
202106040502
202110010401
202105020906
202104020509
202105010101
202101010403
202106040202
202105021205
202105050710
202107020609
202102010512
202104050807
202104040308
202106010704
202104030507
202105030407
202106050112
202105020608
202102010503
202105021103
202106020506
202107020606
202109030308
202106040103
202107010103
202104030107
202106040810
202105010506
202104030305
202107050107
202109011206
202104010806
202103010402
202104030307
202110030310
202105040108
202103010612
202105040505
202110040604
202106020409
202109050407
202109011203
202106010702
202107011207
202104050507
202110020403
202107050412
202106050609
202106010410
202105040301
202103010101
202105050503
202106050908
202106020507
202110020111
202106040109
202106050612
202104020612
202109040707
202101010611
202104040212
202105040411
202107010206
202104030304
202110040407
202104050107
202110010207
202105040801
202107050709
202105020911
202106040803
202109030301
202101010307
202107050105
202110030409
202109060704
202110020707
202110010501
202106040503
202107050908
202105040510
202101010106
202107010804
202109010206
202107050905
202107011103
202106020211
202101020701
202105050807
202105040101
202109021010
202110030102
202105040109
202110010203
202109011001
202110030601
202107050712
202107060512
202109010301
202106010606
202105021212
202103010107
202104030311
202110010709
202101020502
202105020706
202110010802
202109040212
202106030310
202106030111
202105020207
202106050810
202109050706
202107050405
202109050401
202107050904
202102010901
202109020612
202107010107
202105020512
202102010112
202110020812
202105020111
202101020812
202105030612
202104050207
202107010207
202107020207
202106030406
202102010506
202103010401
202107050502
202105010503
202107060303
202109010310
202107010903
202104020202
202110040712
202110020709
202109050603
202110020704
202102011101
202107060609
202107050901
202105040706
202103010304
202104050501
202107010102
202105010808
202107030105
202110020409
202102011202
202110020606
202105040104
202107050407
202109030404
202104010207
202106010411
202109020607
202110020803
202110030603
202109050312
202107030109
202107050606
202107030810
202109021101
202103010410
202105040605
202105010407
202110020412
202110040307
202101020211
202104010607
202109050505
202106040406
202110030312
202104050709
202106030804
202109040211
202106020510
202105021105
202104010612
202106040208
202104030102
202106010112
202105030503
202107050207
202107060307
202104020502
202107030307
202107020409
202105020202
202109030107
202105010308
202107020312
202107020604
202106020612
202109040612
202110020209
202104010701
202110010102
202106050604
202104010201
202105030211
202104010106
202110010703
202105020108
202105030812
202105030610
202101020410
202110010210
202102010207
202104030204
202107050406
202109021110
202105010203
202106030108
202101020301
202103010607
202107050805
202102011010
202106050910
202105050606
202103010204
202105010103
202107060304
202106040602
202110040606
202109040702
202101010109
202106040610
202106010808
202109010910
202107040311
202102010909
202107050611
202106040309
202109040503
202104050309
202106010203
202109010105
202105030603
202103010511
202103020104
202107011211
202104010411
202104020507
202109040711
202103020205
202107010502
202107050401
202107010310
202107040409
202109060505
202110040501
202105020902
202103010606
202110040402
202104010505
202101010602
202109040209
202110020702
202102010208
202105040311
202110040804
202109050408
202106050105
202110020609
202110040112
202105050205
202106020305
202104020306
202101010412
202106010104
202105010111
202105050506
202102010205
202105050608
202107020204
202105020704
202105010306
202109050404
202105010112
202107010910
202105020204
202102010307
202104050702
202109020312
202109010411
202106020301
202107060203
202106030204
202109020808
202109011005
202109040611
202105021112
202110010205
202101020202
202105050209
202104050701
202105050511
202110010708
202105040404
202106020803
202109020609
202101010401
202106050605
202106020812
202109060809
202106030401
202107030501
202109030405
202102010802
202109010804
202104040110
202104050708
202107010105
202107050609
202105020809
202109011111
202110020307
202106030801
202102010610
202109050210
202105020310
202110010503
202104050604
202106010712
202107040307
202109040111
202105030302
202103010112
202105020209
202103020605
202105010805
202109020107
202101010207
202107060409
202110020212
202102011105
202109040306
202102010708
202109060502
202109040112
202105040702
202104030611
202107020504
202110010812
202107011205
202101010409
202101010511
202109040204
202104050103
202102010906
202107050510
202107020602
202106030208
202105030210
202106020608
202109010508
202104040304
202104010805
202109040602
202107010104
202109060108
202104050307
202107010208
202106020505
202104030105
202103020101
202103010110
202105050705
202103010205
202110040106
202110030106
202105050805
202110030101
202109021105
202109050502
202106020412
202107030507
202103010411
202101020307
202106020709
202102010304
202106050705
202107050601
202105021204
202109030411
202106030505
202101020610
202104050102
202105040602
202106010706
202109060310
202110040304
202109011211
202109060512
202109020804
202107010212
202104020506
202107050811
202106020302
202102010103
202105040804
202104040506
202105040709
202109030309
202103010502
202105010205
202106040511
202102010102
202105020805
202106050912
202109020604
202105030108
202106040404
202109020205
202105020407
202107050512
202110010408
202103010403
202107050505
202105030806
202109060807
202107010702
202109030311
202107040204
202110040211
202109021012
202101020106
202103020103
202107010407
202107011203
202104040711
202101010310
202103010108
202107010612
202110030311
202106040507
202104030603
202106010604
202104030207
202109010808
202105050207
202105030102
202109050102
202106010303
202106020309
202107020507
202106010510
202106030508
202110010706
202106040509
202101020402
202109021003
202104010409
202104050407
202104020602
202106030404
202110020810
202105020203
202109030203
202104030509
202107030805
202107030811
202109060110
202110020602
202105010508
202105010408
202110020210
202107030711
202110040311
202107040206
202105010509
202105030303
202109040806
202103020601
202109060205
202107040108
202109010707
202109050503
202104030201
202106010101
202109050504
202109020105
202110040708
202109060802
202107030210
202105030811
202104040204
202109060312
202105040204
202105020212
202101010102
202102010310
202104030609
202105050309
202101020804
202109050306
202107030308
202106050205
202106040205
202104010309
202101020806
202109030306
202109030310
202110020203
202101010204
202104050205
202109050510
202109020805
202104020402
202103010207
202110040508
202104050306
202109020507
202104040607
202107010303
202109010203
202101010612
202106020508
202104030508
202107060107
202110030112
202109010805
202103020212
202106050906
202104010408
202106030501
202105030604
202105040701
202110010212
202104020604
202110030404
202104050809
202103020503
202107010703
202110020502
202105020712
202109060206
202105040306
202109020211
202110030609
202107030608
202109060302
202104050202
202104040810
202110020310
202102010303
202103020607
202105030207
202107040306
202110030606
202109011204
202105030307
202107040308
202110040806
202106040705
202107050307
202101020109
202105020510
202104010102
202110020202
202104010809
202104020209
202109040301
202106010511
202109060409
202107050802
202110040809
202104020511
202110030605
202104050606
202105021203
202109050307
202101020304
202101020108
202104050402
202101010609
202105021008
202105050111
202107010503
202106040312
202105050803
202101020205
202110040608
202104020512
202109050605
202107011107
202109060608
202106010612
202105050810
202104030511
202105010109
202105020205
202106040101
202106050209
202104020309
202107050509
202105010309
202104040511
202104050609
202105040610
202102010712
202104050502
202105030203
202109011208
202104040108
202104050706
202106040405
202107030408
202101010208
202109050509
202106020208
202107030509
202109010803
202106010809
202107050311
202109060703
202107010106
202104010103
202106020809
202101020609
202106050501
202109020501
202110030307
202109020508
202104040208
202106020711
202107020408
202106040902
202103020108
202106010403
202101010512
202107011206
202105021206
202104010802
202109040107
202109040811
202105020606
202109020801
202107060301
202103010303
202107050902
202104010405
202105030606
202101020503
202110010804
202103010605
202107050506
202110040109
202106040409
202107020210
202103010404
202110010201
202102010405
202104030503
202104040707
202102011005
202109050211
202102010101
202107050501
202106020202
202105021004
202109060812
202105030104
202104040312
202107010408
202106020804
202102011003
202105050208
202106020408
202103020210
202104020601
202107010211
202109050311
202110030602
202104050605
202106040708
202109010506
202107040411
202104050208
202110020205
202105050104
202104040102
202105050510
202109060709
202106030602
202106010111
202103020111
202102011012
202102011004
202101010105
202101020704
202102010705
202109020101
202102010902
202103020610
202103020511
202104010308
202107050608
202104050310
202110010606
202110020311
202105020901
202105030406
202106010205
202109050105
202107040112
202102010602
202103020106
202107030104
202105010201
202109030201
202107010306
202104040205
202103010609
202106020209
202105050402
202104010501
202105050811
202105020301
202109040109
202105050307
202106010503
202104040401
202106030811
202109040608
202107060405
202105040303
202104010807
202107020509
202105040206
202107030710
202106020103
202110010103
202110010607
202109010601
202109050501
202106050704
202107030508
202105030204
202109040809
202106040111
202110030501
202105021007
202109050812
202106020203
202109010507
202107040403
202101020409
202105021209
202101020705
202103020508
202109050305
202105010501
202109040108
202109010307
202106010508
202101020507
202106020101
202109010703
202106030701
202101010104
202107060401
202109010205
202109010704
202109020104
202101020512
202109010304
202106010603
202105040407
202109040510
202107050810
202109060603
202109010303
202106040206
202105040212
202107020302
202105020107
202109060207
202103020301
202102010510
202109030103
202106040905
202107010706
202106020601
202105030602
202103020102
202106010309
202105010712
202102011107
202103020409
202107040412
202104040705
202107040301
202109010709
202105040102
202106040508
202104040109
202104040104
202109020305
202110040410
202105020110
202110010507
202104030110
202104030402
202107040102
202109010107
202107030407
202105010806
202109050104
202109010402
202109030410
202106030604
202103020304
202107011210
202110030306
202104050509
202109020502
202103020407
202107050906
202109060103
202107060406
202104050104
202107040211
202105040207
202106010109
202109050506
202107050508
202109060408
202106030402
202102010107
202107030712
202109010106
202107050704
202107060508
202109060407
202109011009
202105020410
202110030405
202106020109
202109050609
202102010601
202110020407
202109020610
202106030102
202105010704
202101020703
202105021207
202103010611
202103010602
202110030411
202105050204
202105040606
202107050309
202109060212
202106050504
202107010904
202105021011
202104020205
202107011109
202107020112
202104020307
202104030401
202109020810
202109021007
202110040808
202105021106
202106040105
202107050205
202104040702
202101010406
202110040805
202110030508
202107010301
202104030410
202107050804
202109060908
202105020104
202104050101
202105010707
202104050510
202105050302
202109010109
202106010703
202105010809
202107030405
202106040706
202107010912
202106040212
202109060904
202109011210
202102010607
202107020402
202106040712
202107060209
202110010502
202109050602
202109011004
202107020205
202107010512
202104020409
202102010911
202110040811
202106050108
202106010305
202109020512
202104040703
202110010310
202104030309
202105030506
202103020502
202104040805
202102010106
202105020312
202109021112
202109050808
202104040409
202110020512
202110030110
202109040303
202104050711
202101020310
202109040504
202110010209
202109060902
202109010308
202110020501
202105020605
202105050507
202104010811
202105040507
202105021104
202101020606
202104050209
202104040405
202106030703
202105020905
202109040810
202105020112
202109010806
202105050305
202105050804
202109060402
202104020212
202109040311
202105010108
202104010702
202105030306
202107010311
202104030308
202109020907
202109020506
202106040211
202107030301
202106050706
202110020305
202105010803
202107011111
202105050203
202107040111
202104020609
202107060201
202109040609
202104020203
202110030408
202109050402
202102011106
202104010212
202106050310
202105021201
202107011204
202101020112
202106020609
202106050901
202105040710
202106020110
202102010710
202104050203
202110020405
202105020812
202105021101
202107050312
202110040710
202104020401
202109030209
202109010111
202104040411
202103020408
202109011209
202106040710
202106010211
202109010407
202109060606
202105020507
202106050911
202109060511
202106050611
202106030502
202107030409
202109021202
202105030405
202103010409
202109060504
202109010204
202105040803
202107020611
202103020112
202105050405
202109020406
202109060610
202109020511
202107060302
202105030205
202101020411
202105010302
202104040811
202107050208
202106040306
202104040508
202107010209
202110020610
202103010507
202104020211
202109060711
202104030501
202105040502
202105020909
202106030304
202109020703
202106030104
202107030103
202106040908
202109020111
202105020808
202110030208
202110010608
202107050302
202104030512
202109020504
202109050712
202103010202
202109030110
202102010910
202105030109
202104030108
202107010101
202110030304
202106050802
202104050302
202104050602
202102010808
202106030607
202109030212
202109010905
202109050412
202109021206
202104030407
202109040508
202109040812
202107030207
202110010512
202105010402
202104050204
202105050601
202105020904
202105040312
202105030311
202109020802
202101020810
202107030812
202106030205
202109060701
202104050409
202105050210
202109060204
202109010306
202110040801
202104030606
202107050210
202109040610
202109010305
202107020101
202105030101
202107050402
202109020602
202107060208
202107030606
202106020810
202105040601
202104050410
202105030408
202105010106
202106040606
202110010105
202104050811
202105040106
202109060612
202106030711
202106050712
202107030212
202104010506
202104040303
202106040702
202106010308
202104040604
202109050802
202107050209
202101020603
202105010810
202107010304
202105020601
202106010805
202104040503
202109021009
202106020303
202105021211
202110020306
202104020210
202109030105
202105040412
202110030202
202109040407
202101010312
202106040802
202103020609
202109010908
202109020109
202102011103
202107010411
202109040606
202101020404
202109010811
202105020501
202105050504
202110040201
202104050210
202106020404
202105010505
202105030807
202105030212
202105050102
202106050507
202107020503
202103020411
202109021109
202109010209
202103020312
202106010201
202106010311
202109020701
202109060710
202107060108
202109040603
202106030207
202110040807
202103010310
202110030604
202109010211
202104010609
202106040903
202109020402
202104020102
202106020805
202107010409
202104010507
202105040611
202107010406
202110020705
202106030105
202102010309
202104040809
202104010801
202103010603
202110040703
202106050603
202104010804
202105050607
202107060509
202106030807
202107020307
202107030403
202106030704
202107011105
202109040307
202109040402
202105040805
202109011112
202103010302
202109060403
202110040206
202105030803
202105040711
202109060311
202107020401
202104020110
202105020304
202110010308
202104010202
202106010807
202110020612
202107040406
202109040410
202109050403
202106010512
202107050306
202104050405
202106020607
202102010408
202104010310
202109021107
202106020811
202101020504
202106020705
202109040210
202105050304
202107050806
202104010605
202109050710
202110010705
202109010409
202104050612
202104030208
202104040706
202109021103
202105030601
202104040302
202110010302
202109050301
202109010501
202104020105
202106050101
202105010610
202105030808
202109050804
202110010206
202103020306
202107030806
202104050105
202101020708
202109010608
202110040205
202109060509
202104040601
202107060602
202109050707
202102010905
202109020509
202102010407
202109011012
202107020209
202107050612
202105040511
202106020207
202107050211
202105020305
202109020102
202101010607
202107020303
202104010707
202107060601
202105030412
202105050802
202109020308
202107040312
202102010612
202103010506
202104010107
202107060403
202107050711
202107020203
202102010811
202105040509
202110020207
202105040309
202109040208
202101020710
202107030604
202105010609
202105020302
202109050109
202105040405
202110010711
202110040602
202105030810
202109021104
202110030203
202105050809
202110020811
202103020310
202104040112
202103020505
202105050202
202105030409
202104030212
202102011208
202104040510
202103010201
202107011001
202109020608
202109011105
202109040601
202109020902
202101010112
202103020410
202105010208
202101010210
202109010802
202106040811
202105050112
202106010509
202109060112
202109020707
202105010207
202106020108
202109010108
202107040305
202104020605
202104010109
202110010612
202106050708
202104010608
202101010404
202110040612
202107060610
202102010704
202104010704
202104010304
202109040704
202107060504
202103020207
202107060503
202106020201
202104040107
202107040212
202107030506
202109020606
202104030206
202105030608
202110010312
202101010503
202107040103
202109060208
202107030704
202105030404
202102011211
202110040212
202104030403
202101020303
202107020610
202109010809
202107020212
202103010103
202107010807
202107060205
202107040203
202104010705
202106040403
202106040402
202107050909
202107030107
202109040312
202106030405
202109060605
202106030606
202107010404
202109060903
202107060312
202106010209
202110020112
202109040708
202107010610
202107020108
202109050111
202110010603
202102010312
202105040110
202105010611
202106020406
202110040701
202106050701
202107010508
202109010104
202107040303
202103020602
202104050403
202105040503
202107010808
202101010407
202109020708
202104030404
202110040702
202105021102
202106050110
202109030312
202110020611
202109020411
202109060702
202103010209
202104010306
202110020708
202106030407
202110030412
202110020806
202110020211
202109020309
202109021207
202104020206
202106010711
202110020109
202109010711
202104020101
202110030503
202101020401
202107050503
202103020402
202106040107
202106010404
202109010103
202109010603
202103020512
202105010811
202106030806
202107040202
202102010305
202106040110
202104040605
202104050802
202106030611
202107050801
202107011212
202107030803
202106020708
202107030111
202110040704
202106020310
202105050105
202101010606
202106040806
202106040709
202109020408
202103020507
202109040305
202101010206
202109010207
202102010311
202106020107
202105021111
202106020112
202102011111
202109020209
202110040302
202109060806
202106050109
202106050309
202105010507
202109020908
202106010307
202109020201
202107060410
202110020605
202106020407
202109050205
202104020403
202109020301
202105030206
202110040309
202109021108
202101020505
202105020504
202110030402
202110020805
202101010509
202106010812
202107020511
202106030403
202109020403
202107050703
202105040703
202107030709
202104050308
202110040404
202106020503
202105020903
202104030202
202109060808
202107030312
202101020203
202107020201
202109011106
202106040604
202106040308
202109050206
202106040701
202110010508
202106050106
202107060311
202105010312
202102010212
202107010511
202106010701
202106040412
202107030310
202105040811
202107011108
202103020209
202106030210
202109020401
202105040307
202109021205
202103020302
202107010601
202109020208
202105040609
202105050406
202106030710
202101010506
202105020303
202102011205
202104040709
202109030304
202103010601
202109040801
202106050512
202106010710
202109010401
202110040512
202104050304
202106040809
202110030302
202107010112
202101010309
202105010210
202106020605
202102010401
202107010210
202105040812
202107050504
202106050301
202103010412
202107040402
202109021212
202106020308
202105020603
202107060310
202107060612
202106030303
202109040605
202109030106
202107060202
202106030509
202103020404
202107020305
202109020901
202105010110
202104040207
202109030307
202110010410
202109020304
202102010412
202107050705
202109040512
202105010401
202109060101
202106050803
202109020911
202106040408
202105030512
202107010401
202109050303
202106020210
202107030206
202104040211
202107010108
202106050308
202102010206
202107020510
202106030601
202109050207
202107020105
202106020307
202104030612
202109050208
202105050211
202110010604
202110020601
202110040301
202101020501
202107030701
202106050207
202107011007
202107020601
202106010409
202106050302
202109021102
202107050511
202104030406
202107060510
202105030711
202106050508
202104050111
202104020412
202104020112
202105050808
202106030103
202102011006
202101020102
202105040704
202102010608
202105040211
202109011010
202104040509
202104010204
202107030511
202107020111
202105020102
202110010104
202110020302
202107050103
202102011001
202105020404
202109050106
202109060805
202102010501
202106010301
202104040807
202105020602
202110040707
202109010606
202110020703
202109040401
202102011207
202109011202
202105030707
202104020311
202109060803
202110030612
202109021204
202109060111
202109010901
202103010206
202110010601
202109010102
202110040802
202110030211
202101020807
202110020507
202104020410
202104050112
202107040107
202109060107
202107050110
202106030808
202106050206
202109020904
202105040708
202109010212
202102010511
202105050512
202104040710
202106050311
202102011209
202109040705
202106020402
202109020306
202106020807
202101020506
202109010903
202105020405
202105040802
202102010604
202105040310
202103020303
202104020503
202105030305
202102011206
202106020311
202109050805
202109010801
202107050106
202102010411
202105010801
202107060305
202106010504
202106020403
202101020604
202106020102
202105010812
202101020107
202101020709
202107060604
202107020403
202107010812
202107030510
202110010704
202107060101
202106030106
202104010108
202110040510
202105040302
202106050807
202106030705
202106010708
202107010811
202105040210
202103020510
202109040206
202109040703
202105050706
202102010504
202105021202
202105050303
202110020204
202104030408
202107040310
202107010603
202106050602
202106020603
202110010208
202109011008
202101010501
202104020204
202109020603
202107030702
202107010607
202109060306
202109060611
202107050602
202104040106
202107050409
202105021003
202105010711
202105020409
202107050303
202103020403
202105030410
202109020611
202109010408
202101010201
202103010311
202110020105
202109050309
202103010503
202107020308
202104050712
202107060507
202101010610
202104040202
202106020204
202105050312
202107010803
202110020509
202106030605
202109020710
202103010210
202102011109
202101020405
202109040509
202105050108
202101020702
202106010501
202110010712
202106010106
202109020601
202105030510
202107010405
202110010301
202107010801
202107010911
202106020707
202105020609
202103010406
202110040405
202109020112
202109030406
202110020807
202105021109
202104050311
202103010505
202107010701
202109021211
202105030208
202110010806
202103020204
202109050201
202104020406
202104050412
202107050809
202104050305
202107010312
202103020509
202104010403
202107030502
202109020207
202101010303
202109030102
202106050204
202101010205
202103020307
202109011104
202102010111
202109060810
202107060106
202105010705
202107030807
202104010407
202105030310
202106040808
202110020506
202109040207
202110020607
202110030201
202102010609
202106010610
202106030709
202107050111
202105040209
202103010405
202102011108
202106030206
202104010210
202109050212
202107050912
202103020611
202109020605
202107011002
202109050612
202105020708
202109030204
202107040105
202105010804
202109011002
202107030304
202106050306
202109040411
202104010808
202107020309
202105010703
202109020410
202103010504
202109060404
202107011202
202106020312
202104010706
202107030605
202105040112
202106040505
202102010605
202101010402
202109060201
202104040311
202106040703
202104020201
202109010906
202105020211
202109021106
202103010109
202104010110
202107050202
202101020511
202105010204
202110040803
202105040406
202106010507
202109050112
202106050710
202109060801
202109011205
202103010306
202110040506
202107050206
202106040506
202109010202
202110040204
202103010608
202109060303
202109060406
202104010710
202106040804
202110020706
202101020104
202101020802
202107050102
202105050604
202104040808
202104010712
202102010110
202107011209
202109060109
202107050411
202105010307
202109021208
202106050505
202103010111
202110030403
202104050610
202109010505
202104050505
202107030505
202106020106
202104050401
202106020304
202109040302
202107020412
202104050607
202109020811
202109010907
202105030107
202105021107
202109050810
202104010803
202101010508
202107010302
202109020712
202109050708
202106010406
202101020212
202103010312
202109040101
202101010101
202102010505
202105040810
202106040608
202109040404
202102010109
202105050712
202106010405
202110010311
202104040309
202104040408
202104020407
202107060611
202106030708
202105040604
202105050602
202110020701
202110010111
202107030205
202106010108
202105040403
202102010104
202107050911
202109021005
202101020809
202104040307
202106020703
202105050505
202107030609
202102010410
202104040812
202106040301
202109040807
202105020401
202103020412
202107011112
202104010208
202104010810
202104030301
202107030306
202110010809
202107030610
202107020301
202110010211
202106050403
202110020508
202107030706
202106010802
202102011210
202104020308
202110040108
202107011004
202105020509
202106010806
202107030412
202107030708
202110020712
202101010107
202102011011
202102010409
202105010702
202110040208
202105050605
202107060607
202107011012
202110020410
202109011007
202109010502
202103020406
202101020201
202107011102
202106040303
202109040712
202107010909
202107011104
202109060501
202110010112
202110030512
202109060410
202109040710
202106010304
202107050305
202105040105
202106030812
202105040712
202101020208
202101020312
202107060411
202107030203
202106010709
202107030804
202106010212
202109020204
202106020410
202109010710
202107040405
202109060609
202107010202
202109050601
202105010411
202105021210
202104030604
202110040310
202106040401
202105030709
202105040409
202106040201
202106040704
202107010308
202109020503
202110010405
202109021006
202110040105
202109040105
202101020808
202109040506
202104030504
202107020608
202106050808
202109040501
202104040712
202105030112
202106050905
202110020404
202105030401
202110010807
202109060106
202107030612
202105010209
202105010606
202106020610
202110030303
202105010412
202106040807
202106050607
202104020305
202104040111
202104020501
202106040411
202105030301
202106010207
202107060502
202107010412
202106020206
202106040609
202107050507
202107020407
202103010610
202104050411
202104020111
202104030104
202104050109
202105021001
202107030101
202106050805
202109010404
202105050709
202106040909
202107010501
202104050705
202104030103
202107010704
202109040802
202104020107
202105030809
202106050304
202110020802
202105040401
202104040502
202106050211
202109010708
202107010305
202104020103
202107050702
202107050607
202104050812
202106040108
202104040103
202109010712
202109021001
202109060506
202110020301
202109040201
202105050711
202107020310
202107060412
202109060905
202105040410
202109060203
202109020812
202110030104
202105030802
202105040612
202107010205
202105010807
202109050703
202105010602
202107010506
202106010609
202106020105
202106030202
202109020505
202106020502
202105021108
202102010706
202105020710
202104050611
202104010511
202106020604
202105020109
202104050106
202109040511
202107010505
202110030209
202110040110
202109020203
202107050710
202109030112
202109020711
202106010302
202103010309
202103010307
202110010509
202107030512
202106030510
202110020808
202102010805
202104030510
202110020608
202106050404
202104030607
202109050702
202106030409
202103010508
202105040808
202107010902
202109020807
202105021005
202109040309
202104040310
202110040305
202110010309
202109020705
202106010412
202110040102
202110040810
202104040407
202104010301
202107060605
202106030301
202110040509
202102011002
202109060507
202104040610
202109050411
202105021006
202101010111
202101020311
202101010408
202107060308
202102010907
202105040501
202104010111
202105030706
202104030608
202104010205
202103010301
202104050312
202107020505
202109020311
202105040504
202109030205
202107050603
202110040111
202102010209
202107010711
202104010302
202107020102
202105010406
202107030110
202109040412
202109050405
202107060110
202107040304
202103010512
202104030412
202110040603
202106050104
202107060407
202105010608
202106050408
202110040611
202109030412
202110040210
202107050301
202103020109
202107060511
202104050707
202106010402
202104010312
202106020501
202109040403
202107050610
202101010202
202106010602
202107030202
202110010304
202105050707
202109030108
202105050308
202103020201
202107011208
202105020703
202101010505
202107020206
202105020309
202107030802
202110020101
202105020810
202109060209
202107010908
202109050108
202106020511
202105050201
202109010706
202106050111
202104050404
202104010307
202109021011
202105020210
202109010810
202105010304
202106020504
202104050804
202101020105
202110040706
202106040907
202105020502
202101010601
202107010109
202110030109
202105010605
202110020406
202105030505
202109021008
202110020809
202109040203
202107060402
202102010908
202109040405
202106030707
202109050302
202110010810
202104030312
202102010402
202107050310
202104010508
202101010211
202107010604
202106030305
202105040608
202110040705
202104050506
202106040910
202109030211
202104030405
202107050808
202103010212
202107050204
202107060501
202105030801
202109050202
202102010108
202103020603
202105010604
202109030207
202110020108
202109010607
202106050307
202107030607
202106030504
202104040412
202106030311
202109011006
202104040201
202106040407
202105050603
202104020404
202107050803
202106040302
202107030503
202109011107
202107050212
202109040308
202104050803
202106050406
202101020408
202109050409
202107060506
202104040306
202110020201
202106030603
202104010709
202109011109
202107030406
202110040409
202107050605
202102010301
202104040301
202106020602
202105050106
202106010407
202106020212
202107010111
202101020204
202109060607
202105030705
202110010110
202106050804
202109010504
202106030209
202109021004
202107030303
202106010306
202107010611
202104040404
202109040408
202110010707
202103020110
202109040102
202102010509
202109030303
202109010511
202103020105
202107050907
202105040305
202110010412
202104050108
202110040401
202104050303
202105010211
202101020601
202105050801
202102010211
202104040802
202106010607
202105010105
202105040402
202107050708
202107050108
202110010504
202105030103
202101020712
202105050101
202107060204
202105010212
202102010302
202102010403
202102010803
202104030211
202105030804
202106030810
202106050410
202109010609
202107020107
202106050702
202103010604
202107011106
202110030608
202107020406
202106020802
202109020407
202106030512
202105010612
202110030504
202106020509
202107010901
202101010110
202106030609
202109040202
202105040603
202109011101
202106040504
202110030410
202110010701
202106020606
202107010907
202109050209
202110040411
202110040203
202109040103
202107010810
202106010506
202110010510
202105030411
202102010508
202101010510
202109060804
202109020310
202107060102
202109010509
202109011212
202109040607
202105050609
202105050612
202104010602
202109011108
202106010310
202105020408
202107060109
202105040107
202109021201
202106010505
202109050803
202106010105
202103020309
202105050501
202107010201
202104020207
202105040806
202109060405
202107010905
202106030312
202109020903
202101020805
202105010512
202104040507
202109040205
202110040503
202104030101
202107030305
202110010306
202105050110
202109010611
202104050206
202102010406
202106030110
202105020412
202109060401
202109060604
202110010303
202102010801
202109010807
202101010308
202109050705
202107020202
202109050103
202110010605
202107010712
202101020101
202110040505
202106050210
202109020709
202110020103
202106030507
202110040511
202105020907
202106050909
202101010209
202104050512
202109010610
202107050408
202110020206
202104030209
202107030208
202109020803
202101010108
202107050410
202107010802
202105010504
202104010203
202101020509
202110040812
202107020306
202106030612
202109060602
202109011011
202101020510
202107010507
202106050212
202104020106
202107040104
202109050308
202105030708
202106050811
202107040207
202109060911
202107010204
202104010610
202105030201
202104050212
202107020104
202109050107
202107040404
202107060111
202110020510
202106050102
202107030611
202107060212
202102010210
202104050211
202105021010
202107030707
202106010107
202109020412
202106010502
202109010904
202106050503
202104040701
202110040303
202106050502
202106010103
202109020905
202105021009
202105050704
202109020704
202109050507
202103010211
202104010305
202102011102
202106040603
202101010605
202104020607
202105050611
202106050303
202104010412
202105030701
202101010203
202106040707
202102010810
202109010512
202101020611
202106040906
202105040809
202104040708
202104040210
202106050407
202105020707
202110020503
202105050806
202110030207
202102010204
202105050404
202101020605
202105020503
202101020612
202104030302
202106010401
202106020801
202107010203
202101010608
202105020402
202102010308
202110010106
202109050709
202110020411
202107050812
202106010705
202105021002
202104010504
202106020512
202110030511
202109011207
202105010404
202104040606
202107060306
202109040804
202109020303
202103010408
202104030203
202109060102
202106050402
202110030206
202109030409
202107010509
202107050308
202104040603
202110040408
202104050408
202105050109
202110020304
202105020403
202102010404
202109010912
202109060912
202106030802
202104020405
202104030210
202110040609
202106050606
202106040204
202109060907
202105020803
202104030112
202102010703
202110040507
202101020706
202105010403
202106040611
202105050812
202103020401
202107030401
202102011201
202102011110
202109050801
202106040209
202106050401
202109060910
202107030404
202104050301
202105020709
202104040105
202104010303
202107040410
202106050409
202110030305
202107020110
202109060503
202103010208
202106050709
202107030402
202110040306
202109040505
202106040410
202109060304
202110040709
202106040106
202106040102
202109050101
202101020811
202107020612
202105050703
202105020702
202109040110
202103010102
202104030601
202105010305
202107050112
202104050704
202101010311
202107020501
202107060606
202107030801
202106050203
202109040701
202109020108
202109030208
202106030211
202106030309
202107020506
202107030703
202105030605
202110030212
202107040302
202106030307
202107050304
202106010210
202107010707
202106020808
202105050502
202110020711
202104050603
202107050701
202109010605
202106050405
202105030712
202107011009
202107010708
202104040101
202109021111
202102010702
202107020211
202104040305
202110020801
202103020206
202104010406
202110030105
202104040504
202106040307
202101020111
202109060508
202106050312
202109020212
202107020512
202104040609
202110010611
202110010101
202109020110
202103010308
202102011112
202110010609
202110030502
202103010501
202105040304
202105010510
202102010603
202104030106
202106020706
202104010812
202103020208
202109010812
202109040803
202101010301
202101020412
202106030408
202101020210
202106010312
202109010602
202105030710
202106020704
202107010705
202101020308
202104010708
202105030511
202109020404
202105010409
202106010206
202106020701
202106010804
202107020508
202109020409
202107011110
202109010403
202110010811
202104050806
202110010505
202105020807
202109060811
202106020611
202104010611
202110040502
202106050412
202107011101
202106020411
202105050311
202104010311
202109050610
202109040104
202106020205
202109040507
202109060601
202107060104
202102011008
202110040403
202105010511
202104030505
202104040505
202106030412
202109050203
202104040402
202107050101
202110010805
202107010510
202104040806
202105020307
202110010702
202107020311
202107010309
202110030506
202102010701
202109050508
202105030805
202101020306
202105020101
202109050608
202110020102
202101010212
202105040103
202107060608
202109060309
202107030808
202104050805
202101010103
202105020802
202104050504
202106020712
202109050704
202107020411
202106040207
202105050409
202106040304
202109030302
202103010407
202106030803
202107010805
202104020302
202109030401
202104010503
202109010101
202105020908
202102010606
202104030109
202110040308
202104020611
202107050104
202107010606
202109050410
202110030301
202109060411
202107030311
202104040203
202107030411
202103010106
202110030406
202107020109
202109030210
202109020103
202105010102
202109050304
202106010803
202102010709
202105020201
202110040209
202104010402
202101010604
202101020803
202105040512
202104010606
202109020307
202109040808
202104020606
202105050103
202109011003
202106020702
202105020607
202105021110
202101020209
202107050604
202107060603
202106020806
202107060112
202109020206
202109010201
202110010107
202110040607
202107011201
202101010306
202105010708
202102010306
202107040106
202110010602
202105040202
202104020301
202106050711
202104020505
202102011007
202106050904
202104020508
202104050808
202109050606
202105010107
202105040408
202109010705
202109060301
202107011010
202110010403
202103020405
202104020510
202105020306
202104010401
202109020809
202106030302
202107050403
202110010409
202110010511
202102011212
202105010104
202104010510
202109010302
202101020110
202110030401
202109030202
202110040711
202105050206
202106030308
202103020504
202105030202
202101020302
202105050508
202107040101
202109040409
202106010611
202105030508
202104030602
202105020511
202110040412
202109020702
202107030410
202103020211
202103020606
202109060412
202101020407
202101020608
202106040805
202105050407
202107010806
202102010507
202110020308
202102010201
202109060707
202106020306
202107040205
202102011104
202102010707
202110030507
202106030410
202109030403
202109050511
202104050608
202107020607
202109011201
202105020801
202104050810
202105040203
202110010803
202101020305
202106040607
202107060211
202105020701
202110040207
202106030212
202106030411
202110030111
202109010702
202102010812
202110040101
202105020308
202109010604
202106030101
202104020504
202102010711
202106050601
202106040501
202106030706
202106040904
202109020202
202106030107
202104040501
202106040104
202109050809
202110020408
202105020910
202105010502
202104050801
202106010707
202105010206
202107030504
202107010307
202106030109